0.00846648
0.00879312
0.00669861
0.00699782
0.00740147
0.00645304
0.00653696
0.00670075
0.00608873
0.00689554
0.00668192
0.00592136
0.00786781
0.00662804
0.00658846
0.00607443
0.00691152
0.00674295
0.00663233
0.00601768
0.00683355
0.00998187
0.00664973
0.00740027
0.00681901
0.00720811
0.00665236
0.00605679
0.00546551
0.00573039
0.00554347
0.00536513
0.00585103
0.00573516
0.00534034
0.00628281
0.00583935
0.00613666
0.00518346
0.00511503
0.00602388
0.00535011
0.00493264
0.00523925
0.00662303
0.00517654
0.00502014
0.00615835
0.00588417
0.00509572
0.00548577
0.00603580
0.00509596
0.00579619
0.00508070
0.00515604
0.00559306
0.00510240
0.00500584
0.00566554
0.00540662
0.00493884
0.00562239
0.00504422
0.00505233
0.00530529
0.00499344
0.00566459
0.00547695
0.00503516
0.00516963
0.00491953
0.00510049
0.00498748
0.00498009
0.00540638
0.00561380
0.00510144
0.00539422
0.00522375
0.00520515
0.00558996
0.00542402
0.00545049
0.00581336
0.00547409
0.00503540
0.00550914
0.00550961
0.00504661
0.00518966
0.00547194
0.00545549
0.00565457
0.00506735
0.00545382
0.00544834
0.00558305
0.00548148
0.00486851
0.00565481
0.00548816
0.00511003
0.00558925
0.00505257
0.00550127
0.00534105
0.00552249
0.00495768
0.00582242
0.00552964
0.00507617
0.00610805
0.00567174
0.00500464
0.00543284
0.00500154
0.00502157
0.00552773
0.00502515
0.00563025
0.00567889
0.00497961
0.00496554
0.00518274
0.00505996
0.00501251
0.00545025
0.00607705
0.00540543
0.00502539
0.00573778
0.00533915
0.00512719
0.00540781
0.00517011
0.00500941
0.00507593
0.00510216
0.00576997
0.00550771
0.00501418
0.00538301
0.00497556
0.00516629
0.00499272
0.00487137
0.00579715
0.00528502
0.00501180
0.00542068
0.00489712
0.00500941
0.00525618
0.00495982
0.00492978
0.00485778
0.00510883
0.00518799
0.00501347
0.00620770
0.00544167
0.00494981
0.00567007
0.00516725
0.00495124
0.00520635
0.00598407
0.00517821
0.00568414
0.00565577
0.00573516
0.00543690
0.00531745
0.00502205
0.00523877
0.00502157
0.00551844
0.00527334
0.00517440
0.00563145
0.00530863
0.00514293
0.00508356
0.00501323
0.00556612
0.00530386
0.00707817
0.00624013
0.00516677
0.00544930
0.00532794
0.00504041
0.00526524
0.00493836
0.00531626
0.00546098
0.00498271
0.00544643
0.00559831
0.00501275
0.00488687
0.00485420
0.00554609
0.00501752
0.00503516
0.00571823
0.00538659
0.00521064
0.00575709
0.00537920
0.00494266
0.00557280
0.00723052
0.00504684
0.00536680
0.00563550
0.00505948
0.00492024
0.00495172
0.00520968
0.00551891
0.00501037
0.00578833
0.00515556
0.00508237
0.00540137
0.00557065
0.00694752
0.00586987
0.00589252
0.00569654
0.00564051
0.00551820
0.00495911
0.00506377
0.00541854
0.00511408
0.00541353
0.00531697
0.00571465
0.00599575
0.00525880
0.00593758
0.00530457
0.00547361
0.00526118
0.00604105
0.00515938
0.00557017
0.00543404
0.00519419
0.00581884
0.00526762
0.00496674
0.00506091
0.00488734
0.00614643
0.00561929
0.00496721
0.00502181
0.00599360
0.00522852
0.00504422
0.00488329
0.00511813
0.00603008
0.00511575
0.00492740
0.00624704
0.00543547
0.00501633
0.00551772
0.00502801
0.00499964
0.00508142
0.00499225
0.00530291
0.00548959
0.00505877
0.00495601
0.00521827
0.00495410
0.00492764
0.00490355
0.00507522
0.00538421
0.00521302
0.00534248
0.00522900
0.00517726
0.00502515
0.00499201
0.00525260
0.00530076
0.00531840
0.00535250
0.00494552
0.00531530
0.00507569
0.00493360
0.00578332
0.00545120
0.00492311
0.00560284
0.00493240
0.00502849
0.00512052
0.00494933
0.00559807
0.00545740
0.00501180
0.00501680
0.00499845
0.00514269
0.00504875
0.00492907
0.00561190
0.00532007
0.00505257
0.00584745
0.00559020
0.00495696
0.00531745
0.00569034
0.00504851
0.00538635
0.00522637
0.00517416
0.00545502
0.00493145
0.00536752
0.00516868
0.00500679
0.00535750
0.00577760
0.00492454
0.00543094
0.00573063
0.00522995
0.00527382
0.00531459
0.00529361
0.00584173
0.00548315
0.00511169
0.00627995
0.00539374
0.00526547
0.00504875
0.00538659
0.00514817
0.00498176
0.00503182
0.00544238
0.00535679
0.00503778
0.00549030
0.00551510
0.00535154
0.00565743
0.00511336
0.00494027
0.00544715
0.00535989
0.00498915
0.00548410
0.00528622
0.00515127
0.00575900
0.00969768
0.00613570
0.00665689
0.00656366
0.00583339
0.00501251
0.00638556
0.00565577
0.00499320
0.00586057
0.00581408
0.00498343
0.00558209
0.00549102
0.00508714
0.00536394
0.00522923
0.00501323
0.00514650
0.00502634
0.00570488
0.00553846
0.00504923
0.00526261
0.00494504
0.00510859
0.00523305
0.00556445
0.00528169
0.00526953
0.00505257
0.00559592
0.00563622
0.00502610
0.00554371
0.00599313
0.00515485
0.00554371
0.00533772
0.00568581
0.00569105
0.00542116
0.00491643
0.00704193
0.00573158
0.00501633
0.00564480
0.00565076
0.00511122
0.00592017
0.00533581
0.00538135
0.00598550
0.00538421
0.00500321
0.00592875
0.00537252
0.00507641
0.00639176
0.00555515
0.00492024
0.00564599
0.00556350
0.00728464
0.00542641
0.00794363
0.00619507
0.00591564
0.00542116
0.00613904
0.00520325
0.00511694
0.00504565
0.00538564
0.00500584
0.00539494
0.00515628
0.00542259
0.00517368
0.00536466
0.00558114
0.00543404
0.00529695
0.00566864
0.00527430
0.00535655
0.00490379
0.00573039
0.00542998
0.00536394
0.00498962
0.00614285
0.00507689
0.00512838
0.00558257
0.00516081
0.00496912
0.00613332
0.00537777
0.00553393
0.00507236
0.00509262
0.00546622
0.00545883
0.00494361
0.00490165
0.00635791
0.00533843
0.00496411
0.00556135
0.00553107
0.00496197
0.00560832
0.00528860
0.00505996
0.00510979
0.00501657
0.00560355
0.00496221
0.00508618
0.00579882
0.00528932
0.00509143
0.00514388
0.00535011
0.00533605
0.00635886
0.00539827
0.00524640
0.00594568
0.00555634
0.00561976
0.00488973
0.00553560
0.00536871
0.00529575
0.00495076
0.00606561
0.00500631
0.00497913
0.00548077
0.00534844
0.00496435
0.00574446
0.00540709
0.00599575
0.00690770
0.00565863
0.00518584
0.00643873
0.00528860
0.00514913
0.00656748
0.00598025
0.00520134
0.00570250
0.00561166
0.00516295
0.00553417
0.00526547
0.00500774
0.00620699
0.00548840
0.00532603
0.00597715
0.00555134
0.00540352
0.00620651
0.00563121
0.00544310
0.00617146
0.00574207
0.00531340
0.00601101
0.00514889
0.00628614
0.00588465
0.00523829
0.00505853
0.00628209
0.00522614
0.00526619
0.00581717
0.00563979
0.00536084
0.00599575
0.00512838
0.00521827
0.00769496
0.00557661
0.00514007
0.00605559
0.00567341
0.00540257
0.00566292
0.00610304
0.00533175
0.00600600
0.00549483
0.00529432
0.00582004
0.00536680
0.00531101
0.00571799
0.00534630
0.00555992
0.00617957
0.00630474
0.00522161
0.00589323
0.00528908
0.00567007
0.00559068
0.00513864
0.00528908
0.00616670
0.00521851
0.00593615
0.00593424
0.00513148
0.00500131
0.00612974
0.00491166
0.00498271
0.00586724
0.00516582
0.00502849
0.00532055
0.00530767
0.00600219
0.00630903
0.00536489
0.00495148
0.00633430
0.00505781
0.00552320
0.00539160
0.00520182
0.00541115
0.00492525
0.00517178
0.00576878
0.00510788
0.00506353
0.00624084
0.00514150
0.00502992
0.00543261
0.00588632
0.00523162
0.00504780
0.00492167
0.00555134
0.00532174
0.00500035
0.00567603
0.00501609
0.00503969
0.00549054
0.00536895
0.00544500
0.00556159
0.00495934
0.00579381
0.00497460
0.00517917
0.00567269
0.00518894
0.00497532
0.00567341
0.00524998
0.00509906
0.00616336
0.00528669
0.00504088
0.00558805
0.00537086
0.00607443
0.00505948
0.00497150
0.00614834
0.00549436
0.00497699
0.00546670
0.00518727
0.00515532
0.00579810
0.00536442
0.00515246
0.00658011
0.00532508
0.00509381
0.00687528
0.00548935
0.00524473
0.00541782
0.00562930
0.00504899
0.00571895
0.00541735
0.00553131
0.00534606
0.00506330
0.00550985
0.00500846
0.00499988
0.00501180
0.00533247
0.00563836
0.00536966
0.00491858
0.00554872
0.00494766
0.00499392
0.00570035
0.00530052
0.00494766
0.00565886
0.00497460
0.00551391
0.00982738
0.00667739
0.00660229
0.00614548
0.00596285
0.00512981
0.00547338
0.00837779
0.00593472
0.00602341
0.00587440
0.00503087
0.00597858
0.00528264
0.00498295
0.00554967
0.00563455
0.00499439
0.00615859
0.00552320
0.00502992
0.00575829
0.00624418
0.00500226
0.00560594
0.00529456
0.00510859
0.00548601
0.00542188
0.00579977
0.00603294
0.00548673
0.00499725
0.00558782
0.00569057
