0.00541258
0.00555468
0.00482368
0.00494695
0.00576019
0.00488830
0.00501990
0.00544977
0.00513911
0.00520396
0.00551486
0.00477195
0.00508642
0.00557113
0.00487947
0.00483632
0.00625896
0.00557303
0.00537729
0.00528955
0.00592446
0.00536251
0.00496674
0.00525022
0.00553513
0.00490141
0.00497794
0.00539875
0.00516629
0.00551343
0.00547600
0.00498533
0.00624132
0.00492024
0.00483584
0.00533628
0.00519681
0.00500655
0.00545573
0.00575161
0.00515556
0.00555944
0.00503850
0.00595284
0.00511599
0.00501728
0.00526094
0.00538182
0.00559187
0.00553727
0.00542665
0.00551653
0.00541401
0.00502491
0.00555396
0.00546575
0.00497937
0.00578856
0.00548506
0.00511503
0.00570726
0.00548267
0.00533676
0.00591707
0.00552583
0.00532985
0.00580168
0.00524735
0.00498390
0.00625062
0.00559449
0.00486040
0.00578809
0.00506639
0.00544477
0.00562334
0.00536299
0.00529552
0.00509667
0.00496697
0.00566125
0.00541568
0.00491452
0.00489259
0.00584674
0.00500846
0.00500870
0.00565267
0.00523567
0.00525880
0.00578833
0.00496507
0.00498962
0.00612092
0.00530887
0.00507712
0.00557804
0.00515008
0.00498676
0.00558901
0.00518656
0.00502133
0.00594449
0.00539589
0.00861001
0.00609446
0.00667143
0.00551033
0.00591588
0.00500345
0.00537992
0.00516343
0.00512052
0.00549626
0.00495386
0.00541997
0.00545621
0.00489116
0.00559878
0.00586629
0.00541401
0.00487900
0.00515461
0.00507402
0.00488329
0.00543165
0.00494552
0.00490236
0.00548673
0.00492907
0.00487232
0.00587821
0.00487518
0.00506806
0.00538445
0.00508356
0.00503922
0.00562906
0.00545621
0.00492883
0.00544620
0.00561309
