0.00750995
0.00548458
0.00515890
0.00664234
0.00530219
0.00533152
0.00583220
0.00571752
0.00501704
0.00598741
0.00561953
0.00509739
0.00562215
0.00508666
0.00540209
0.00545692
0.00511789
0.00513983
0.00503922
0.00532794
0.00551128
0.00514579
0.00553417
0.00582480
0.00525737
0.00632620
0.00582147
0.00514555
0.00572610
0.00581837
0.00522733
0.00509310
0.00533652
0.00546193
0.00521255
0.00573492
0.00542855
0.00548911
0.00522733
0.00553966
0.00579333
0.00513840
0.00569654
0.00565028
0.00593567
0.00530362
0.00511360
0.00559664
0.00525951
0.00525403
0.00554919
0.00547814
0.00544310
0.00600386
0.00550151
0.00499153
0.00613856
0.00587153
0.00504804
0.00592375
0.00540519
0.00858808
0.00548458
0.00540924
0.00501013
0.00576091
0.00521755
0.00515199
0.00534105
0.00499082
0.00573826
0.00560117
0.00511742
0.00514460
0.00520849
0.00541878
0.00541234
0.00500917
0.00580502
0.00561643
0.00503469
0.00560832
0.00649714
0.00505543
0.00572896
0.01163554
0.00780463
0.00717235
0.00590563
0.00592899
0.00573182
0.00538778
0.00549984
0.00542688
0.00544500
0.00578284
0.00503206
0.00560331
0.00554776
