0.00639653
0.00609660
0.00515366
0.00507164
0.00488973
0.00695515
0.00578070
0.00580072
0.00524807
0.00495791
0.00566101
0.00543094
0.00498819
0.00540543
0.00534129
0.00496697
0.00494480
0.00516224
0.00504875
0.00478196
0.00521398
0.00495839
0.00487971
0.00547719
0.00526094
0.00519395
0.00489902
0.00488591
0.00500941
0.00533628
0.00569344
0.00518632
0.00957966
0.00647616
0.00521207
0.00495267
0.00517011
0.00517964
0.00503564
0.00534678
0.00484991
0.00507784
0.00526404
0.00492358
0.00491238
0.00486517
0.00491691
0.00486660
0.00512004
0.00484538
0.00487471
0.00521874
0.00535846
0.00546432
0.00565052
0.00527525
0.00506449
0.00575590
0.00545955
0.00522351
0.00506687
0.00559139
0.00530171
0.00535750
0.00512862
0.00482392
0.00482559
0.00576806
0.00488615
0.00544596
0.00547409
0.00542331
0.00523067
0.00482869
0.00485539
0.00562763
0.00520802
0.00492144
0.00539422
0.00544262
0.00489569
0.00541043
0.00481439
0.00525904
0.00516152
0.00483632
0.00604773
0.00554585
0.00487733
0.00606823
0.00606990
0.00487280
0.00520468
0.00485444
0.00570750
0.00558281
0.00487113
0.00526214
0.00526667
0.00517797
0.00496078
0.00496960
0.00551724
0.00529599
0.00490499
0.00495887
0.00514650
0.00519562
0.00533319
0.00491261
0.00525975
0.00487518
0.00518847
0.00497723
0.00478530
0.00533342
0.00485563
0.00534773
0.00543022
0.00485516
0.00535059
0.00490499
0.00578594
0.00763512
0.00551915
0.00519300
0.00523806
0.00551009
0.00486445
0.00591063
0.00498271
0.00519323
0.00534821
0.00524068
0.00548530
0.00480819
0.00517535
0.00520444
0.00484490
0.00484204
0.00484896
0.00530815
0.00509095
0.00509930
0.00575066
0.00511336
0.00575852
0.00522566
0.00481343
0.00547647
0.00523019
0.00515747
0.00528789
0.00556660
0.00549459
0.00482583
0.00521708
0.00527453
0.00509667
0.00524330
0.00477457
0.00512242
0.00558281
0.00496030
0.00558043
0.00480556
0.00567412
0.00507951
0.00553465
0.00534248
0.00522709
0.00526953
0.00485969
0.00486279
0.00536370
0.00808501
0.00665975
0.00562334
0.00599551
0.00849032
0.00588679
0.00561976
0.00488496
0.00591159
0.00479198
0.00519872
0.00495100
0.00490808
0.00552154
0.00533962
0.00481534
0.00672603
0.00529408
0.00484920
0.00590181
0.00483608
0.00519466
0.00521421
0.00572658
0.00529695
0.00565529
0.00484443
0.00581408
0.00585175
0.00489283
0.00557327
0.00548673
0.00496197
0.00483108
0.00554347
0.00523591
0.00481009
0.00482726
0.00526500
0.00549388
0.00490808
0.00540996
0.00565815
0.00491023
0.00541711
0.00728202
0.00557303
0.00497890
0.00524688
0.00551581
0.00490046
0.00485492
0.00479221
0.00553179
0.00497103
0.00487995
0.00581193
0.00517511
0.00769901
0.00539613
0.00524664
0.00601530
0.00536156
0.00483537
0.00524044
0.00520968
0.00520492
0.00492191
0.00483465
0.00504851
0.00568914
0.00493479
0.00528646
0.00549793
0.00510383
0.00536299
0.00509667
0.00506544
0.00476623
0.00478697
0.00512171
0.00487471
0.00485134
0.00510406
0.00531673
0.00508094
0.00485063
0.00529170
0.00515866
0.00550389
0.00481296
0.00579143
0.00519514
0.00492454
0.00497675
0.00528121
0.00518703
0.00527692
0.00475383
0.00591779
0.00531268
0.00481987
0.00569081
0.00540090
0.00480819
0.00521851
0.00540209
0.00492477
0.00527167
0.00484538
0.00516152
0.00544953
0.00480127
0.00528407
0.00549555
0.00490928
0.00480938
0.00534344
0.00545144
0.00497270
0.00486636
0.00586510
0.00519252
0.00489473
0.00485730
0.00502729
0.00486708
0.00490713
0.00536418
0.00518608
0.00548244
0.00501704
0.00574303
0.00557137
0.00486755
0.00477386
0.00534034
0.00500107
0.00475931
0.00484848
0.00623989
0.00529456
0.00486565
0.00539994
0.00493813
0.00486851
0.00518918
0.00491691
0.00612187
0.00563979
0.00478101
0.00624537
0.00571322
0.00477767
0.00494051
0.00473738
0.00502801
0.00489330
0.00479221
0.00496912
0.00524902
0.00486684
0.00478673
0.00489855
0.00480199
0.00553870
0.00489640
0.00514317
0.00508499
0.00522542
0.00553417
0.00501895
0.00529909
0.00480103
0.00512481
0.00515175
0.00485158
0.00518560
0.00483894
0.00521731
0.00483322
0.00487256
0.00543237
0.00489020
0.00512433
0.00512719
0.00485015
0.00603867
0.00518537
0.00483775
0.00514841
0.00481367
0.00513029
0.00531101
0.00477767
0.00531101
0.00702882
0.00611043
0.00494647
0.00534225
0.00478125
0.00510669
0.00478005
0.00477767
0.00549483
0.00570893
0.00496912
0.00476193
0.00511599
0.00565600
0.00527692
0.00516295
0.00478172
0.00481987
0.00571179
0.00491214
0.00480795
0.00548553
0.00477934
0.00513172
0.00493813
0.00518394
0.00518465
0.00516009
0.00537252
0.00535560
0.00481772
0.00530386
0.00522137
0.00508523
0.00566316
0.00523329
0.00497198
