0.00679541
0.00580382
0.00556493
0.00555587
0.00508094
0.00568938
0.00515580
0.00511527
0.00558949
0.00595737
0.00615335
0.00509906
0.00560999
0.00576115
0.00517082
0.00559306
0.00544548
0.00581431
0.00532007
0.00573635
0.00585032
0.00555205
0.00513673
0.00543141
0.00509524
0.00571823
0.00571847
0.00527644
0.00555897
0.00521231
0.00572968
0.00503135
0.00510287
0.00569749
0.00622249
0.00561905
0.00507808
0.00566316
0.00511599
0.00508547
0.00557852
0.00581717
0.00575662
0.00519443
0.00555801
0.00570679
0.00515175
0.00522017
0.00523496
0.00581908
0.00510311
0.00561905
0.00571370
0.00513840
0.00514603
0.00520015
0.00550961
0.00505495
0.00557661
0.00538635
0.00582457
0.00530434
0.00558734
0.00544000
0.00569940
0.00577950
0.00531936
0.00653124
0.00581384
0.00529957
0.00599027
0.00578308
0.00573921
0.00763631
0.00736427
0.00645971
0.00517821
0.00541043
0.00537014
0.00528431
0.00507379
0.00686741
0.00858545
0.00592709
0.00562835
0.00514412
0.00576663
0.00558209
0.00559998
0.00518703
0.00561476
0.00564504
0.00511432
0.00574327
0.00566697
0.00548005
0.00509334
0.00550652
0.00566196
0.00626063
0.00521064
0.00561666
0.00617933
0.00553560
0.00532889
0.00563788
0.00619841
0.00723362
0.00587821
0.00553989
0.00516081
0.00541902
0.00690341
0.00569248
0.00572944
0.00595903
0.00577712
0.00569415
0.00597954
0.00517225
0.00570941
0.00584173
0.00569868
0.00514030
0.00549650
0.00545478
0.00513983
0.00554895
0.00575256
0.00582647
0.00518131
0.00572062
0.00574398
0.00551367
0.00507045
0.00510573
0.00541878
0.00502658
0.00613952
0.00535274
0.00548744
0.00539708
0.00576687
0.00504041
0.00515342
0.00637650
0.00560546
0.00519705
0.00551128
0.00595522
0.00517416
0.00505590
0.00534105
0.00571847
0.00525308
0.00573850
0.00520682
0.00554276
0.00507975
0.00509000
0.00560689
0.00564909
0.00587487
0.00525832
0.00562572
0.00569415
0.00514698
0.00512505
0.00536895
0.00574279
0.00509906
0.00588274
0.00564289
0.00586271
0.00513339
0.00523853
0.00516391
0.00521207
0.00568485
0.00600076
0.00575471
0.00529790
0.00564194
0.00532579
0.00556755
0.00571561
0.00524354
0.00580812
0.00541043
0.00587869
0.00612736
0.00523520
0.00517845
0.00605822
0.00524306
0.00574017
0.00542188
0.00544214
0.00522971
0.00540185
0.00567079
0.00572324
0.00554872
0.00572157
0.00576448
0.00578237
0.00552416
0.00514555
0.00523067
0.00515699
0.00557089
0.00512028
0.00590491
0.00558662
0.00522256
0.00526476
0.00542641
0.00533056
0.00507307
0.00561452
0.00665879
0.00605440
0.00511360
0.00565910
0.00553513
0.00548816
0.00529647
0.00543642
0.00557256
0.00538278
0.00573111
0.00584292
0.00565481
0.00541615
0.00553679
0.00511193
0.00510025
0.00588226
0.00586963
0.00560284
0.00510931
0.00574994
0.00508142
0.00510073
0.00575495
0.00614500
0.00561857
0.00514030
0.00561571
0.00566173
0.00512242
0.00507212
0.00585771
0.00536609
0.00514030
0.00555873
0.00565171
0.00511456
0.00546360
0.00528932
0.00561953
0.00508189
0.00564742
0.00584888
0.00559735
0.00508881
0.00538325
0.00505877
0.00534892
0.00565028
0.00524116
0.00570321
0.00546145
0.00576186
0.00561118
0.00550723
0.00580931
0.00562739
0.00556660
0.00568318
0.00510359
0.00520515
0.00510812
0.00505924
0.00560713
0.00566316
0.00548196
0.00516272
0.00616455
0.00568748
0.00520349
0.00513458
0.00525379
0.00568700
0.00509882
0.00565028
0.00558925
0.00521874
0.00516677
0.00518560
0.00548697
0.00505781
0.00547719
0.00565720
0.00542164
0.00563121
0.00515079
0.00558281
0.00531840
0.00561118
0.00554061
0.00506496
0.00576615
0.00521660
0.00551629
0.00509119
0.00565195
0.00504732
0.00513744
0.00579143
0.00582814
0.00563860
0.00513887
0.00572586
0.00564933
0.00556564
0.00505829
0.00555444
0.00557208
0.00509953
0.00577617
0.00533199
0.00548840
0.00510073
0.00552583
0.00548553
0.00524855
0.00568771
0.00560689
0.00531745
0.00537038
0.00546598
0.00555420
0.00561666
0.00568318
0.00570154
0.00576615
0.00532532
0.00556517
0.00514579
0.00556111
0.00520658
0.00519753
0.00577188
0.00584221
0.00536275
0.00509334
