0.00720477
0.00609970
0.00593472
0.00521207
0.00593233
0.00601912
0.00598431
0.00514746
0.00578403
0.00523901
0.00552058
0.00509334
0.00545645
0.00613332
0.00574946
0.00512862
0.00561428
0.00606155
0.00613546
0.00517082
0.00554228
0.00543332
0.00594020
0.00552416
0.00565386
0.00584936
0.00553107
0.00543380
0.00527120
0.00537467
0.00506425
0.00604558
0.00657749
0.00560784
0.00513244
0.00576115
0.00554156
0.00515318
0.00532842
0.00575566
0.00594306
0.00564051
0.00511432
0.00573158
0.00523996
0.00571036
0.00515127
0.00550723
0.00594974
0.00712204
0.00521636
0.00559425
0.00548792
0.00589204
0.00508690
0.00564098
0.00567031
0.00511050
0.00522256
0.00629783
0.00541067
0.00543189
0.00591779
0.00532126
0.00518155
0.00569987
0.00551295
0.00518346
0.00506806
0.00507355
0.00570059
0.00552797
0.00570464
0.00512791
0.00524497
0.00519800
0.00513124
0.00564909
0.00569677
0.00606370
0.00515556
0.00589633
0.00605941
0.00554919
0.00512886
0.00508308
0.00524235
0.00511289
0.00580144
0.00632882
0.00566435
0.00538468
0.00577068
0.00517774
0.00612807
0.00520873
0.00579500
0.00516248
0.00594783
0.00519657
0.00554490
0.00559998
0.00523019
0.00542188
0.00531316
0.00549102
0.00509548
0.00574899
0.00573564
0.00553036
0.00507736
0.00546288
0.00572801
0.00514913
0.00656962
0.00580430
0.00575900
0.00515771
0.00546432
0.00541973
0.00552034
0.00518513
0.00548506
0.00576329
0.00588369
0.00511432
0.00569630
0.00623870
0.00610304
0.00572777
0.00583243
0.00514364
0.00606561
0.00519872
0.00549531
0.00554705
0.00515485
0.00580621
0.00529194
0.00593686
0.00572681
0.00539541
0.00537229
0.00588250
0.00574493
0.00532103
0.00585294
0.00520730
0.00559807
0.00522017
0.00562882
0.00572848
0.00509095
0.00523186
0.00546908
0.00557256
0.00511885
0.00573468
0.00584316
0.00565791
0.00510383
0.00553632
0.00563717
0.00557756
0.00539684
0.00566530
0.00514102
0.00559568
0.00524569
0.00557566
0.00551820
0.00530052
0.00524139
0.00512075
0.00698018
0.00555992
0.00536799
0.00598741
0.00610876
0.00587678
0.00736570
0.00580001
0.00577784
0.00603509
0.00589609
0.00551820
0.00568557
0.00565362
0.00591826
0.00576615
0.00631213
0.00516272
0.00565672
0.00526834
0.00524068
0.00510025
0.00573659
0.00517249
0.00508523
0.00565290
0.00546002
0.00566602
0.00544429
0.00536275
0.00560927
0.00556827
0.00524545
0.00557876
0.00564384
0.00568414
0.00522518
0.00580263
0.00530624
0.00554276
0.00515389
0.00514579
0.00568342
0.00558519
0.00569534
0.00582647
0.00518322
0.00540972
0.00593400
0.00530958
0.00542307
0.00525236
0.00551438
0.00517130
0.00515652
0.00531483
0.00569534
0.00531197
0.00581360
0.00527406
0.00574851
0.00561428
0.00561857
0.00512362
0.00540018
0.00530648
0.00525808
0.00600100
0.00634313
0.00582457
0.00512576
0.00600863
0.00554252
0.00516391
0.00525546
0.00598693
0.00577426
0.00571632
0.00551438
0.00568581
0.00554037
0.00585055
0.00514627
0.00558734
0.00553918
0.00536966
0.00532174
0.00528717
0.00548148
0.00516725
0.00565958
0.00673628
0.00555134
0.00561929
0.00628281
0.00586987
0.00520754
0.00567150
0.00524592
0.00562477
0.00590467
0.00589275
0.00571036
0.00588608
0.00513029
0.00508547
0.00590539
0.00582051
0.00551867
0.00585485
0.00549889
0.00601315
0.00544000
0.00576639
0.00517106
0.00536561
0.00586891
0.00575852
0.00518823
0.00591302
0.00552154
0.00572777
0.00513673
0.00533056
0.00562525
0.00506878
0.00579262
0.00572944
0.00566411
0.00522256
0.00578117
0.00545025
0.00524092
0.00609589
0.00592422
0.00540733
0.00583339
0.00577188
0.00555611
0.00571275
0.00533962
0.00531316
0.00568080
0.00542808
0.00519586
0.00537133
0.00538301
0.00537205
0.00540257
0.00591803
0.00519085
0.00563240
0.00520253
0.00509691
0.00532651
0.00580859
0.00548291
0.00513482
0.00561142
0.00679159
0.00525427
0.00515151
0.00620627
0.00583911
0.00559783
0.00507641
0.00540066
0.00583911
0.00560522
0.00516820
0.00558019
0.00684524
0.00597191
0.00505781
0.00547719
0.00592756
0.00575066
0.00509501
0.00571394
0.00565910
0.00536704
0.00559998
0.00523376
0.00513244
0.00548482
0.00552559
0.00558782
0.00584769
0.00594950
0.00552464
0.00570607
0.00555372
0.00510168
0.00578117
0.00525975
0.00640535
0.00524020
0.00523996
0.00562263
0.00583029
0.00554657
0.00552702
0.00557518
0.00608540
0.00591660
0.00542378
0.00552607
0.00571513
0.00517964
0.00516510
0.00564122
0.00569057
0.00518537
0.00552464
0.00609803
0.00589085
0.00514698
0.00511718
0.00626326
0.00602841
0.00526333
0.00559759
0.00581598
0.00526977
0.00529099
0.00532293
0.00618052
0.00555253
0.00559235
0.00620794
0.00577545
0.00515008
0.00543761
0.00539756
0.00581336
0.00513363
0.00520182
0.00561452
0.00522757
0.00564837
0.00523043
0.00507379
0.00511169
0.00577760
0.00608850
0.00620389
0.00550890
0.00564504
0.00560308
0.00555158
0.00537252
0.00516438
0.00561166
0.00532198
0.00549531
0.00537610
0.00601101
0.00527835
0.00617695
0.00562882
0.00571299
0.00512290
0.00579715
0.00527549
0.00597882
0.00513029
0.00541115
0.00585628
0.00595999
0.00515246
0.00550985
0.00557685
0.00569391
0.00508165
0.00520706
0.00544119
0.00513291
0.00541234
0.00580788
0.00574136
0.00512862
0.00584793
0.00530171
0.00597835
0.00516248
0.00552559
0.00557947
0.00616241
0.00536418
0.00535989
0.00530958
0.00610495
0.00547314
0.00549340
0.00578904
0.00580740
0.00516152
0.00536728
0.00551534
0.00522995
0.00577188
0.00661731
0.00549698
0.00520778
0.00557113
0.00524950
0.00512910
0.00506330
0.00554943
0.00620818
0.00570846
0.00522470
0.00613070
0.00563860
0.00549555
0.00596189
0.00552583
0.00579453
0.00626945
0.00518203
0.00554800
0.00610375
0.00556278
0.00506091
0.00605392
0.00595355
0.00576305
0.00595737
0.00550461
0.00571942
0.00641727
0.00552583
0.00546408
0.00603628
0.00562716
0.00512433
0.00559282
0.00578260
0.00558066
0.00513339
0.00530553
0.00571036
0.00513601
0.00856018
0.00671554
0.00596929
0.00531936
0.00506997
0.00616026
0.00534534
0.00523019
0.00531769
0.00614715
0.00539398
0.00560737
0.00511026
0.00530028
0.00561833
0.00532103
0.00567913
0.00523233
0.00550079
0.00525665
0.00571823
0.00591183
0.00611520
0.00530362
0.00559926
0.00609946
0.00565314
0.00520754
0.00599957
0.00645208
0.00590611
0.00547242
0.00582719
0.00526118
0.00529099
0.00543451
0.00591159
0.00659513
0.00566173
0.00513649
0.00641680
0.00565147
0.00514889
0.00520301
0.00561333
0.00584483
0.00568891
0.00530100
0.00576329
0.00616121
0.00548673
0.00513220
0.00552630
0.00665689
0.00571156
0.00507522
0.00574088
0.00575042
0.00550771
0.00509501
0.00525737
0.00517440
0.00533247
0.00604868
0.00521493
0.00565648
0.00592780
0.00572371
0.00538278
0.00657558
0.00523162
0.00576949
0.00577450
0.00569272
0.00516939
0.00610542
0.00532937
0.00532866
0.00522017
0.00577831
0.00598478
0.00587702
0.00555801
0.00564456
0.00605679
0.00606966
0.00516677
0.00571561
0.00595212
0.00581002
0.00519013
0.00568843
0.00567245
0.00565457
0.00522923
0.00653887
0.00532556
0.00566125
0.00532126
0.00572205
0.00554061
0.00584626
0.00543547
0.00554681
0.00526190
0.00566602
0.00575066
0.00579238
0.00570726
0.00585914
0.00522876
0.00574112
0.00523138
0.00534844
