0.00694036
0.00529718
0.00568771
0.00595784
0.00530887
0.00632644
0.00551724
0.00558209
0.00535822
0.00577021
0.00537872
0.00638986
0.00607014
0.00560665
0.00580001
0.00687981
0.00552106
0.00552058
0.00546956
0.00597453
0.00607753
0.00607347
0.00631714
0.00622606
0.00963807
0.00754595
0.00718141
0.00762153
0.00613213
0.00556254
0.00550675
0.00589108
0.00537348
0.00700521
0.00585961
0.00549793
0.00684953
0.00625539
0.00579715
0.00557160
0.00599289
0.00594664
0.00645566
0.00595713
0.00597978
0.00566053
0.00634265
0.00586772
0.00550938
0.00593662
0.00693393
0.00593758
0.00546861
0.00629091
0.00588727
0.00629568
0.00535107
0.00595403
0.00558186
0.00601792
0.00582290
0.00657797
0.00564265
0.00599408
0.00629878
0.00599837
0.00612521
0.00581074
0.00537944
0.00592637
0.00561118
0.00525975
0.00541925
0.00720310
0.00637293
0.00539923
0.00597835
0.00599766
0.00707936
0.00594878
0.00615621
0.00579524
0.00669146
0.00617433
0.00626063
0.00551081
0.00586486
0.00680685
0.00612664
0.00545001
0.00614905
0.00601268
0.00594211
0.00555229
0.00594568
0.00557709
0.00631642
0.00589752
0.00626302
0.00605392
0.00591636
0.00540924
0.00611854
0.00540066
0.00573397
0.00551295
0.00641084
0.00574160
0.00546980
0.00554538
0.00585580
0.00543976
0.00545263
0.00561309
0.00617933
0.00607443
0.00613117
0.00548530
0.00600123
0.00571060
0.00610781
0.00556231
0.00628591
0.00635242
0.00593591
0.00790119
0.00616360
0.00660539
0.00575066
0.00574470
0.00559759
0.00542521
0.00572133
0.00686073
0.00536966
0.00544691
0.00566721
0.00634694
0.00592065
0.00539994
0.00542784
0.00623560
0.00555563
0.00550413
0.00555778
0.00601912
0.00593233
0.00583673
0.00538754
0.00589776
0.00544238
0.00580239
0.00537062
0.00618172
0.00601053
0.00590014
0.00535274
0.00605154
0.00539088
0.00587988
0.00544119
0.00616693
0.00592709
0.00609589
0.00544930
0.00614405
0.00542307
0.00579596
0.00578451
0.00660062
0.00599647
0.00562716
0.00563049
0.00597501
0.00542355
0.00646472
0.00535655
0.00611091
0.00612688
0.00608540
0.00598240
0.00556350
0.00585437
0.00557518
0.00566101
0.00600696
0.00577116
0.00626922
0.00543261
0.00565863
0.00647688
0.00555444
0.00932717
0.00597000
0.00566125
0.00624394
0.00545192
0.00571275
0.00546932
0.00543571
0.00595427
0.00592518
0.00598454
0.00656629
0.00628734
0.00575376
0.00558996
0.00569510
0.00609684
0.00608301
0.00690889
0.00595164
0.00537086
0.00608659
0.00603294
0.00594926
0.00632858
0.00565410
0.00590181
0.00634503
0.00562453
0.00577283
0.00540924
0.00695515
0.00630188
0.00599337
0.00537443
0.00593472
0.00599170
0.00587773
0.00544262
0.00655580
0.00589800
0.00588655
0.00568795
0.00556755
0.00535631
0.00569725
0.00569868
0.00594926
0.00585985
0.00565028
0.00556684
0.00649047
0.00560498
0.00567245
0.00598216
0.00585699
0.00546932
0.00610948
0.00534415
0.00574160
0.00811172
0.00653577
0.00718260
0.00628424
0.00558376
0.00602055
0.00554609
0.00563693
0.00547719
0.00613332
0.00582218
0.00587773
0.00560260
0.00589871
0.00536704
0.00599957
0.00569820
0.00595593
0.00599432
0.00540113
0.00581741
0.00561905
0.00535226
0.00537324
0.00628018
0.00602698
0.00574279
0.00584102
0.00528693
0.00610161
0.00571489
0.00579643
0.00534940
0.00670648
0.00611448
0.00554466
0.00590301
0.00580215
0.00535917
0.00639343
0.00544572
0.00594020
0.00610495
0.00551414
0.00593352
0.00589108
0.00534964
0.00637102
0.00546980
0.00547552
0.00543022
0.00591302
0.00600314
0.00549364
0.00580692
0.00582767
0.00654984
0.00570893
0.00629663
0.00588775
0.00548291
0.00547409
0.00563884
0.00590539
0.00580359
0.00586629
0.00543523
0.00585794
0.00632358
0.00580502
0.00535750
0.00578403
0.00592422
0.00529051
0.00558162
0.00616980
0.00610518
0.00600505
0.00590968
0.00541639
0.00593305
0.00600147
0.00546575
0.00558805
0.00675035
0.00530076
0.00535536
0.00552082
0.00620270
0.00585723
0.00570107
0.00658035
0.00590801
0.00540996
0.00643969
0.00564814
0.00593233
0.00547671
0.00542331
0.00561118
0.00581479
0.00519800
0.00589514
0.00568366
0.00624490
0.00715494
0.00545120
0.00534058
0.00612354
0.00547099
0.00622320
0.00616717
0.00599122
0.00562549
0.00689435
0.00562835
0.00585318
0.00662279
0.00583935
0.00595522
0.00594091
0.00633025
0.00603533
0.00587225
0.00544333
0.00592279
0.00649214
0.00592637
0.00538063
0.00626063
0.00622845
0.00534010
0.00545502
0.00586438
0.00607228
0.00657940
0.00574136
0.00534081
0.00542259
0.00529861
0.00591254
0.00547647
0.00585055
0.00589728
0.00585413
0.00551248
0.00651383
0.00529361
0.00567889
0.00591683
0.00580215
0.00590897
0.00616980
0.00554752
0.00573516
0.00511980
0.00571156
0.00551057
0.00583458
0.00564075
0.00573587
0.00525165
0.00573516
0.00516772
0.00511503
0.00539231
0.00587678
0.00543499
0.00597215
0.00576043
0.00615788
0.00628519
0.00537562
0.00566077
0.00606704
0.00570941
0.00520515
0.00576973
0.00631261
0.00556803
0.00515866
0.00576544
0.00645614
0.00584078
0.00518847
0.00631452
0.00581431
0.00557709
0.00561571
0.00565624
0.00592852
0.00527239
0.00529575
0.00577426
0.00568485
0.00563574
0.00551462
0.00565696
0.00627136
0.00605750
0.00544262
0.00567055
0.00537372
0.00570416
0.00539708
0.00572300
0.00747776
0.00533938
0.00524020
0.00568962
0.00565362
0.00558496
0.00537539
0.00572991
0.00564170
0.00516105
0.00570893
0.00536108
0.00564790
0.00520110
0.00677633
0.00609875
0.00555634
0.00551963
0.00590849
0.00533199
0.00584698
0.00538635
0.00564122
0.00596952
0.00594521
0.00522351
0.00591922
0.00590158
0.00573397
0.00539303
0.00565147
0.00574732
0.00647163
0.00563359
0.00595713
0.00635958
0.00526524
0.00521183
0.00609803
0.00576353
0.00562429
0.00593734
0.00585198
0.00591373
0.00578642
0.00534320
0.00587678
0.00556111
0.00513887
0.00580740
0.00535131
0.00541449
0.00518155
0.00580454
0.00551271
0.00598717
0.00537729
0.00673032
0.00564361
0.00520349
0.00520658
0.00588465
0.00554824
0.00572252
0.00521445
0.00612831
0.00628114
0.00572157
0.00518489
0.00629330
0.00527143
0.00571585
0.00591302
0.00589180
0.00574803
0.00608540
0.00574589
0.00547791
0.00560904
0.00552821
0.00579000
0.00561285
0.00546765
0.00558448
0.00544810
0.00609469
0.00548339
0.00578761
0.00538087
0.00600004
0.00611806
0.00596046
0.00541377
0.00594568
0.00567698
0.00581217
0.00538611
0.00638103
0.00617456
0.00611329
0.00606012
0.00575876
0.00545597
0.00608039
0.00657868
0.00558329
0.00647211
0.00597167
0.00592422
0.00546002
0.00581574
0.00548744
0.00559592
0.00690436
0.00559425
0.00624537
0.00696898
0.00592065
0.00560999
0.00617337
0.00634050
0.00579405
0.00557590
0.00637150
0.00617051
0.00562191
0.00580525
