0.00681353
0.00548315
0.00596571
0.00531864
0.00587487
0.00564790
0.00567055
0.00550199
0.00535488
0.00531268
0.00561571
0.00592041
0.00610352
0.00547886
0.00548506
0.00613165
0.00608230
0.00573325
0.00535727
0.00592041
0.00585794
0.00586081
0.00549150
0.00589561
0.00571465
0.00526810
0.00568581
0.00578499
0.00597000
0.00535464
0.00592661
0.00619435
0.00581980
0.00532818
0.00557995
0.00547504
0.00526595
0.00607514
0.00578356
0.00590134
0.00537133
0.00584555
0.00532246
0.00565386
0.00571680
0.00615716
0.00553584
0.00575042
0.00602078
0.00585485
0.00569773
0.00572395
0.00594068
0.00629759
0.00602245
0.00548244
0.00609231
0.00561929
0.00574470
0.00527453
0.00578856
0.00575471
0.00524378
0.00539136
0.00560999
0.00565028
0.00536823
0.00590587
0.00600648
0.00605154
0.00550866
0.00582385
0.00609469
0.00592947
0.00566411
0.00609636
0.00626922
0.00693417
0.00526071
0.00595403
0.00604296
0.00584674
0.00543380
0.00632095
0.00608373
0.00591254
0.00538468
0.00587201
0.00564718
0.00592041
0.00560975
0.00596523
0.00584626
0.00565100
0.00605774
0.00546074
0.00551343
0.00559163
0.00598502
0.00602674
0.00566626
0.00542808
0.00668073
0.00577831
0.00537896
0.00535440
0.00666761
0.00558591
0.00572634
0.00610709
0.00599480
0.00588584
0.00640678
0.00536823
0.00588942
0.00572419
0.00570774
0.00534058
0.00588417
0.00580072
0.00524402
0.00570941
0.00542569
0.00564718
0.00522089
0.00568295
0.00589705
0.00534153
0.00581789
0.00541687
0.00573421
0.00540781
0.00594020
0.00582337
0.00547910
0.00588679
0.00552535
0.00578523
0.00579667
0.00607157
0.00536132
0.00569153
0.00562310
0.00577760
0.00573754
0.00544524
0.00592208
0.00614166
0.00582266
0.00539517
0.00607848
0.00713801
0.00633121
0.00590038
0.00543284
0.00617170
0.00596213
0.00609970
0.00543642
0.00656796
0.00613403
0.00586581
0.00584722
0.00591540
0.00562501
0.00557399
0.00587463
0.00605035
0.00569415
0.00554729
0.00598788
0.00552797
0.00605130
0.00577068
0.00619030
0.00618410
0.00603580
0.00584769
0.00610566
0.00603580
0.00648999
0.00574541
0.00610685
0.00857306
0.00634027
0.00592923
0.00597787
0.00583792
0.00538445
0.00543237
0.00654435
0.00621104
0.00592971
0.00667548
0.00546598
0.00607896
0.00549507
0.00607324
0.00537252
0.00633383
0.00719023
0.00589252
0.00773120
0.00580573
0.00645208
0.00570273
0.00637460
0.00597596
0.00660586
0.00539017
0.00586510
0.00619316
0.00573707
0.00565720
0.00597072
0.00586581
0.00592303
0.00559187
0.00598741
0.00552988
0.00550628
0.00599647
0.00615478
0.00555444
0.00643063
0.00543833
0.00582600
0.00559020
0.00535941
0.00548363
0.00612283
0.00641870
0.00593138
0.00536132
0.00618553
0.00579977
0.00583172
0.00535250
0.00684619
0.00549531
0.00605464
0.00634813
0.00605536
0.00555277
0.00607920
0.00543666
0.00629258
0.00558949
0.00580430
0.00663710
0.00602341
0.00545907
0.00687408
0.00586438
0.00598240
0.00606394
0.00601912
0.00579190
0.00575423
0.00609541
0.00602555
0.00609756
0.00558805
0.00591469
0.00588727
0.00553131
0.00583577
0.00550389
0.00565004
0.00565529
0.00624967
0.00581121
0.00575638
0.00552320
0.00558162
0.00565529
0.00572848
0.00544715
0.00603008
0.00655627
0.00564933
0.00778127
0.00585175
0.00629282
0.00576091
0.00647974
0.00611234
0.00550604
0.00919509
0.00601029
0.00592184
0.00607753
0.00628352
0.00555825
0.00664687
0.00546217
0.00600648
0.00633597
0.00595379
0.00542164
0.00624728
0.00576782
0.00585842
0.00543571
0.00574017
0.00536370
0.00570297
0.00598478
0.00637507
0.00599980
0.00660396
0.00574303
0.00617695
0.00539136
0.00630379
0.00575304
0.00598264
0.00545692
0.00609636
0.00567079
0.00594306
0.00532889
0.00580549
0.00568199
0.00621867
0.00567532
0.00540376
0.00606155
0.00568962
0.00543857
0.00601983
0.00593424
0.00607729
0.00627375
0.00617218
0.00547719
0.00651097
0.00599170
0.00605869
0.00544953
0.00621915
0.00634027
0.00596642
0.00541067
0.00614309
0.00558376
0.00593424
0.00544500
0.00659347
0.00575185
0.00606132
0.00564146
0.00594091
0.00543094
0.00619864
0.00567722
0.00591707
0.00621319
0.00607777
0.00566554
0.00585103
0.00544739
0.00588417
0.00575113
0.00598454
0.00585818
0.00606823
0.00573540
0.00559282
0.00593996
0.00540519
0.00606632
0.00783610
0.00625563
0.00566220
0.00534391
0.00599384
0.00548339
0.00588417
0.00540233
0.00619316
0.00625277
0.00601244
0.00569630
0.00611591
0.00547314
0.00599766
0.00556111
0.00604582
0.00570035
0.00541234
0.00558543
0.00554156
0.00648975
0.00581527
0.00546145
0.00640321
0.00617027
0.00594354
0.00565290
0.00577044
0.00527883
0.00541830
0.00594997
0.00594878
0.00638604
0.00612879
0.00544143
0.00633979
0.00557494
0.00585175
0.00549984
0.00585151
0.00587249
0.00538945
0.00550628
0.00548768
0.00679088
0.00571442
0.00567746
0.00588036
0.00582433
0.00545740
0.00586534
0.00547051
0.00574994
0.00532532
0.00587440
0.00582695
0.00613379
0.00548148
0.00540829
0.00538301
0.00565243
0.00583887
0.00554323
0.00613427
0.00603962
0.00618577
0.00573802
0.00570893
0.00582504
0.00602245
0.00581217
0.00569701
0.00572896
0.00602031
0.00618625
0.00599861
0.00552535
0.00557995
0.00564599
0.00537920
0.00623226
0.00575733
0.00590968
0.00553393
0.00604391
0.00539660
0.00555229
0.00559616
0.00587010
0.00575948
0.00552893
0.00610852
0.00684524
0.00561047
0.00549197
0.00720334
0.00603437
0.00575423
0.00665569
0.00580072
0.00589061
0.00586510
0.00606203
0.00544143
0.00626230
0.00586772
0.00596905
0.00562239
0.00586128
0.00536776
0.00586796
0.00561810
0.00735879
0.00627041
0.00629830
0.00583863
0.00571442
0.00537848
0.00594115
0.00629377
