0.00673389
0.00551629
0.00609183
0.00680566
0.00586748
0.00545669
0.00633073
0.00560021
0.00649643
0.00564098
0.00602794
0.00599194
0.00550866
0.00577092
0.00612879
0.00609636
0.00583935
0.00551748
0.00633526
0.00624299
0.00587010
0.00566006
0.00607896
0.00588107
0.00601149
0.00545692
0.00610256
0.00652766
0.00587726
0.00546288
0.00632238
0.00610876
0.00618148
0.00575137
0.00612044
0.00652981
0.00623202
0.00548100
0.00601983
0.00634170
0.00582814
0.00629425
0.00571275
0.00600004
0.00580955
0.00581121
0.00557017
0.00552797
0.00563526
0.00569582
0.00592303
0.00641465
0.00583839
0.00545716
0.00631428
0.00613618
0.00570989
0.00564218
0.00607300
0.00644326
0.00604463
0.00568080
0.00616980
0.00651765
0.00574875
0.00562644
0.00617146
0.00662541
0.00627160
0.00642180
0.00561166
0.00623631
0.00586629
0.00625801
0.00550508
0.00633216
0.00588799
0.00611854
0.00558066
0.00595689
0.00548792
0.00597405
0.00576854
0.00636792
0.00609517
0.00565076
0.00578570
0.00614357
0.00543094
0.00544930
0.00628114
0.00642347
0.00607395
0.00571084
0.00606537
0.00591826
0.00554347
0.00552917
0.00562572
0.00627208
0.00655890
0.00615549
0.00611734
0.00556850
0.00573802
0.00591183
0.00598550
0.00627756
0.00631547
0.00563169
0.00701904
0.00604343
0.00547814
0.00607896
0.00653148
0.00624156
0.00602961
0.00641465
0.00574803
0.00551963
0.00572157
0.00596929
0.00600219
0.00602388
0.00557828
0.00613618
0.00604248
0.00548387
0.00546885
0.00705767
0.00663877
0.00583315
0.00563955
0.00605297
0.00565028
0.00557899
0.00547004
0.00602007
0.00674272
0.00589967
0.00550032
0.00603843
0.00579977
0.00585437
0.00578952
0.00598383
0.00663066
0.00622129
0.00586176
0.00691175
0.00616336
0.00546026
0.00559187
0.00606251
0.00647354
0.00596404
0.00575209
0.00560904
0.00560284
0.00554919
0.00543857
0.00586534
0.00640416
0.00578260
0.00560236
0.00620604
0.00631166
0.00563693
0.00575519
0.00601339
0.00661826
0.00604916
0.00553036
0.00603032
0.00568676
0.00611138
0.00549030
0.00639939
0.00620818
0.00605130
0.00595522
0.00606704
0.00543499
0.00594592
0.00609159
0.00628400
0.00612831
0.00603986
0.00547576
0.00624895
0.00560188
0.00595713
0.00560260
0.00697398
0.00587082
0.00614214
0.00553298
0.00601959
0.00597525
0.00607634
0.00546050
0.00642252
0.00609827
0.00604749
0.00569916
0.00612497
0.00595593
0.00631452
0.00565672
0.00650120
0.00630093
0.00571132
0.00573874
0.00609946
0.00560117
0.00603271
0.00595260
0.00614882
0.00619411
0.00598383
0.00559974
0.00613832
0.00574255
0.00599289
0.00597548
0.00637436
0.00617766
0.00602341
0.00574875
0.00626278
0.00596070
0.00635171
0.00568247
0.00650406
0.00625539
0.00553274
0.00542641
0.00623798
0.00584793
0.00613356
0.00567818
0.00624800
0.00571418
0.00607657
0.00553083
0.00624776
0.00571966
0.00627446
0.00556636
0.00630760
0.00607848
0.00597453
0.00587916
0.00600791
0.00542593
0.00605893
0.00584483
0.00624657
0.00642586
0.00599432
0.00539541
0.00618196
0.00569463
0.00620508
0.00553155
0.00808001
0.00628662
0.00611067
0.00609446
0.00559044
0.00560021
0.00605178
0.00709367
0.00599813
0.00552583
0.00629425
0.00614429
0.00549269
0.00546408
0.00610161
0.00623155
0.00590205
0.00591636
0.00604248
0.00567484
0.00570369
0.00558400
0.00597453
0.00685596
0.00586367
0.00554776
0.00626493
0.00560880
0.00543737
0.00562072
0.00637722
0.00654149
0.00598335
0.00549674
0.00601006
0.00616479
0.00563693
0.00548577
0.00621963
0.00674129
0.00557160
0.00554872
0.00606632
0.00683522
0.00586939
0.00546575
0.00600672
0.00663972
0.00560331
0.00542736
0.00632143
0.00669837
0.00552201
0.00574780
0.00630355
0.00645518
0.00575161
0.00579762
0.00602007
0.00600529
0.00586820
0.00535893
0.00611424
0.00655341
0.00591636
0.00560665
0.00621343
0.00581050
0.00599456
0.00540304
0.00600004
0.00692821
0.00561762
0.00545931
0.00623512
0.00627446
0.00552464
0.00561357
0.00610352
0.00631809
0.00602698
0.00552392
0.00594354
0.00566912
0.00630403
0.00546718
0.00598311
0.00635290
0.00579548
0.00596595
0.00616312
0.00557280
0.00547290
0.00572896
0.00602317
0.00614715
0.00617385
0.00552750
0.00638628
0.00609636
0.00543070
0.00558782
0.00615215
0.00665855
0.00601768
0.00558519
0.00624228
0.00634432
0.00552583
0.00544095
0.00611353
0.00636983
0.00609398
0.00570893
0.00610566
