0.00880051
0.00570178
0.00590467
0.00588036
0.00565839
0.00545883
0.00578904
0.00558448
0.00572324
0.00569081
0.00559521
0.00575590
0.00564265
0.00555015
0.00574255
0.00588226
0.00568652
0.00529003
0.00588918
0.00562215
0.00569606
0.00580192
0.00625730
0.00552797
0.00528216
0.00588775
0.00599504
0.00553322
0.00534987
0.00638461
0.00612688
0.00588965
0.00518870
0.00598311
0.00626922
0.00540900
0.00559688
0.00595570
0.00603628
0.00595617
0.00591087
0.00516129
0.00564885
0.00534868
0.00536728
0.00601888
0.00594330
0.00581908
0.00543261
0.00575185
0.00656390
0.00538969
0.00533915
0.00593996
0.00627780
0.00559950
0.00618577
0.00559306
0.00542355
0.00618124
0.00531340
0.00524688
0.00590420
0.00576496
0.00579309
0.00522423
0.00584197
0.00589442
0.00554681
0.00522947
0.00682664
0.00571156
0.00574327
0.00552750
0.00587702
0.00583887
0.00622964
0.00546837
0.00603056
0.00615239
0.00536776
0.00532651
0.00555730
0.00708270
0.00544953
0.00518942
0.00609064
0.00627923
0.00572824
0.00530958
0.00584817
0.00563025
0.00558209
0.00517726
0.00537133
0.00564146
0.00630641
0.00549865
0.00560427
0.00561261
0.00633359
0.00543118
0.00577354
0.00611997
0.00570798
0.00541401
0.00619102
0.00592589
0.00536299
0.00523233
0.00600672
0.00572920
0.00593328
0.00559258
0.00574207
0.00519323
0.00515723
0.00583196
0.00574112
0.00570798
0.00519466
0.00649428
0.00576591
0.00576258
0.00534487
0.00567150
0.00592351
0.00523853
0.00563216
0.00566435
0.00590730
0.00544238
0.00558114
0.00538969
0.00595951
0.00573206
0.00586438
0.00530720
0.00658059
0.00555682
0.00530624
0.00538921
0.00575066
0.00569272
0.00602007
0.00581431
0.00570202
0.00561285
0.00585413
0.00627708
0.00604224
0.00531769
0.00605845
0.00533724
0.00524211
0.00536489
0.00552273
0.00537324
0.00546622
0.00557852
0.00604224
0.00581956
0.00577593
0.00528240
0.00593877
0.00591254
0.00621629
0.00527906
0.00575662
0.00599885
0.00544786
0.00527811
0.00574756
0.00585556
0.00577879
0.00536346
0.00579929
0.00580502
0.00658965
0.00537610
0.00553870
0.00603533
0.00566721
0.00532222
0.00576186
0.00571918
0.00551581
0.00524139
0.00547600
0.00521302
0.00597930
0.00527763
0.00584483
0.00559998
0.00629282
0.00552201
0.00567889
0.00517392
0.00619745
0.00563955
0.00585413
0.00636172
0.00562263
0.00548172
0.00585318
0.00531030
0.00600863
0.00563788
0.00586629
0.00547838
0.00571585
0.00536203
0.00582910
0.00549507
0.00684881
0.00589013
0.00593019
0.00734282
0.00568581
0.00530219
0.00684118
0.00578976
0.00531459
0.00554466
0.00533009
0.00553656
0.00537729
0.00518703
0.00580049
0.00574565
0.00563049
0.00539756
0.00580072
0.00565171
0.00610375
0.00527620
0.00573707
0.00606632
0.00567913
0.00528884
0.00545430
0.00585604
0.00572753
0.00542045
0.00621319
0.00596285
0.00692797
0.00629091
0.00550842
0.00520825
0.00569153
0.00552034
0.00534439
0.00527382
0.00622106
0.00653052
0.00555634
0.00569391
0.00626493
0.00551057
0.00551677
0.00530934
0.00624609
0.00588942
0.00538874
0.00637722
0.00576210
0.00576067
0.00583839
0.00573730
0.00623488
0.00624990
0.00521255
0.00593114
0.00600147
0.00532174
0.00530767
0.00571394
0.00537157
0.00605083
0.00519490
0.00561357
0.00592709
0.00579429
0.00535989
0.00635576
0.00632071
0.00526094
0.00555444
0.00577402
0.00576997
0.00625420
0.00524998
0.00552487
0.00612855
0.00583220
0.00520515
0.00591540
0.00634360
0.00579810
0.00527120
0.00602269
0.00641680
0.00579143
0.00549531
0.00585914
0.00550508
0.00539613
0.00571489
0.00576138
0.00652337
0.00581717
0.00532866
0.00592589
0.00614119
0.00539398
0.00518131
0.00612044
0.00591254
0.00523996
0.00512004
0.00633836
0.00588536
0.00570273
0.00531602
0.00584912
0.00645638
0.00566173
0.00513983
0.00579357
0.00623918
0.00563693
0.00515556
0.00551724
0.00528550
0.00548434
0.00544500
0.00589538
0.00545859
0.00570273
0.00530744
0.00512815
0.00586700
0.00552392
0.00561333
0.00628281
0.00586438
0.00523448
0.00590754
0.00565648
0.00566769
0.00536728
0.00694823
0.00584173
0.00562954
0.00530672
0.00556970
0.00530815
0.00533128
0.00530529
0.00581527
0.00528479
0.00532699
0.00566745
0.00605869
0.00634789
0.00542665
0.00585389
0.00568724
0.00577021
0.00521898
0.00556374
0.00535727
0.00519729
0.00567603
0.00660515
0.00552487
0.00554609
0.00580621
0.00570011
0.00552011
0.00565171
0.00597215
0.00586343
0.00583839
0.00537562
0.00579762
0.00524592
0.00527048
0.00581408
0.00527215
0.00587320
0.00523376
0.00607395
0.00575280
0.00574255
0.00521898
0.00583911
0.00549746
0.00615072
0.00533557
0.00598717
0.00593281
0.00567245
0.00512671
0.00588989
0.00580406
0.00560546
0.00527835
0.00565839
0.00595236
0.00581551
0.00523233
0.00523400
0.00583911
0.00526476
0.00581837
0.00559521
0.00591111
0.00520229
0.00622988
0.00571752
0.00554848
0.00523400
0.00625968
0.00522351
0.00518918
0.00612950
0.00536466
0.00565028
0.00524998
0.00566530
0.00567412
0.00511217
0.00565243
0.00532866
0.00525737
0.00511122
0.00575590
0.00544906
0.00609517
0.00516868
0.00604486
0.00598836
0.00564694
0.00519609
0.00562978
0.00534534
0.00529385
0.00558972
0.00551915
0.00556040
0.00580573
0.00560021
0.00655675
0.00585794
0.00526834
0.00570893
0.00581384
0.00606346
0.00540590
0.00566697
0.00684595
0.00573778
0.00513697
0.00645423
0.00570250
0.00549364
0.00513458
0.00579143
0.00564909
0.00514674
0.00516677
0.00587463
0.00581574
0.00515175
0.00572085
0.00520682
0.00545692
0.00555515
0.00525689
0.00600433
0.00555277
0.00562763
0.00563669
0.00509834
0.00566101
0.00653887
0.00527620
0.00516152
0.00634241
0.00559163
0.00537348
0.00529194
0.00597143
0.00594115
0.00568104
0.00555229
0.00583005
0.00563931
0.00511551
0.00513887
0.00595546
0.00550652
0.00516748
0.00557184
0.00577617
0.00515985
0.00563812
0.00516558
0.00569868
0.00522542
0.00568724
0.00510168
0.00540066
0.00569963
0.00519657
0.00560641
0.00536346
0.00569701
0.00557685
0.00573897
0.00540137
0.00598907
0.00597310
0.00555873
0.00527239
0.00597119
0.00675178
0.00570178
0.00542164
0.00594497
0.00565600
0.00532913
0.00963712
0.00688815
0.00605655
0.00633979
0.00582075
0.00510025
0.00565624
0.00719428
0.00561833
0.00507951
0.00565386
0.00626135
0.00538158
0.00522852
0.00616074
0.00584555
0.00571752
0.00559616
0.00571179
0.00608301
0.00545287
0.00524235
0.00583816
0.00548959
0.00599217
0.00522327
0.00564504
0.00563598
0.00574231
0.00540709
0.00559950
0.00522780
0.00508857
0.00568938
0.00512528
0.00571346
0.00520611
0.00568485
0.00506926
0.00510311
0.00573421
0.00575447
0.00634623
0.00518394
0.00593138
0.00612092
0.00531244
0.00509238
0.00580311
0.00531912
0.00509453
0.00508928
0.00698853
0.00573039
0.00550628
0.00574231
0.00573540
0.00578666
0.00562406
0.00513196
0.00564694
0.00555420
0.00511956
0.00520182
0.00568032
0.00571513
0.00508142
0.00561643
0.00560951
0.00542259
0.00562549
0.00520587
0.00564623
0.00521898
0.00548196
0.00507879
0.00515509
0.00600719
0.00564599
0.00511813
0.00574160
0.00554252
0.00513744
0.00622177
0.00528431
0.00593567
0.00528240
0.00547481
0.00512218
0.00565696
0.00578713
0.00574946
0.00514960
0.00592160
0.00567031
0.00564528
0.00511241
0.00562191
0.00529861
0.00505567
0.00552940
0.00652575
0.00582385
0.00554037
0.00513411
0.00582600
0.00504971
0.00533247
0.00593019
0.00584221
0.00518012
0.00542665
0.00580716
0.00557446
0.00551438
0.00542617
0.00547314
0.00597882
0.00570512
0.00539327
0.00574112
0.00542355
0.00548100
0.00526357
0.00570655
0.00573635
0.00565314
0.00516248
0.00632405
0.00618291
0.00518250
0.00503516
0.00626254
0.00592780
0.00531721
0.00521231
0.00604105
0.00559163
0.00567293
0.00507283
0.00542736
0.00570869
0.00513220
0.00559902
0.00672817
0.00553870
0.00509953
0.00610185
0.00580978
0.00585580
0.00523686
0.00596571
0.00556350
0.00553250
0.00628138
0.00544500
0.00513291
0.00552535
0.00543356
0.00518417
0.00518560
0.00511670
0.00569153
0.00504375
0.00500655
0.00558805
0.00620294
0.00513196
0.00507069
0.00608706
0.00591278
0.00556231
0.00559449
0.00596547
0.00582910
0.00579834
0.00513053
0.00565910
0.00579405
0.00544477
0.00526762
0.00589943
0.00615120
0.00543761
0.00515318
0.00596738
0.00573468
0.00560474
0.01576829
0.00574040
0.00517511
0.00521755
0.00541735
0.00565863
0.00509191
0.00551200
0.00606322
0.00620890
0.00515151
0.00607562
0.00548005
0.00519252
0.00546885
0.00529861
0.00602317
0.00604796
0.00612879
0.00516462
