0.00712824
0.00632048
0.00602531
0.00718379
0.00588560
0.00600839
0.00576830
0.00691605
0.00623155
0.00590920
0.00588202
0.00885010
0.00639319
0.00607991
0.00803328
0.00582552
0.00621700
0.00618172
0.00601482
0.00596380
0.00622034
0.00605893
0.00668931
0.00642800
0.00594997
0.00632310
0.00635242
0.00626659
0.00583220
0.00620723
0.00659347
0.00594306
0.00573206
0.00625539
0.00714993
0.00636125
0.00664067
0.00611854
0.00626016
0.00772333
0.00803447
0.00634384
0.00622535
0.00591230
0.00590062
0.00664425
0.00706244
0.00590682
0.00586557
0.00695634
0.00667763
0.00621748
0.00616241
0.00623560
0.00675344
0.00703168
0.00665784
0.00628662
0.00639987
0.00633049
0.00626063
0.00660801
0.00605512
0.00575781
0.00616002
0.00713181
0.00614214
0.00596046
0.00700235
0.00670528
0.00556707
0.00602794
0.00640559
0.00631857
0.00566006
0.00636888
0.00605798
0.00628066
0.00604892
0.00615072
0.00578666
0.00601387
0.00561404
0.00612593
0.00568342
0.00680065
0.00620437
0.00605965
0.00948834
0.00760484
0.00778961
0.00606465
0.00626540
0.00560546
0.00604653
0.00742006
0.00598478
0.00563359
0.00773263
0.00635958
0.00566316
0.00676417
0.00567245
0.00578499
0.00590181
0.00562477
0.00605679
0.00768614
0.00615382
0.00622559
0.00717998
0.00576878
0.00593853
0.00628924
0.00592518
0.00628948
0.00605702
0.00672770
0.00553131
0.00605488
0.00592160
0.00572371
0.00608778
0.00598264
0.00605130
0.00608063
0.00865078
0.00655270
0.00616241
0.00595856
0.00558114
0.00633669
0.00656629
0.00600147
0.00552368
0.00568151
0.00856209
0.00646567
0.00595593
0.00539565
0.00608754
0.00617075
0.00611830
0.00561595
0.00611401
0.00714278
0.00646234
0.00621271
0.00571799
0.00597095
0.00562596
0.00630569
0.00590491
0.00552464
0.00608563
0.00614500
0.01040173
0.00892615
0.00718808
0.00747299
0.00612330
0.00648403
0.00677967
0.00553751
0.00695181
0.00634027
0.00628948
0.00605178
0.00609207
0.00581288
0.00582170
0.00575829
0.00630569
0.00594664
0.00552011
0.00579381
0.00575256
0.00578403
0.00542259
0.00633454
0.00583196
0.00622106
0.00619411
0.00544786
0.00588298
0.00634980
0.00578856
0.00530958
0.00668383
0.00631857
0.00564361
0.00592184
0.00585198
0.00598502
0.00686479
0.00551057
0.00599933
0.00676537
0.00644159
0.00579858
0.00586200
0.00595498
0.00531483
0.00618982
0.00553083
0.00605011
0.00602603
0.00616622
0.00568771
0.00604725
0.00885940
0.00761700
0.00628519
0.00614023
0.00620198
0.00633383
0.00606871
0.00566602
0.00664902
0.00634146
0.00598097
0.00595808
0.00560427
0.00610423
0.00603366
0.00563741
0.00592709
0.00624895
0.00614238
0.00575733
0.00562763
0.00618696
0.00536609
0.00596261
0.00675917
0.00590014
0.00635934
0.00628901
0.00578618
0.00604248
0.00561762
0.00599170
0.00583386
0.00599170
0.00634289
0.00582099
0.00550222
0.00604844
0.00614119
0.00611019
0.00580525
0.00563431
0.00603271
0.00575542
0.00603080
0.00543880
0.00640607
0.00648665
0.00610113
0.00538135
0.00604510
0.00608277
0.00603771
0.00554299
0.00577831
0.00640202
0.00697875
0.00542665
0.00593328
0.00778437
0.00559020
0.00558043
0.00615048
0.00652575
0.00608253
0.00726676
0.00594282
0.00567412
0.00622106
0.00544810
0.00539732
0.00615478
0.00719237
0.00545168
0.00560760
0.00716639
0.00600171
0.00558877
0.00559831
0.00551486
0.00657272
0.00556970
0.00537276
0.00604796
0.00637817
0.00582170
0.00547433
0.00608349
0.00582218
0.00602841
0.00553226
0.00611639
0.00638628
0.00616407
0.00546908
0.00656247
0.00778794
0.00612140
0.00605249
0.00650930
0.00601268
0.00726819
0.00640965
0.00615144
0.00553751
0.00587630
0.00580144
0.00634885
0.00555325
0.00561571
0.00630856
0.00629902
0.00589037
0.00592613
0.00596189
0.00593328
0.00547051
0.00604939
0.00556183
0.00615287
0.00583529
0.00617099
0.01009607
0.00703263
