0.00685763
0.00578094
0.00710464
0.00684738
0.00637412
0.00608468
0.00648046
0.00651431
0.00636554
0.00590491
0.00581622
0.00637460
0.00579643
0.00571799
0.00634408
0.00577259
0.00620890
0.00648069
0.00584292
0.00638127
0.00709796
0.00646281
0.00579000
0.00596666
0.00567579
0.00595427
0.00613713
0.00616789
0.00623035
0.00657463
0.00633454
0.00664639
0.00638795
0.00664520
0.00668478
0.00614429
0.00580168
0.00622964
0.00720358
0.00624394
0.00598288
0.00689316
0.00571585
0.00562239
0.00621986
0.00742888
0.00623035
0.00634718
0.00694132
0.00585914
0.00618267
0.00594306
0.00588489
0.00591850
0.00604463
0.00621247
0.00635886
0.00580335
0.00613523
0.00605369
0.00683451
0.00570321
0.00630617
0.00671983
0.00606012
0.00580645
0.00644517
0.00727224
0.00648093
0.00582790
0.00652313
0.00740790
0.00631523
0.00628328
0.00655246
0.00565147
0.00596428
0.00641322
0.00717330
0.00625610
0.00627232
0.00589967
0.00576568
0.00653958
0.00654864
0.00625181
0.00595975
0.00657105
0.00590467
0.00613737
0.00567532
0.00594950
0.00565910
0.00566816
0.00596046
0.00628209
0.00579476
0.00637817
0.00656676
0.00576448
0.00603557
0.00596714
0.00616503
0.00563264
0.00616336
0.00626636
0.00560427
0.00623822
0.00631475
0.00557780
0.00610280
0.00615144
0.00565624
0.00653148
0.00619483
0.00637770
0.00604033
0.00579929
0.00600028
0.00599861
0.00575185
0.00561786
0.00662112
0.00639081
0.00632882
0.00582886
0.00642395
0.00566101
0.00620556
0.00570035
0.00607657
0.00614905
0.00570273
0.00671887
0.00636196
0.00575185
0.00601768
0.00666070
0.00640059
0.00575566
0.00605774
0.00644755
0.00583434
0.00629807
0.00583220
0.00564361
0.00630808
0.00690818
0.00623274
0.00592875
0.00626516
0.00616550
0.00607538
0.00622344
0.00618529
0.00648189
0.00692844
0.00570726
0.00580382
0.00578690
0.00612402
0.00578547
0.00586700
0.00623894
0.00683784
0.00575662
0.00636315
0.00596714
0.00598288
0.00567651
0.00598645
0.00588751
0.00561953
0.00666571
0.00622559
0.00567341
0.00631428
0.00595665
0.00603247
0.00582480
0.00584292
0.00630188
0.00591207
0.00626540
0.00696683
0.00650573
0.00610137
0.00582075
0.00634098
0.00574183
0.00623536
0.00637054
0.00608182
0.00615692
0.00612617
0.00625753
0.00574255
0.00598121
0.00627208
0.00568986
0.00632763
0.00618863
0.00564194
0.00642204
0.00572944
0.00554371
0.00640202
0.00690794
0.00609922
0.00587559
0.00605750
0.00565124
0.00580883
0.00623083
0.00576186
0.00578260
0.00623417
0.00617957
0.00580525
0.00642896
0.00602198
0.00620723
0.00574493
0.00569105
0.00632191
0.00599170
0.00578356
0.00639939
0.00612354
0.00616932
0.00585127
0.00686383
0.00646377
0.00613070
0.00584221
0.00575638
0.00641918
0.00620174
0.00568962
0.00629663
0.00637364
0.00636721
0.00687933
0.00604177
0.00615025
0.00584078
0.00617409
0.00557041
0.00577402
0.00658655
0.00735784
0.00632834
0.00597787
0.00594544
0.00605989
0.00591660
0.00623178
0.00666118
0.00677729
0.00590301
0.00596619
0.00641370
0.00587153
0.00633788
0.00575757
0.00588059
0.00606155
0.00664878
0.00683880
0.00653911
0.00631523
0.00610399
0.00617194
0.00643182
0.00615644
0.00836515
0.00649333
0.00569534
0.00841165
0.00708508
0.00603461
0.00590038
0.00606036
0.00599194
0.00587583
0.00756335
0.00610495
0.00648785
0.00754404
0.00629282
0.00715065
0.00759768
0.00581169
0.00645638
0.00740504
0.00674963
0.00591707
0.00643420
0.00657606
0.00659513
0.00588250
0.00580120
0.00813580
0.00689101
0.00611997
0.00605249
0.00675344
0.00671268
0.00642133
0.00672626
0.00579643
0.00645995
0.00661469
0.00582433
0.00608206
0.00613403
0.00622749
0.00675273
0.00647974
0.00609541
0.00592089
0.00676608
0.00583005
0.00638413
0.00765800
0.00615644
0.00581813
0.00625491
0.00663567
0.00624633
0.00593638
0.00625277
0.00666070
0.00576115
0.00621867
0.00633335
0.00631094
0.00582576
0.00610375
0.00617027
0.00565314
0.00651383
0.00628948
0.00619364
0.00642109
0.00631213
0.00624514
0.00764513
0.00585842
0.00609398
0.00689268
0.00650096
0.00565815
0.00592184
0.00639057
0.00562668
0.00627041
0.00672364
0.00768661
0.00603223
0.00577998
0.00617981
0.00634694
0.00620627
0.00574470
0.00742173
0.00617623
0.00610304
0.00821161
0.00628829
0.00577307
0.00608015
0.00649953
0.00625277
0.00765991
0.00683880
0.00592566
0.00636721
0.00587773
0.00587678
0.00587797
0.00572777
0.00686693
0.00671077
0.00643992
0.00573039
0.00645947
0.00591111
0.00561595
0.00587463
0.00602412
0.00571394
0.00628805
0.00719070
0.00587034
0.00631022
0.00565696
0.00623488
0.00584149
0.00596547
0.00606751
0.00604010
0.00610852
0.00609660
0.00603962
0.00617337
0.00638723
0.00651336
0.00648046
0.00586772
0.00640750
0.00593948
0.00628710
0.00594044
0.00580764
0.00602436
0.00707340
0.00636244
0.00567770
0.00650859
0.00631952
0.00681949
0.00603604
0.00595641
0.00653839
0.00627255
0.00621486
0.00604367
0.00619626
0.00572443
0.00568795
0.00617528
0.00576591
0.00755668
0.00653958
0.00619864
0.00696564
0.00592947
0.00603199
0.00566649
0.00631309
0.00786853
0.00637627
0.00607347
0.00580025
0.00590205
0.00620008
0.00649524
0.00582767
0.00640368
0.00632787
0.00567341
0.00638413
0.00607800
0.00597239
0.00581217
0.00676775
0.00575662
0.00628066
0.00663877
0.00631714
0.00589108
0.00581932
0.00639367
0.00593758
0.00580287
0.00567341
0.00618458
0.00630736
0.00637531
0.00643301
0.00640440
0.00573325
0.00624228
0.00636649
0.00627565
0.00645041
0.00570703
0.00622106
0.00590158
0.00612426
0.00583172
0.00607395
0.00631833
0.00565314
0.00641203
0.00631452
0.00563097
0.00627375
0.00606871
0.00615954
0.00592542
0.00631213
0.00619507
0.00618124
0.00628376
0.00588918
0.00618792
0.00629354
0.00566745
0.00653410
0.00693846
0.00602579
0.00590420
0.00694013
0.00617957
0.00622034
0.00626040
0.00638175
0.00646234
0.00628662
0.01262856
0.00731158
0.00630426
0.00640845
0.00680947
0.00636220
0.00599504
0.00698280
0.00614452
0.00608540
0.00584173
0.00744843
0.00695539
0.00640583
0.00793982
0.00635266
0.00636816
0.00627327
0.00594115
0.00609279
0.00602984
0.00576806
0.00629067
0.00640297
0.00565219
0.00636601
0.00590181
0.00609159
0.00613713
0.00682521
0.00651479
0.00721264
0.00719714
0.00677633
0.00620198
0.00621510
0.00679564
0.00673151
0.00665712
0.00578427
0.00589943
0.00601006
0.00602269
0.00661826
0.00649619
0.00578761
0.00626111
0.00656366
0.00561190
0.00659132
0.00586772
0.00634217
0.00584388
0.00764084
0.00691843
0.00646567
0.00708008
0.00619102
0.00611448
0.00619984
0.00575781
0.00766253
0.00643969
0.00565195
0.00625563
0.00674510
0.00666785
0.00773358
0.00613856
0.00752187
0.00679851
0.00585747
0.00606251
0.00675106
0.00690484
0.00564051
0.00622654
0.00876331
0.00651360
0.00594354
0.00715041
0.00616908
0.00930023
0.00707221
0.00642300
0.00707388
0.00580072
0.00571012
0.00638628
0.00683522
0.00569510
0.00622845
0.00705361
0.00628781
0.00627089
0.00649929
0.00625324
0.00600028
0.00617027
0.00753832
0.00646448
0.00581408
0.00599599
0.00634742
0.00576305
0.00617433
0.00584245
0.00576305
0.00633693
0.00700021
0.00630379
0.00568986
0.00614023
0.00577521
0.00616693
0.00653100
0.00614142
0.00608492
0.00615311
0.00606489
0.00568986
0.00666595
0.00616336
0.00578451
0.00610352
0.00697470
0.00589657
0.00619960
0.00622702
0.00594282
0.00588560
0.00577760
0.00606465
0.00592470
0.00673175
0.00699997
0.00613618
0.00608516
0.00610948
0.00609183
0.00569677
0.00574064
0.00868392
0.00631666
0.00584459
0.00867152
0.00654864
0.01083159
0.00713849
0.00621057
0.00602460
0.00616217
0.00571418
0.00597382
0.00608158
0.00645518
0.00644636
0.00610185
0.00624800
0.00645971
0.00614190
0.00588298
0.00656199
0.00597787
0.00620246
0.00687170
0.00713444
0.00623083
0.00618958
0.00835228
0.00616693
0.00602293
0.00631595
0.00725222
0.00630546
0.00626564
0.00596857
0.00570512
0.00617313
0.00635767
0.00636196
0.00593591
0.00659037
0.00596166
0.00631881
0.00594401
0.00614238
