0.00543261
0.00509620
0.00520945
0.00540876
0.00511432
0.00653696
0.00555134
0.00522280
0.00566316
0.00604630
0.00567031
0.00556374
0.00549603
0.00520945
0.00524426
0.00525880
0.00586939
0.00556064
0.00521493
0.00628757
0.00579619
0.00503826
0.00508952
0.00538039
0.00566101
0.00505614
0.00518656
0.00587940
0.00538278
0.00558329
0.00531030
0.00521159
0.00514412
0.00538445
0.00591803
0.00505614
0.00539804
0.00501943
0.00568962
0.00539565
0.00558782
0.00520325
0.00556827
0.00522327
0.00541568
0.00501537
0.00551367
0.00574708
0.00512052
0.00554347
0.00516772
0.00566602
0.00504708
0.00590253
0.00605989
0.00579333
0.00509858
0.00571752
0.00513792
0.00571322
0.00601578
0.00506735
0.00547075
0.00576162
0.00559020
0.00548148
0.00512004
0.00524712
0.00549912
0.00532246
0.00510740
0.00548720
0.00553370
0.00591707
0.00538802
0.00545764
0.00522208
0.00610876
0.00574255
0.00521684
0.00514579
0.00546384
0.00506186
0.00521183
0.00502419
0.00545597
0.00520778
0.00548959
0.00551939
0.00622368
0.00506425
0.00537038
0.00543022
0.00568557
0.00504637
0.00581932
0.00566339
0.00576711
0.00502992
0.00513625
0.00506330
0.00497222
0.00539517
0.00643706
0.00601029
0.00504041
0.00536132
0.00657439
0.00582671
0.00529814
0.00537252
0.00560760
0.00573063
0.00548077
0.00522447
0.00511217
0.00551128
0.00563836
0.00545382
0.00551558
0.00550818
0.00503731
0.00545716
0.00557208
0.00553441
0.00583625
0.00542259
0.00581264
0.00635576
0.00515366
0.00506997
0.00533199
0.00517917
0.00498915
0.00544858
0.00600982
0.00537992
0.00520158
0.00506663
0.00541329
0.00531507
0.00497699
0.00537324
0.00594997
0.00565696
0.00505781
0.00588965
0.00512099
0.00546455
0.00526500
0.00552177
0.00559568
0.00653076
0.00600600
0.00513458
0.00516391
0.00498748
0.00521970
0.00543141
0.00671983
0.00552726
0.00533748
0.00553226
0.00507307
0.00557780
0.00502801
0.00547099
0.00566912
0.00563192
0.00520396
0.00561261
0.00639629
0.00599194
0.00510693
0.00612378
0.00509405
0.00520396
0.00522685
0.00577521
0.00608921
0.00500083
0.00584126
0.00576711
0.00562954
0.00504565
0.00510788
0.00566292
0.00504041
0.00566101
0.00537014
0.00634289
0.00605798
0.00506234
0.00506496
0.00567055
0.00568533
0.00502896
0.00541043
0.00664282
0.00553894
0.00498152
0.00583863
0.00586176
0.00560880
0.00494909
0.00506902
0.00611615
0.00507188
0.00501299
0.00542235
0.00580907
0.00505972
0.00502229
0.00540805
0.00516677
0.00549388
0.00572324
0.00563312
0.00497818
0.00522375
0.00529528
0.00501871
0.00538111
0.00582671
0.00580597
0.00501037
0.00530195
0.00497413
0.00500941
0.00560927
0.00553203
0.00580263
0.00534558
0.00536156
0.00555491
0.00563264
0.00519586
0.00498843
0.00503302
0.00639772
0.00539494
0.00503230
0.00502515
0.00545263
0.00633931
0.00493193
0.00498009
0.00547147
0.00516963
0.00518370
0.00542259
0.00584173
0.00514698
0.00495553
0.00587916
0.00516701
0.00532794
0.00501275
0.00508738
0.00562406
0.00522423
0.00492072
0.00504875
0.00653863
0.00575399
0.00562954
0.00512123
0.00532794
0.00530910
0.00621080
0.00520444
0.00513363
0.00531125
0.00592875
0.00515151
0.00512862
0.00499988
0.00542164
0.00502920
0.00555229
0.00508475
0.00542665
0.00524521
0.00532103
0.00498366
0.00552750
0.00506234
0.00538540
0.00544000
0.00568938
0.00505400
0.00560236
0.00498867
0.00542402
0.00570297
0.00525713
0.00503802
0.00583839
0.00534439
0.00508451
0.00525904
0.00557613
0.00561666
0.00509977
0.00506496
0.00546432
0.00500584
0.00537896
0.00498915
0.00542712
0.00535154
0.00538039
0.00516558
0.00590777
0.00560427
0.00503445
0.00549221
0.00517058
0.00556946
0.00499392
0.00528383
0.00535512
0.00561857
0.00502205
0.00497365
0.00507331
0.00577736
0.00587845
0.00498796
0.00535583
0.00516868
0.00544167
0.00520730
0.00505447
0.00506377
0.00570536
0.00589561
0.00521159
0.00536180
0.00511146
0.00556207
0.00571108
0.00528502
0.00544000
0.00507236
0.00556397
0.00507927
0.00535369
0.00508404
0.00617170
