0.00412107
0.00543666
0.00691676
0.00497413
0.00496650
0.00491476
0.00561810
0.00580740
0.00544953
0.00524879
0.00502944
0.00523186
0.00525427
0.00505424
0.00518680
0.00495911
0.00492167
0.00543737
0.00556970
0.00536180
0.00527930
0.00652432
0.00517130
0.00490451
0.00511861
0.00545597
0.00520158
0.00537825
0.00503397
0.00523376
0.00498462
0.00582933
0.00514674
0.00537109
0.00552368
0.00540257
0.00530481
0.00492954
0.00528526
0.00495005
0.01777458
0.00603342
0.00571275
0.00491905
0.00501966
0.00494003
0.00544095
0.00553703
0.00530481
0.00554538
0.00530720
0.00527954
0.00524235
0.00505805
0.00621176
0.00519633
0.00500417
0.00494242
0.00554514
0.00558543
0.00510478
0.00537658
0.00541401
0.00544000
0.00532317
0.00548983
0.00526643
0.00501180
0.00512743
0.00512719
0.00493097
0.00540280
0.00576353
0.00547814
0.00540018
0.00497007
0.00589967
0.00523138
0.00509119
0.00537038
0.00572777
0.00574541
0.00500202
0.00512266
0.00493097
0.00630713
0.00541210
0.00520134
0.00501728
0.00545931
0.00524664
0.00493598
0.00517654
0.00533104
0.00535893
0.00540733
0.00519633
0.00544572
0.00500607
0.00493860
0.00490570
0.00534153
0.00600433
0.00533605
0.00587630
0.00531435
0.00556111
0.00502706
0.00502968
0.00540805
0.00526190
0.00550485
0.00523567
0.00577736
0.00580049
0.00520921
0.00498557
0.00512648
0.00567770
0.00538468
0.00546241
0.00530314
0.00541496
0.00519681
0.00556469
0.00577068
0.00507236
0.00555110
0.00542521
0.00587869
0.00551414
0.00510263
0.00517368
0.00539398
0.00587273
0.00537515
0.00536275
0.00584960
0.00534153
0.01135635
0.00702119
0.00643373
0.00533080
0.00566673
0.00493169
0.00534368
0.00490713
0.00577021
0.00592208
0.00505686
0.00561929
0.00501108
0.00629210
0.00502563
0.00554681
0.00555325
0.00538254
0.00593734
0.00497818
0.00507092
0.00522494
0.00574875
0.00583911
0.00505996
0.00571036
0.00496626
0.00512052
0.00587392
0.00531101
0.00552082
0.00505710
0.00503302
0.00546551
0.00520873
0.00494385
0.00512433
0.00634098
0.00543952
0.00565100
0.00531292
0.00531912
0.00562215
0.00523615
0.00547028
0.00520706
0.00636697
0.00533414
0.00509858
0.00500154
0.00511956
0.00543642
0.00533652
0.00494480
0.00495076
0.00550461
0.00491953
0.00569940
0.00523663
0.00537753
0.00545549
0.00528765
0.00625372
0.00524139
0.00533247
0.00501847
0.00572181
0.00584888
0.00550008
0.00575662
0.00548625
0.00537229
0.00533414
0.00558400
0.00573874
0.00497437
0.00631714
0.00497770
0.00580764
0.00497890
0.01096797
0.00693226
0.00641894
0.00557613
0.00520921
0.00512266
0.00567770
0.00539589
0.00634003
0.00506449
0.00520802
0.00486231
0.00545096
0.00569940
0.00739884
0.00599718
0.00603867
0.00515485
0.00541711
0.00534058
0.00514054
0.00556183
0.00512767
0.00533295
0.00572634
0.00565863
0.00541139
0.00609684
0.00548625
0.00559998
0.00550270
0.00536585
0.00591350
0.00504518
0.00508261
0.00501966
0.00540257
0.00593996
0.00550461
0.00540447
0.00514889
0.00522995
0.00503016
0.00519896
0.00504327
0.00517058
0.00504494
0.00552058
0.00568986
0.00548744
0.00542569
0.00518298
0.00557709
0.00512314
0.00567031
0.00515151
0.01073837
0.00876689
0.00619078
0.00550938
0.00681353
0.00527954
0.00563264
0.00510883
0.00535107
0.00531006
0.00518751
0.00512004
0.00544548
0.00654030
0.00621843
0.00519562
0.00505805
0.00572515
