0.00668144
0.00744534
0.00604463
0.00590086
0.00629401
0.00536680
0.00546789
0.00546074
0.00540519
0.00579906
0.00640154
0.00585961
0.00609016
0.00555277
0.00585055
0.00559449
0.00548553
0.00582361
0.00561047
0.00566101
0.00604510
0.00539184
0.00648880
0.00590634
0.00536108
0.00616074
0.00620627
0.00614905
0.00558257
0.00571227
0.00604916
0.00550270
0.00574517
0.00573945
0.00575805
0.00552225
0.00610352
0.00548887
0.00625157
0.00618577
0.00541377
0.00612092
0.00577450
0.00615191
0.00546217
0.00643563
0.00627899
0.00561690
0.00576186
0.00632095
0.00836062
0.00856590
0.00910091
0.00780773
0.00599265
0.00568819
0.00592017
0.00564384
0.00554109
0.00591111
0.00566959
0.00615120
0.00543308
0.00589585
0.00814462
0.00631309
0.00580287
0.00632429
0.00639915
0.00689960
0.00592232
0.00598216
0.00650597
0.00589681
0.00543714
0.00589681
0.00650263
0.00593019
0.00624561
0.00639844
0.00597715
0.00548053
0.00593376
0.00544500
0.00580263
0.00606823
0.00547171
0.00569105
0.00583482
0.00540376
0.00559950
0.00598764
0.00535059
0.00556350
0.00619411
0.00549507
0.00543571
0.00598955
0.00636506
0.00583863
0.00590467
0.00561929
0.00596023
0.00562811
0.00598073
0.00640178
0.00565267
0.00548363
0.00592971
0.00629377
0.00616908
0.00596762
0.00611901
0.00543284
0.00584745
0.00561452
0.00568557
0.00607467
0.00544119
0.00564909
0.00596189
0.00551987
0.00559163
0.00618124
0.00573564
0.00654221
0.00555110
0.00648379
0.00599980
0.00568342
0.00587225
0.00543952
0.00567460
0.00580859
0.00543475
0.00568414
0.00734925
0.00685763
0.00648236
0.00572133
0.00575852
0.00559354
0.00630307
0.00565529
0.00599575
0.00640392
0.00554585
0.00580955
0.00610828
0.00554132
0.00582910
0.00631285
0.00554967
0.00608802
0.00729561
0.00616288
0.00538254
0.00592279
0.00602078
0.00542116
0.00609589
0.00671124
0.00617552
0.00562811
0.00575399
0.00621152
0.00583291
0.00591612
0.00607729
0.00662374
0.00669456
0.00560641
0.00610757
0.00620151
0.00559878
0.00553608
0.00607848
0.00636983
0.00639987
0.00610566
0.00665236
0.00620508
0.00627756
0.00711536
0.00672269
0.00588202
0.00601959
0.00572729
0.00569940
0.00609660
0.00550818
0.00682163
0.00616479
0.00562286
0.00620413
0.00615740
0.00619507
0.00556111
0.00617933
0.00553346
0.00588703
0.00623941
0.00549984
0.00608397
0.00552940
0.00611448
0.00820351
0.00693440
0.00647140
0.00666046
0.00652170
0.00709081
0.00557327
0.00601363
0.00610757
0.00640106
0.00541019
0.00598979
0.00629711
0.00563884
0.00577116
0.00545263
0.00549316
0.00590253
0.00552440
0.00572109
0.00604439
0.00573921
0.00611186
0.00599837
0.00617695
0.00562286
0.00616360
0.00551677
0.00573850
0.00572777
0.01192546
0.00693107
0.00623012
0.00540137
0.00536180
0.00609374
0.00540662
0.00551891
0.00718999
0.00545430
0.00601864
0.00663757
0.00606418
0.00575733
0.00554323
0.00635529
0.00588250
0.00553846
0.00634694
0.00559521
0.00618839
0.00548244
0.00535798
0.00606680
0.00594282
0.00594091
0.00615335
0.00560260
0.00619340
0.00544906
0.00585818
0.00623703
0.00570297
0.00591803
0.00589681
0.00625515
0.00541902
0.00545812
0.00621295
0.00571156
0.00547266
0.00611305
0.00549531
0.00545716
0.00595450
0.00540280
0.00539017
0.00582719
0.00601315
0.00557208
0.00644517
0.00545239
0.00610662
0.00579619
0.00613332
0.00624347
0.00561047
0.00544333
0.00542688
0.00651765
0.00623441
0.00565839
0.00609422
0.00547409
0.00533247
0.00605083
0.00586915
0.00664544
0.00583625
0.00551796
0.00579977
0.00624514
0.00591755
0.00560880
0.00604844
0.00623417
0.00562358
0.00600672
0.00635290
0.00572205
0.00546026
0.00537205
0.00570536
0.00591135
0.00538945
0.00562596
0.00624061
0.00548077
0.00593901
0.00609446
0.00538111
0.00565720
0.00665283
0.00562453
0.00600171
0.00608730
0.00606132
0.00577378
0.00578070
0.00567222
0.00537014
0.00550914
0.00561166
0.00565386
0.00549102
0.00587034
0.00560689
0.00598025
0.00564814
0.00599313
0.00654697
0.00602651
0.00584292
0.00560975
0.00667715
0.00537205
0.00582790
0.00648856
0.00564837
0.00605512
0.00563097
0.00578904
0.00593638
0.00539470
0.00581169
0.00554156
0.00598550
0.00583768
0.00604272
0.00628924
0.00546718
0.00539207
0.00583267
0.00614214
0.00566912
0.00618815
0.00547457
0.00551891
0.00553656
0.00622773
0.00531054
0.00538397
0.00571251
0.00525761
0.00540042
0.00606799
0.00557780
0.00615191
0.00586271
0.00531626
0.00618005
0.00537515
0.00556064
0.00613427
0.00599480
0.00593305
0.00577092
0.00568342
0.00553393
0.00540018
0.00545764
0.00597811
0.00552702
0.00551558
0.00580072
0.00543451
0.00546718
0.00576735
0.00533390
0.00551009
0.00571299
0.00570107
0.00578284
0.00579786
0.00579929
0.00561690
0.00573277
0.00529790
0.00603437
0.00563812
0.00542593
0.00643396
0.00533271
0.00583649
0.00611043
0.00584817
0.00538111
0.00538421
0.00595427
0.00628996
0.00574064
0.00627995
0.00553775
0.00568533
0.00533652
0.00618386
0.00604486
0.00549245
0.00545168
0.00597596
0.00529981
0.00539017
0.00576043
0.00523305
0.00529981
0.00573444
0.00557494
0.00593996
0.00596499
0.00579548
0.00567508
0.00577378
0.00526881
0.00585461
0.00587606
0.00522876
0.00578880
0.00635457
0.00525928
0.00535393
0.00623941
0.00526714
0.00567603
0.00583529
0.00576949
0.00601912
0.00535893
0.00634766
0.00571537
0.00542665
0.00540471
0.00635242
0.00537491
0.00579906
0.00587249
0.00615001
0.00536561
0.00536060
0.00593996
0.00528312
0.00526762
0.00585699
0.00594091
0.00581670
0.00580740
0.00545907
0.00577164
0.00580311
0.00565720
0.00579357
0.00575209
0.00637627
0.00606036
0.00531602
0.00594878
0.00588918
0.00530434
0.00533867
0.00616002
0.00530767
0.00542808
0.00610399
0.00555062
0.00542045
0.00608587
0.00570011
0.00533438
0.00608182
0.01047206
0.00763726
0.00654030
0.00634670
0.00601578
0.00606108
0.00535965
0.00596452
0.00553083
0.00547433
0.00579405
0.00535774
0.00560379
0.00568271
0.00536084
0.00569439
0.00570679
0.00539279
0.00542498
0.00651169
0.00534868
0.00579739
0.00532937
0.00563550
0.00579333
0.00610375
0.00587487
0.00600290
0.00532508
0.00593972
0.00529671
0.00552416
0.00589085
0.00534940
0.00575399
0.00678825
0.00556827
0.00603485
0.00643229
0.00607514
0.00554967
0.00574684
0.00699973
0.00566244
0.00608039
0.00621963
0.00632858
0.00548577
0.00553131
0.00607586
0.00547361
0.00570178
0.00658369
0.00542068
0.00682759
0.00605869
0.00561881
0.00625181
0.00566506
0.00606322
0.00544977
0.00602865
0.00586128
0.00555110
0.00537968
0.00556135
0.00555611
0.00529265
0.00949860
0.00707531
0.00552630
0.00656271
0.00544024
0.00562787
0.00577807
0.00609708
0.00580502
0.00560403
0.00541377
0.00584674
0.00571465
0.00531268
0.00580716
0.00570011
0.00620437
0.00587392
0.00569224
0.00637579
0.00534964
0.00547624
0.00566959
0.00598311
0.00543904
0.00602794
0.00567031
0.00625491
0.00543523
0.00537086
0.00587797
0.00526786
0.00587583
0.00582290
0.00595188
0.00684547
0.00580740
0.00592136
0.00541520
0.00595951
0.00581098
0.00540519
0.00644493
0.00594258
0.00540924
0.00615406
0.00547671
0.00584435
0.00538421
0.00548792
0.00590253
0.00611949
0.00591540
0.00610018
0.00574493
0.00586152
0.00565720
0.00583291
0.00584579
0.00531316
0.00661898
0.00599289
0.00548291
0.00645995
0.00541663
0.00576854
0.00579500
0.00604296
0.00660443
0.00563002
0.00587344
0.00539041
0.00583029
0.00575900
0.00528073
0.00681472
0.00557089
0.00541139
0.00609469
0.00579786
0.00544810
0.00537276
0.00566673
0.00600028
0.00555849
0.00543380
0.00653577
0.00545979
0.00587296
0.00580192
0.00546527
0.00574255
0.00624299
0.00552392
0.00598550
0.00622749
0.00571036
0.00581098
0.00549126
0.00623393
0.00535440
0.00534678
0.00620961
0.00610423
0.00572968
0.00603199
0.00560784
0.00549126
0.00539231
0.00534058
0.00604367
0.00538516
0.00560689
0.00597668
0.00593352
0.00541353
0.00597882
0.00540113
0.00546288
0.00583649
0.00534582
0.00544286
0.00600648
0.00570464
0.00541306
0.00552964
0.00560093
0.00539279
0.00568581
0.00566840
0.00547457
0.00600934
0.00581694
0.00607204
0.00613666
0.00550508
0.00658131
0.00550556
0.00592303
0.00576949
0.00571775
0.00587130
0.00527787
0.00636983
0.00571442
0.00531983
0.00608087
0.00633621
0.00623870
0.00592303
0.00569916
0.00595737
0.00534248
0.00537491
0.00613642
0.00526452
0.00559568
0.00592065
0.00537205
0.00551009
0.00583839
0.00535297
0.00533772
0.00597548
0.00534964
0.00544286
0.00603151
0.00539112
0.00538850
0.00584030
0.00579882
0.00540996
0.00580788
0.01225972
0.00981307
0.00724030
0.00621343
0.00671101
0.00620675
0.00597167
0.00585341
0.00598097
0.00538754
0.00584006
0.00545144
0.00534844
0.00646234
0.00537395
0.00567412
0.00635052
0.00563502
0.00580621
0.00599837
0.00580573
0.00576782
0.00601411
0.00668120
0.00541854
0.00547266
0.00590444
0.00525856
0.00548553
0.00534797
0.00526857
0.00565481
0.00727057
0.00610352
0.00605440
0.00594711
0.00605989
0.00576091
0.00642991
0.00534296
0.00630116
0.00633907
0.00543261
0.00587416
0.00538135
0.00541306
0.00572777
0.00554872
0.00534868
0.00621104
0.00562382
0.00582433
0.00569224
0.00620627
0.00795650
0.00612664
0.00633407
0.00599933
0.00619698
0.00547934
0.00578403
0.00601101
0.00542235
0.00579643
0.00654221
0.00565696
0.00595188
0.00605083
0.00602007
0.00578499
0.00546217
0.00626969
0.00537014
0.00554037
0.00588226
0.00572371
0.00592542
0.00634789
0.00561070
0.00608325
0.00546026
0.00589895
0.00575376
0.00555110
0.00625277
0.00542116
0.00544500
0.00562596
0.00552130
0.00546098
0.00599837
0.00575113
0.00609446
0.00550914
0.00591063
0.00676060
0.00563717
0.00537586
0.00566339
0.00633502
0.00623512
0.00549722
0.00658441
0.00548983
0.00590324
0.00588512
0.00576758
0.00594640
0.00544000
0.00572252
0.00596642
0.00557232
0.00602102
0.00555134
0.01061392
0.00758862
0.00627589
0.00606513
0.00600505
0.00567150
0.00589252
0.00582385
0.00538683
0.00552440
0.00619102
0.00569057
0.00549436
0.00606108
0.00676537
0.00609803
0.00546813
0.00650668
0.00554776
0.00560880
0.00581217
0.00533652
0.00586438
0.00580096
0.00555587
0.00583148
0.00538611
0.00582767
0.00613403
0.00581384
0.00663233
0.00561190
0.00616622
0.00559926
0.00680256
0.00548553
0.00569057
0.00648141
0.00565147
0.00603080
0.00583005
0.00581264
0.00594568
0.00550270
0.00604844
0.00622678
0.00576520
0.00589395
0.00552797
0.00570583
0.00540280
0.00572824
0.00577593
0.00647449
0.00573349
0.00618315
0.00568867
0.00601029
0.00582457
0.00537229
0.00595617
0.00571609
0.00591278
0.00608516
0.00541782
0.00588703
0.00631475
0.00538445
0.00565410
0.00766039
0.00611496
0.00588965
0.00589323
0.00642204
0.00538182
0.00562572
0.00660682
0.00545692
0.00602245
0.00597239
0.00616360
0.00600696
0.00542426
0.00581789
0.00618601
0.00547814
0.00609326
0.00623703
0.00608039
0.00547457
0.00593519
0.00652766
0.00545645
0.00583124
0.00561357
0.00599194
0.00658894
0.00561857
0.00612044
0.00560069
0.00594044
0.00580931
0.00700092
0.00600195
0.00533557
0.00599694
0.00635147
0.00542307
0.00611448
0.00664949
0.00611591
0.00548434
0.00563002
0.00689387
0.00557208
0.00580430
0.00539589
0.00542307
0.00592422
0.00585890
0.00599957
0.00587440
0.00689292
0.00599933
0.00562620
0.00571132
0.00580549
0.00584507
0.00582981
0.00581408
0.00607204
0.00559950
0.00575900
0.00651240
0.00536275
0.00600052
0.00543976
0.00536227
0.00594711
0.00610447
0.00533891
0.00623751
0.00661874
0.00587320
0.00544977
0.00597310
0.00622630
0.00547719
0.00587988
0.00708508
0.00602460
0.00545025
0.00574160
0.00566673
0.00534606
0.00547957
0.00626063
0.00556707
0.00542545
0.00617266
0.00565362
0.00596499
0.00560546
0.00542665
0.00663805
0.00633860
0.00666332
0.00551295
0.00551105
0.00582123
0.00546384
0.00557113
0.00599170
0.00599790
0.00554585
0.00585198
0.00591660
0.00620818
0.00538445
0.00529838
0.00634170
0.00547171
0.00604057
0.00847030
0.00623584
0.00582194
0.00573516
0.00581670
0.00570560
0.00617266
0.00612187
0.00544047
0.00580645
0.00667834
0.00539327
0.00597405
0.00542617
0.00579715
0.00559425
0.00657940
0.00589156
0.00551295
0.00571799
0.00592923
0.00576258
0.00596309
0.00538325
0.00600481
0.00606775
0.00537848
0.00594330
0.00604200
0.00569701
0.00541782
0.00541854
0.00589347
0.00607419
0.00576353
0.00568557
0.00574207
0.00547218
0.00594020
0.00598407
0.00597453
0.00579309
0.00562572
0.00610781
0.00610900
0.00569940
0.00592089
0.00545454
0.00576425
0.00580931
0.00587058
0.00776815
0.00558090
0.00546575
0.00621700
0.00583458
0.00588799
0.00554800
0.00717854
0.00621390
0.00550890
0.00592566
0.00606513
0.00588131
0.00583100
0.00602913
0.00618219
0.00551391
0.00544739
0.00758410
0.00545597
0.00581741
0.00603414
0.00669098
0.00594163
0.00541043
0.00642920
0.00544786
0.00534821
0.00569820
0.00578713
0.00544000
0.00577927
0.00995159
0.00689650
0.00574613
0.00601482
0.00631404
0.00599217
0.00627279
0.00572371
0.00743365
0.00551629
0.00576282
0.00620508
0.00629306
0.00542498
0.00545883
0.00666404
0.00602698
0.00588536
0.00581813
0.00559568
0.00574923
0.00574207
0.00582671
0.00591063
0.00573063
0.00541687
0.00590396
0.00579262
0.00535917
0.00639510
0.00537348
0.00525904
0.00591564
0.00555658
0.00545835
0.00621367
