0.00723410
0.00588346
0.00508618
0.00581050
0.00514793
0.00558114
0.00555182
0.00506592
0.00571275
0.00511169
0.00504875
0.00502396
0.00520015
0.00530291
0.00521636
0.00541520
0.00553131
0.00573564
0.00512314
0.00501442
0.00550270
0.00566077
0.00557733
0.00608063
0.00515652
0.00526047
0.00556803
0.00506783
0.00561070
0.00508451
0.00550628
0.00733376
0.00657630
0.00582600
0.00587463
0.00597286
0.00567555
0.00560808
0.00615096
0.00514102
0.00593042
0.00545454
0.00512147
0.00501013
0.00562143
0.00538850
0.00572419
0.00510478
0.00528526
0.00542426
0.00522637
0.00572014
0.00529718
0.00645375
0.00504565
0.00542450
0.00581431
0.00564480
0.00500774
0.00506902
0.00561976
0.00497246
0.00512171
0.00690246
0.00588274
0.00499845
0.00529552
0.00513148
0.00557780
0.00545335
0.00561953
0.00586820
0.00541377
0.00561762
0.00522542
0.00494576
0.00522709
0.00503850
0.00576282
0.00503254
0.00585032
0.00515604
0.00540209
0.00564265
0.00503397
0.00640297
0.00556540
0.00557995
0.00531316
0.00510001
0.00542545
0.00923753
0.00636482
0.00605202
0.00522661
0.00550318
0.00573349
0.00520372
0.00510836
0.00496221
0.00558496
0.00566030
0.00549841
0.00558472
0.00536299
0.00548768
0.00508356
0.00561380
0.00535846
0.00563383
0.00511885
0.00509048
0.00569606
0.00498080
0.00557637
0.00496197
0.00558162
0.00536633
0.00508690
0.00551343
0.00505757
0.00991607
0.00709796
0.00619864
0.00578904
0.00511265
0.00555253
0.00550103
0.00507712
0.00512671
0.00524306
0.00506997
0.00522351
0.00503945
0.00556731
0.00518131
0.00558686
0.00539351
0.00511861
0.00549102
0.00500059
0.00538230
0.00563574
0.00509691
0.00565672
0.00528026
0.00540042
0.00497127
0.00505519
0.00590658
0.00503159
0.00774336
0.00605226
0.00598407
0.00603771
0.00551701
0.00565171
0.00501132
0.00582981
0.00522971
0.00541258
0.00499654
0.00529361
0.00553417
0.00519109
0.00550199
0.00539970
0.00515938
0.00563169
0.00503874
0.00560308
0.00513077
0.00555277
0.00554323
0.00519085
0.00561404
0.00498199
0.00557566
0.00495672
0.00516939
0.00553918
0.00537515
0.00563884
0.00499249
0.00513577
0.00557351
0.00499082
0.00538087
0.00538683
0.00565886
0.00548601
0.00509906
0.00559711
0.00494623
0.00503397
0.00505090
0.00499487
0.00554299
0.00554943
0.00637484
0.00529814
0.00530100
0.00571251
0.00546932
0.00555730
0.00537205
0.00609541
0.00515866
0.00607347
0.00541210
0.00573897
0.00498438
0.00587511
0.00510097
0.00555444
0.00560594
0.00545526
0.00518274
0.00500178
0.00531983
0.00525331
0.00557256
0.00501108
0.00589657
0.00564313
0.00527382
0.00562525
0.00513363
0.00559998
0.00498843
0.00508046
0.00571942
0.00510859
0.00873756
0.00649452
0.00556874
0.00660157
0.00567484
0.00548291
0.00558496
0.00577831
0.00568318
0.00546646
0.00515819
0.00544834
0.00507236
0.00558066
0.00894809
0.00593233
0.00572681
0.00505781
0.00548792
0.00568700
0.00663829
0.00534749
0.00534987
0.00531077
0.00561857
0.00503254
0.00539565
0.00583434
0.00574541
0.00507045
0.00574970
0.00559831
0.00510740
0.00782204
0.00597954
0.00560045
0.00936604
0.00665021
0.00540304
0.00556278
0.00504851
0.00545740
0.00514174
0.00559497
0.00503445
0.00501251
0.00581479
0.00495052
0.00541735
0.00605512
0.00546241
0.00508308
0.00539541
0.00511789
0.00554371
0.00504804
0.00522757
0.00596952
0.00532031
0.00611544
0.00513840
0.00554824
0.00513363
0.00519276
0.00557256
0.00610209
0.00520563
0.00525308
0.00577164
0.00613308
0.00537968
0.00511813
0.00613976
0.00511074
0.00546694
0.00545335
0.00560546
0.00506163
0.00516224
0.00552130
0.00493383
0.00515437
0.00595188
0.00548840
0.00504780
0.00505781
0.00558567
0.00516963
0.00530672
0.00523353
0.00666142
0.00506449
0.00530195
0.00575709
0.00565791
0.00500321
0.00502706
0.00585055
0.00506377
0.00543308
0.00519919
0.00582457
0.00502563
0.00503254
0.00507975
0.00514412
0.00510979
0.00573277
0.00670409
0.00514936
0.00511003
0.00605583
0.00522304
0.00528622
0.00542283
0.00605154
0.00515676
0.00545955
0.00525832
0.00583458
0.00502825
0.00559878
0.00508237
0.00561118
0.00681090
0.00629330
0.00535536
0.00572777
0.00496554
0.00542045
0.00496101
0.00534678
0.00541568
0.00501966
0.01082778
0.00806260
0.00778866
0.00775218
0.00613785
0.00514221
0.00567436
0.00509691
0.00557518
0.00604320
0.00570393
0.00503445
0.00540113
0.00575137
0.00545311
0.00536180
0.00568938
0.00599790
0.00508595
0.00596452
0.00508428
0.00543427
0.00532413
0.00490522
0.00546575
0.00561237
0.00548983
0.00509048
0.00552201
0.00594974
0.00497389
0.00498652
0.00500035
0.00529742
0.00593805
0.00501490
0.00569916
0.00533485
0.00542521
0.00493932
0.00539494
0.00589728
0.00497222
0.00549245
0.00582099
0.00507617
0.00554061
0.00508094
0.00548768
0.00498390
0.00506449
0.00576282
0.00517464
0.00558925
0.00511837
0.00542736
0.00546741
0.00498557
0.00554109
0.00529909
0.00507903
0.00544858
0.00608611
0.00571156
0.00500393
0.00502300
0.00530624
0.00523615
0.00568652
0.00630951
0.00563145
0.00543404
0.00606036
0.00555825
0.00530577
0.00532579
0.00572538
0.00515866
0.00521612
0.00548720
0.00519729
0.00575304
0.00514436
0.00573158
0.00512576
0.00549674
0.00519729
0.00655198
0.00516582
0.00510168
0.00498581
0.00498867
0.00502682
0.00589705
0.00534010
0.00989461
0.00874949
0.00650787
0.00547171
0.00571227
0.00502515
0.00577545
0.00498199
0.00541782
0.00495124
0.00584149
0.00564408
0.00522470
0.00611234
0.00535083
0.00547385
0.00513411
0.00566196
0.00504756
0.00529575
0.00657487
0.00557137
0.00553012
0.00556517
0.00587869
0.00498962
0.00539422
0.00542688
0.00565815
0.00552773
0.00512338
0.00570655
0.00502825
0.00521541
0.00498247
0.00519347
0.00548244
0.00525284
0.00593066
0.00533366
0.00524211
0.00565767
0.00524759
0.00555158
0.00504661
0.00552416
0.00571442
0.00512385
0.00655079
0.00559235
0.00553823
0.00532746
0.00565457
0.00530481
0.00584888
0.00558472
0.00513172
0.00548673
0.00570512
0.00529337
0.00551629
0.00506473
0.00551105
0.00518656
0.00549555
0.00542045
0.00534487
0.00632691
0.00576210
0.00550842
0.00572515
0.00577497
0.00509357
0.00563240
0.00522518
0.00538611
0.00496244
0.00578260
0.00554466
0.00600004
0.00506139
0.00508666
0.00575089
0.00499344
0.00538802
0.00504518
0.00656796
0.00544763
0.00561333
0.00550413
0.00599384
0.00525689
0.00632882
0.00512791
0.00597787
0.00520349
0.00589919
0.00517845
0.00546575
0.00633526
0.00577927
0.00524163
0.00582862
0.00505161
0.00539565
0.00525045
0.00495791
0.00558448
0.00528622
0.00551677
0.00535488
0.00504899
0.00556135
0.00502181
0.00513721
0.00630498
0.00502968
0.00549388
0.00513077
0.00606918
0.00510645
0.00531936
0.00533628
0.00552964
0.00557280
0.00500059
0.00600195
0.00558496
0.00568891
0.00544071
0.00538254
0.00511193
0.00560284
0.00519800
0.00554681
0.00502276
0.00589442
0.00523758
0.00558591
0.00593996
