0.00249529
0.00511408
0.00535893
0.00575423
0.00563574
0.00527501
0.00512719
0.00538874
0.00529838
0.00536966
0.00516057
0.00574160
0.00510836
0.00508714
0.00517535
0.00506306
0.00579476
0.00513554
0.00573468
0.00509953
0.00559425
0.00542212
0.00553513
0.00817847
0.00623941
0.00571752
0.00604653
0.00629139
0.00540209
0.00605059
0.00529075
0.00531244
0.00505424
0.00521326
0.00507545
0.00519419
0.00525236
0.00510550
0.00523376
0.00564361
0.00622654
0.00511074
0.00528431
0.00507784
0.00495386
0.00555158
0.00500178
0.00500679
0.00495410
0.00527906
0.00543022
0.00517750
0.00513482
0.00507641
0.00498199
0.00507474
0.00492263
0.00507784
0.00490332
0.00520062
0.00488448
0.00532198
0.00491667
0.00571990
0.00506377
0.00525618
0.00499511
0.00555253
0.00490904
0.00509524
0.00489545
0.00496173
0.00489902
0.00533247
0.00490236
0.00568914
0.00526452
0.00498676
0.00487638
0.00499630
0.01067328
0.00806475
0.00594497
0.00546837
0.00525641
0.00600624
0.01091337
0.00704098
0.00588441
0.00603557
0.00515985
0.00496793
0.00492144
0.00491810
0.00501752
0.00496173
0.00518465
0.00521803
0.00503635
0.00496173
0.00502491
0.00489020
0.00500369
0.00490093
0.00491142
0.00487757
0.00542140
0.00490093
0.00574207
0.00494623
0.00511265
0.01234436
0.00791311
0.00636411
0.00631928
0.00521255
0.00513029
0.00484633
0.00611162
0.00556087
0.00494719
0.00512266
0.00497365
0.00534177
0.00527549
0.00531006
0.00487375
0.00518441
0.00554466
0.00571251
0.00995207
0.00751615
0.00610662
0.00528169
0.00503159
0.00488734
0.00489712
0.00487232
0.00494671
0.01024723
0.00969720
0.00674057
0.00571990
0.00536370
0.00500417
0.00479770
0.00483608
0.01146030
0.01002932
0.00646591
0.00564623
0.00542474
0.00544810
0.00560355
0.00578380
0.00540519
0.00586152
0.00575304
0.00521111
0.00546098
0.00529909
0.00560331
0.00487947
0.00527048
0.00484848
0.00596309
0.00505972
0.00526500
0.00484586
0.00544834
0.00517917
0.00585914
0.00492549
0.00495028
0.00484991
0.00555730
0.00489092
0.00494289
0.00483990
0.00490284
0.00529003
0.00496912
0.00481105
0.00556040
0.00496387
0.00505495
0.00497341
0.00502229
0.00495148
0.00527120
0.00528669
0.00494528
0.00521231
0.00535107
0.00515628
0.00600338
0.00515914
0.00500178
0.00509644
0.00489688
0.00545144
0.00541449
0.00485969
0.00486684
0.00481200
0.00538182
0.00485802
0.00590634
0.00490808
0.00522351
0.00486898
0.00544882
0.00509858
0.00507426
0.00492907
0.00495386
0.00511909
0.00545907
0.00486159
0.00578523
0.00491095
0.00532651
0.00516582
0.00553679
0.00512075
0.00549197
0.00486803
0.00511622
0.00482845
0.00557470
0.00484943
0.00589061
0.00492382
0.00526333
0.00487256
0.00540447
0.00480723
0.00555229
0.00499296
0.00501347
0.00524783
0.00543642
0.00482345
0.00574040
0.00488424
0.00523996
0.00490570
0.00556111
0.00518012
0.00527239
0.00522518
0.00492311
0.00526524
0.00531697
0.00515628
0.00623083
0.00513697
0.00490570
0.00507140
0.00489116
0.00480437
0.00534749
0.00521874
0.00492549
0.00551248
0.00537276
0.00486708
0.00575781
0.00493455
0.00541425
0.00485373
0.00528932
0.00485539
0.00530577
0.00518131
0.00492382
0.00512552
0.00539064
0.00514817
0.00592923
0.00490785
0.00532603
0.00489616
0.00565362
0.00484300
0.00550008
0.00488782
0.00518823
0.00477672
0.00541592
0.00516796
0.00593972
0.00485110
0.00489974
0.00477648
0.00520587
0.00529432
0.00492525
0.00482774
0.00481939
0.00513244
0.00517535
0.00481963
0.00571251
0.00489020
0.00553703
0.00545406
0.00499892
0.00510359
0.00489736
0.00564694
0.00482821
0.00477219
0.00484133
0.00523734
0.00556183
0.00508213
0.00503516
0.00500154
0.00502062
0.00494337
0.00502038
0.00486922
0.00483584
0.00482559
0.00495338
0.00479865
0.00690675
0.00572467
0.00597382
0.00505114
0.00489473
0.00496435
0.00491667
0.00508595
0.00481296
0.00477076
0.00493026
0.00476575
0.00562549
0.00493813
0.00496769
0.00488257
0.00505590
0.00492787
0.00507212
0.00496268
0.00507045
0.00499511
0.00506425
0.00488091
0.00548553
0.00483298
0.00531960
0.00483608
0.00563121
0.00492167
0.00499439
0.00494361
0.00758505
0.00727534
0.00570369
0.00553727
0.00522780
0.00636339
0.00522590
0.00487900
0.00477076
0.00500798
0.00508356
0.00501013
0.00480342
0.00494075
0.00479412
0.00646901
0.00514197
0.00504303
0.00489593
0.00515985
0.00530744
0.00511742
0.00480580
0.00490570
0.00479650
0.00496769
0.00475883
0.00574446
0.00485778
0.00567484
0.00478029
0.00537205
0.00481939
0.00540686
0.00484896
0.00557280
0.00490546
0.00540709
0.00506902
0.00672340
0.00514317
0.00490785
0.00478601
0.00497341
0.00497222
0.00502610
0.00485301
0.00480485
0.00475717
0.00527310
0.00512505
0.00533772
0.00516605
0.00514889
0.00544930
0.00524211
0.00501370
0.00506902
0.00499177
0.00534511
0.00533056
0.00507331
0.00499916
0.00556183
0.00527048
0.00509644
0.00522280
0.00504541
0.00511456
0.00497079
0.00545573
0.00482249
0.00486827
0.00504065
0.00479484
0.00605154
0.00482941
0.00533009
0.00476861
0.00532126
0.00527954
0.00544262
0.00492024
0.00500631
0.00484061
0.00543547
0.00524068
0.00561762
0.00489497
0.00532079
0.00480819
0.00543761
0.00479031
0.00580955
0.00482631
0.00507307
0.00476027
0.00546908
0.00481105
0.00562477
0.00481248
0.00539827
0.00478983
0.00506997
0.00479150
0.00490499
0.00480580
0.00507951
0.00503182
0.00490999
0.00482965
0.00540328
0.00490069
0.00494289
0.00486517
0.00489783
0.00513124
0.00531483
0.00521564
0.00487685
0.00519156
0.00530100
0.00521493
0.00580096
0.00518608
0.00522709
0.00482059
0.00537348
0.00515771
0.00539732
0.00499463
0.00487971
0.00518227
0.00523901
0.00515199
0.00580359
0.00484562
0.00496984
0.00478888
0.00507045
0.00505400
0.00524735
0.00505567
0.00480390
0.00508833
0.00590706
0.00495195
0.00551724
0.00483322
0.00497699
0.00513315
0.00511551
0.00483060
0.00548434
0.00485706
0.00552583
0.00485325
0.00516534
0.00472856
0.00613570
0.00514388
0.00536108
0.00485229
0.00536132
0.00480866
0.00548220
0.00489640
0.00495243
0.00491929
0.00521350
0.00474215
0.00560474
0.00499701
0.00510669
0.01051927
0.00909853
0.00660539
0.00604081
0.00508165
0.00529122
0.00558686
0.00489426
0.00480771
0.00485253
0.00498462
0.00501537
0.00501132
0.00481892
0.00478458
0.00514483
0.00493670
0.00492549
0.00488043
0.00506234
0.00492764
0.00500655
0.00504780
0.00511217
0.00524569
0.00511622
0.00524712
0.00505590
0.00528812
0.00547385
0.00553083
0.00491238
0.00481319
0.00483918
0.00527430
0.00501990
0.00487161
0.00479555
0.00471997
0.00496221
0.00514793
0.00489163
0.00523877
0.00507569
0.00588489
0.00531173
0.00509477
0.00512314
0.00519443
0.00566792
0.00531483
0.00487876
0.00533795
0.00495911
0.00593734
0.00513029
0.00549626
0.00508618
0.00538707
0.00502872
0.00536847
0.00507760
0.00505257
0.00503206
0.00540900
0.00795674
0.00603724
0.00615859
0.00530815
0.00542307
0.00506973
0.00548816
0.00485611
0.00482845
0.00510383
0.00529909
0.00505686
0.00561881
0.00480962
0.00523424
0.00485301
0.00496221
0.00503564
0.00529099
0.00522470
0.00483966
0.00518274
0.00525880
0.00513148
0.00568557
0.00509715
0.00555944
0.00593424
0.00491428
0.00484300
0.00501204
0.00530148
0.00496554
0.00488853
0.00497150
0.00490761
0.00615382
0.00489950
0.00493860
0.00480103
0.00525689
0.00497365
0.00492382
0.00483322
0.00488663
0.00486994
0.00499821
0.00485897
0.00576830
0.00528145
0.00568962
0.00601315
0.00531840
0.00496340
0.00520420
0.00494409
0.00575662
0.00536609
0.00488114
0.00521064
0.00493455
0.00567079
0.00490284
0.00557303
0.00497890
0.00573397
0.00536466
0.00545859
0.00513911
0.00570107
0.00520492
0.00697184
0.00492167
0.00528526
0.00492597
0.00529575
0.00493121
0.00522065
0.00479650
0.00512505
0.00479150
0.00521517
0.01053643
0.01205516
0.00765300
0.00618839
0.00589466
0.00502920
0.00498796
0.00494027
0.00544691
0.00529838
0.00556946
0.00510216
0.00517273
0.00513268
0.00519276
0.00509453
0.00517941
0.00531316
0.00487947
0.00506353
0.00523353
0.00582409
0.00513721
0.00492120
0.00505376
0.00540566
0.00510430
0.00481033
0.00487423
0.00477648
0.00539660
0.00496793
0.00491047
0.00478458
0.00562239
0.00532937
0.00496936
0.00477862
0.00495100
0.00479341
0.00614738
0.00499272
0.00489831
0.00482535
0.00548816
0.00510454
0.00577760
0.00486231
0.00519300
0.00480032
0.00514150
0.00509691
0.00551200
0.00492096
0.00499797
0.00488806
0.00536084
0.00513339
0.00584817
0.00489736
0.00763178
0.00637889
0.00494838
0.00547743
0.00513220
0.00563455
0.00515151
0.00561571
0.00539303
0.00591493
0.00502968
0.00530791
0.00513864
0.00622368
0.00496507
0.00493550
0.00485396
0.00575519
0.00505924
0.00497293
0.00484395
0.00540185
0.00513005
0.00515580
0.00485134
0.00497913
0.00484228
0.00508904
0.00483847
0.00490189
0.00489616
0.00512385
0.00495219
0.00565052
0.00495386
0.00537395
0.00489831
0.00562119
0.00490475
0.00525713
0.00482965
0.00523424
0.00481462
0.00496101
0.00516248
0.00626969
0.00486898
0.00498867
0.00484133
0.00542188
0.00486612
0.00536227
0.00490642
0.00540876
0.00483012
0.00539374
0.00488639
0.00557923
0.00496554
0.00512910
0.00530434
0.00512671
0.00496769
0.00506043
0.00486898
0.00853300
0.00726581
0.00551414
0.00573754
0.00583863
0.00495911
0.00497627
0.00488949
0.00489450
0.00524712
0.00497150
0.00495267
0.00508142
0.00526524
0.00546527
0.00510931
0.00496268
0.00503373
0.00500464
0.00495863
0.00490236
0.00499415
0.00490189
0.00511646
0.00485635
0.00526237
0.00496674
0.00534320
0.00494719
0.00520778
0.00501585
0.00524044
0.01026940
0.00753045
0.00570393
0.00531435
0.00491118
0.00564313
0.00529146
0.00510097
0.00544667
0.00493121
0.00505924
0.00537395
0.00525427
0.00493240
0.00561023
0.00488305
0.00680852
0.00527120
0.00551915
0.00525427
0.00623155
0.00536251
0.00507545
0.00493407
0.00485063
0.00507855
0.00503993
0.00517201
0.00567913
0.00517488
0.00504494
0.00516224
0.00509858
0.00493050
0.00523710
0.00493407
0.00489450
0.00512147
0.00540471
0.00513148
0.00585508
0.00488067
0.00537920
0.00484896
0.00500083
0.01017094
0.01013374
0.00900650
0.00685787
0.00629401
0.00524831
0.00531411
0.00486326
0.00522804
0.00486565
0.00555444
0.00485778
0.00538564
0.00483847
0.00555849
0.00482368
0.00565100
0.00490475
0.00499439
0.00484562
0.00498009
0.00515413
0.00548959
0.00490546
0.00495124
0.00518751
0.00537205
0.00520730
0.00557137
0.00498724
0.00511217
0.00527930
0.00504684
0.00517368
0.00496197
0.00496602
0.00484252
0.00509930
0.00509143
0.00485349
0.00544381
0.00484800
0.00534391
0.00510764
0.00509548
0.00490260
0.00512099
0.00506878
0.00515723
0.00486040
0.00506210
0.00484276
0.00587034
0.00513268
0.00553107
0.00511265
0.00580406
0.00496078
0.00513244
0.00496244
0.00489688
0.00481582
0.00498128
0.00511193
0.00544930
0.00486398
0.00500798
0.00494695
0.00555754
0.00498176
0.00538135
0.00516605
0.00539231
0.00513291
0.00526524
0.00513196
0.00560427
0.00504565
0.00515866
0.00494456
0.01068282
0.01076269
0.00756383
0.00828004
0.00670218
0.00642443
0.00689507
0.00603223
0.00590944
0.00563478
0.00544000
0.00564456
0.00533509
0.00644255
0.00573158
0.00600624
0.00523710
0.00964713
0.00938368
0.00901198
0.00780320
0.00624466
0.00577664
0.00545597
0.00547981
0.00492072
0.00495911
0.00486112
0.00494123
0.00516272
0.00547314
0.00525546
0.00494814
0.00548840
0.00528741
0.00496769
0.00556302
0.00484371
0.00528049
0.00520158
0.00506687
0.00496435
0.00506997
0.00486660
0.00496864
0.00485826
0.00544000
0.00517344
0.00574183
0.00487471
0.00550652
0.00482559
0.00538993
0.00511312
0.00530815
0.00510669
0.00508451
0.00486207
