0.00246406
0.00629950
0.00553274
0.00821710
0.00650120
0.00561571
0.00624299
0.00504303
0.00533891
0.00493097
0.00605822
0.00499797
0.00560045
0.00498629
0.00506806
0.00492859
0.00502157
0.00502157
0.00516033
0.00501418
0.00502777
0.00496793
0.00547123
0.00526476
0.00621104
0.00557995
0.00511098
0.00535059
0.00505662
0.00698566
0.00511336
0.00503087
0.00502539
0.00540805
0.00529838
0.00623417
0.00797343
0.00649738
0.00731611
0.00645733
0.00625658
0.00637436
0.00678420
0.00671840
0.00613260
0.00670791
0.00676799
0.00625157
0.00617123
0.00578618
0.00570297
0.00518537
0.00508094
0.00493455
0.00513220
0.00496387
0.00570512
0.00507736
0.00520134
0.00502706
0.00515318
0.00494432
0.00531268
0.00492096
0.00520921
0.00491333
0.00529408
0.00490975
0.00594282
0.00505304
0.00552654
0.01215100
0.00908351
0.00650764
0.00563574
0.00577545
0.00531411
0.00543642
0.00514317
0.00518131
0.00554800
0.00540471
0.00500798
0.00536799
0.00525165
0.00562334
0.00527382
0.00546408
0.00529408
0.00641203
0.00553751
0.00509167
0.00518489
0.00506353
0.00517678
0.00555396
0.00554800
0.00495291
0.00495887
0.00504136
0.00523090
0.00640345
0.00509763
0.00542140
0.00516200
0.00503635
0.00491691
0.00501418
0.00507903
0.00519347
0.00496149
0.00522470
0.00509667
0.00695753
0.00541806
0.00529766
0.00502825
0.00543308
0.00570583
0.00531197
0.00534391
0.00518537
0.00611758
0.00548840
0.00583911
0.00500178
0.00524831
0.00484180
0.00526905
0.00482655
0.00565648
0.00523448
0.00501776
0.00490952
0.00557923
0.00490069
0.00574756
0.00489521
0.00504017
0.00516200
0.00507545
0.00511861
0.00535917
0.00518942
0.00501013
0.00520825
0.00495672
0.00522232
0.00581360
0.00493383
0.00528812
0.00524116
0.00500274
0.00517821
0.00539327
0.00532103
0.00512028
0.00554681
0.00548172
0.00511432
0.00561881
0.00490975
0.00500107
0.00511813
0.00521851
0.00492454
0.00511193
0.00489283
0.00494838
0.00486875
0.00560999
0.00496244
0.00589919
0.00496173
0.00542545
0.00501513
0.00542212
0.00496531
0.00520396
0.00523257
0.00505114
0.00518632
0.00536823
0.00600314
0.00506473
0.00558901
0.00516415
0.00605822
0.00545573
0.00597668
0.00545955
0.00557446
0.01027966
0.00659084
0.00619483
0.00626612
0.00507498
0.00637388
0.00533915
0.00588799
0.00571203
0.00509262
0.00502515
0.00507069
0.00564647
0.00557375
0.00524211
0.00505495
0.00520205
0.00517678
0.00492668
0.00499558
0.00505114
0.00507879
0.00540400
0.00522184
0.00561786
0.00514603
0.00596404
0.00550723
0.00592256
0.00526023
0.00580120
0.00527191
0.00495219
0.00524688
0.00574827
0.00530767
0.00599098
0.00502753
0.00561285
0.00497770
0.00533843
0.00495338
0.00551081
0.00499964
0.00537825
0.00490236
0.00573850
0.00488329
0.00559950
0.00495958
0.00506926
0.00492239
0.00501251
0.00487518
0.00551295
0.00503111
0.00541425
0.00495648
0.00502920
0.00487399
0.00586557
0.00549293
0.00505900
0.00517273
0.00500607
0.00543165
0.00524449
0.00521326
0.00496459
0.00534034
0.00543618
0.00555444
0.00528502
0.00513983
0.00523186
0.00525761
0.00534844
0.00529718
0.00530672
0.00524020
0.00553012
0.00580096
0.00591278
0.00633478
0.00546694
0.00503731
0.00524282
0.00505376
0.00527787
0.00562978
0.00499630
0.00526714
0.00506163
0.00547814
0.00493026
0.00623155
0.00511694
0.00536752
0.00563550
0.01140594
0.01050210
0.00741386
0.00600934
0.00534320
0.00560880
0.00503683
0.00507140
0.00502586
0.00512767
0.00534558
0.00525546
0.00495577
0.00497675
0.00511050
0.00571156
0.00549483
0.00568771
0.00515056
0.00540614
0.00536609
0.00496149
0.00498581
0.00498199
0.00506854
0.00530863
0.00502586
0.00499129
0.00531507
0.00512242
0.00499916
0.00524592
0.00505257
0.00522447
0.00490594
0.00526309
0.00493574
0.00522184
0.00493407
0.00537515
0.00547934
0.00541091
0.00499511
0.00496674
0.00519061
0.00490570
0.00484943
0.00496984
0.00488758
0.00491738
0.00843740
0.00632548
0.00630546
0.00546670
0.00621939
0.00584626
0.00494528
0.00553870
0.00518131
0.00567365
0.00522780
0.00571990
0.00522876
0.00636697
0.00546646
0.00504780
0.00526285
0.00505090
0.00581408
0.00516891
0.00520039
0.00488329
0.00513387
0.00515008
0.00528121
0.00517440
0.00498199
0.00510716
0.00503445
0.00509381
0.00500774
0.00512099
0.00494456
0.00502563
0.00496769
0.00504589
0.00516152
0.00587511
0.00489759
0.00540996
0.00490642
0.00551224
0.00495195
0.00530529
0.00526953
0.00509191
0.00495648
0.00552750
0.00522041
0.00585651
0.00500560
0.00529265
0.00494289
0.00528908
0.00496173
0.00596809
0.00511599
0.00499845
0.00488567
0.00500107
0.00516343
0.00587487
0.00510955
0.00511336
0.00505209
0.00867915
0.00552988
0.00532365
0.00499439
0.00517702
0.00522256
0.00494337
0.00544620
0.00498891
0.00567365
0.00553775
0.00498247
0.00520492
0.00503659
0.00519586
0.00496936
0.00516939
0.00498581
0.00514078
0.00555992
0.00522733
0.00500751
0.00490856
0.00499344
0.00492740
0.00565410
0.00513244
0.00510693
0.00508523
0.00541377
0.00536585
0.00554204
0.00497985
0.00500011
0.00487900
0.00493813
0.00511575
0.00547099
0.00519800
0.00494504
0.00485039
0.00542927
0.00549769
0.00611973
0.00490689
0.00533938
0.00503302
0.00546622
0.00510406
0.00502729
0.00482726
0.00515985
0.00533485
0.00504661
0.00554919
0.00498247
0.00572753
0.00517726
0.00527263
0.00501657
0.00560975
0.00501943
0.00534987
0.00490928
0.00573468
0.00493598
0.00571799
0.00523138
0.00567985
0.00525093
0.00619626
0.00552678
0.00550127
0.00524688
0.00555253
0.00568223
0.00504923
0.00571728
0.00502896
0.00520873
0.00489259
0.00520492
0.00490761
0.00507283
0.00498939
0.00481486
0.00487351
0.00484157
0.00500083
0.00490856
0.00613427
0.00506496
0.00504756
0.00488305
0.00497508
0.00509191
0.00515437
0.00503135
0.00487900
0.00484324
0.01182532
0.00735784
0.00560975
0.00548768
0.00535345
0.00514793
0.00501561
0.00491858
0.00522923
0.00490260
0.00543237
0.00492072
0.00578928
0.00497961
0.00784206
0.00846457
0.00730300
0.00696993
0.00577760
0.00548029
0.00514174
0.00481057
0.00593352
0.00485611
0.00496888
0.00515771
0.00525451
0.00518537
0.00532293
0.00522733
0.00493908
0.00520563
0.00541663
0.00520015
0.00573611
0.00520587
0.00494957
0.00550175
0.00517964
0.00511408
0.00503016
0.00482941
0.00505877
0.00500679
0.00494719
0.00483823
0.00556421
0.00510621
0.00511026
0.00489211
0.00500464
0.00501299
0.00610375
0.00554228
0.00648546
0.00570989
0.00519991
0.00559974
0.00529313
0.00592327
0.00528550
0.00591612
0.00522661
0.00547147
0.00483036
0.00581098
0.00521898
0.00504112
0.00513864
0.00554919
0.00511599
0.00511932
0.01173353
0.01148629
0.00847483
0.00773764
0.00776219
0.00799346
0.00726199
0.00593162
0.00605750
0.00559425
0.00516486
0.00512934
0.00490665
0.00488591
0.00541854
0.00485969
0.00573778
0.00489879
0.00548172
0.00491214
0.00542974
0.00504351
0.00527477
0.00525498
0.00548863
0.00532269
0.00582886
0.00568819
0.00547767
0.00538445
0.00600457
0.00658011
0.00525260
0.00533104
0.00521779
0.00540900
0.00504041
0.00498104
0.00487828
0.00584698
0.00490618
0.00500679
0.00487304
0.00548077
0.00516224
0.00513053
0.00513649
0.00547338
0.00521016
0.00551105
0.00486350
0.00650167
0.00491786
0.00508595
0.00484633
0.00496721
0.00481200
0.00486112
0.00511146
0.00533271
0.00522923
0.00548601
0.00514889
0.00580382
0.00528169
0.00498843
0.00553370
0.00520444
0.00520635
0.00487232
0.00489926
0.00520062
0.00533152
0.00494194
0.00522804
0.00550532
0.00521851
0.00521994
0.00505114
0.01140428
0.01146030
0.01111603
0.01094913
0.00958085
0.00661826
0.00637889
0.00540781
0.00495672
0.00518775
0.00595498
0.00557971
0.00542212
0.00756812
0.00703669
0.00594306
0.00538731
0.00505471
0.00537491
0.00514960
0.00492954
0.00503612
0.00527835
0.00578833
0.00500894
0.00555062
0.00488663
0.00500631
0.00483537
0.00503016
0.00512147
0.00493002
0.00514054
0.00586200
0.00519323
0.00565219
0.00511718
0.00586200
0.00493646
0.00538635
0.00516200
0.00525069
0.00483489
0.00514555
0.00513339
0.00556231
0.00519872
0.00548410
0.00517082
0.00550628
0.00493193
0.00535011
0.00484681
0.00496149
0.00481749
0.00483394
0.00533676
0.00558972
0.00529528
0.00496292
0.00521445
0.00570536
0.00491738
0.00493383
0.00520444
0.00496221
0.00520229
0.00484419
0.00516200
0.00804734
0.00679326
0.00554323
0.00583124
0.00534439
0.00555706
0.00589895
0.00506282
0.00775909
0.00536752
0.00539827
0.00524354
0.00573230
0.00508308
0.00589561
0.00520372
0.00525832
0.00519586
0.00640416
0.00498962
0.00501084
0.00495434
0.00536871
0.00518513
0.00527501
0.00488091
0.00564194
0.00491667
0.00537729
0.00489140
0.00527787
0.00486207
0.00528193
0.00496268
0.00560451
0.00536752
0.00527620
0.00520539
0.00594521
0.00491118
0.00509119
0.00517774
0.00498915
0.00484014
0.00487041
0.00513864
0.00607204
0.00502634
0.00496268
0.00520372
0.00606656
0.00615311
0.00497437
0.00497890
0.00761414
0.00523424
0.00523806
0.00516939
0.00528908
0.00537062
0.00522423
0.00549173
0.00490427
0.00496459
0.00486422
0.00498652
0.00484681
0.00491333
0.00512528
0.00621557
0.00511169
0.00501943
0.00485349
0.00572395
0.00518131
0.00521660
0.00505471
0.00520182
0.00501251
0.00517511
0.00505757
0.00898767
0.00659108
0.00564361
0.00520897
0.00544548
0.00489569
0.00599360
0.00501776
0.00552320
0.00485849
0.00564861
0.00541782
0.00616074
0.00520897
0.00553894
0.00517058
0.00495362
0.00483751
0.00554085
0.00513530
0.00489283
0.00512838
0.00547862
0.00526452
0.00541854
0.00520992
0.00566363
0.00516701
0.00495100
0.00527668
0.00495744
0.00518441
0.00487638
0.00533557
0.00542068
0.00516176
0.00544238
0.00518060
0.00556087
0.00485086
0.00494814
0.00515485
0.00495768
0.00517774
0.00494599
0.00522542
0.00552917
0.00503492
0.00506020
0.00522113
0.00594664
0.00492859
0.00549603
0.00486875
0.00526094
0.01149178
0.01179457
0.00813556
0.00618744
0.00586319
0.00514936
0.00497270
0.00482106
0.00550961
0.00482416
0.00488043
0.00512838
0.00553632
0.00525498
0.00514030
0.00483179
0.00591421
0.00488949
0.00500560
0.00519347
0.00496173
0.00546956
0.00515604
0.00492048
0.00499535
0.00487089
0.00576305
0.00512767
0.00545239
0.00515127
0.00491977
0.00521207
0.00501299
0.00520205
0.00509620
0.00515151
0.00503635
0.00488663
0.00494242
0.00508666
0.00573635
0.00499439
0.00511003
0.00498486
0.00531530
0.00504780
0.00496006
0.00485301
0.00502563
0.01184511
0.01131034
