0.00273943
0.00552964
0.00516939
0.00488424
0.00510287
0.00487804
0.00505519
0.00493526
0.00555825
0.00753927
0.00578046
0.00548577
0.00510931
0.00582170
0.00523567
0.00616002
0.00484300
0.00539756
0.00490689
0.00523925
0.00562167
0.01063442
0.00753522
0.00590777
0.00556397
0.00491238
0.00525546
0.00488734
0.00537014
0.00484061
0.00489116
0.00483179
0.00480247
0.00483894
0.00498891
0.00485635
0.00532842
0.00487947
0.00549364
0.00519037
0.00546360
0.00575876
0.00516152
0.00500774
0.00484467
0.00517082
0.00510025
0.00507021
0.00499129
0.00568128
0.00529814
0.00585866
0.00524855
0.00577736
0.00585508
0.00511575
0.00481701
0.00491047
0.00479388
0.00490332
0.00480580
0.00552869
0.00484753
0.00498796
0.00489473
0.00509977
0.00504994
0.00543666
0.00525951
0.00519419
0.00589228
0.00557256
0.00630093
0.00494337
0.00528908
0.00508595
0.00519633
0.00486016
0.00485373
0.00480199
0.00495076
0.00482249
0.00496554
0.00479889
0.00542450
0.00535440
0.00497270
0.00488114
0.00747275
0.00691414
0.00631738
0.00571012
0.00624728
0.00556564
0.00557041
0.00512290
0.00501752
0.00550747
0.00508523
0.00579357
0.00500298
0.00568342
0.00589609
0.00561762
0.00514436
0.00555658
0.00490451
0.00495052
0.00540900
0.00509477
0.00488853
0.00486636
0.00483847
0.00496125
0.00497222
0.00507116
0.00499272
0.00522137
0.00502586
0.00533915
0.00508571
0.00531554
0.00519180
0.00502110
0.00558567
0.01105309
0.00739956
0.00605321
0.00604081
0.00521994
0.00530696
0.00506663
0.00486398
0.00488973
0.00500321
0.00483656
0.00490928
0.00482988
0.00545168
0.00492024
0.00488710
0.00485325
0.00493407
0.00494576
0.00491953
0.00503778
0.00492406
0.00506568
0.00491095
0.00503922
0.00535417
0.00482011
0.00489545
0.00486159
0.00503731
0.00491619
0.00483918
0.00479627
0.00491405
0.00479126
0.00489330
0.00507975
0.00546002
0.00485897
0.00496578
0.00486779
0.00509334
0.00483322
0.00509882
0.00479507
0.00516486
0.00481224
0.00515795
0.00480604
0.00551343
0.00492334
0.00503469
0.00484180
0.00492859
0.00478745
0.00484252
0.00477076
0.00485921
0.00475073
0.00486732
0.00483966
0.00533056
0.00508475
0.00510931
0.00539303
0.00506282
0.00620604
0.00496244
0.00556874
0.00521231
0.00566936
0.00521135
0.00569415
0.00515532
0.00493455
0.00510788
0.00489974
0.00529766
0.00491023
0.00478697
0.00491977
0.00479460
0.00489998
0.00481153
0.00536489
0.00485754
0.00491357
0.00515413
0.00517249
0.00484848
0.00490332
0.00487781
0.00503922
0.00483108
0.00525618
0.00514007
0.00527120
0.00497341
0.00494242
0.00500584
0.00507164
0.00505257
0.00496817
0.00557160
0.00481439
0.00562263
0.00513387
0.00573754
0.00516081
0.00530577
0.00479627
0.00492263
0.00480652
0.00479579
0.00505662
0.00508285
0.00486875
0.00487995
0.00482821
0.00541067
0.00489068
0.00489044
0.00510359
0.00494242
0.00550866
0.00479126
0.00473881
0.00490928
0.00479198
0.00490475
0.00483489
0.00538349
0.00490260
0.00516057
0.00513506
0.00529599
0.00510526
0.00539446
0.00515413
0.00537562
0.00585461
0.00537920
0.00597072
0.00496674
0.00503659
0.00478053
0.00514913
0.00487471
0.00516677
0.00479317
0.00514555
0.00478196
0.00516343
0.00479603
0.00581717
0.00485325
0.00497270
0.00481105
0.00491667
0.00478888
0.00482869
0.00479960
0.00487852
0.00477600
0.01121402
0.00671601
0.00503540
0.00486016
0.00491047
0.00512290
0.00489974
0.00524235
0.00490189
0.00528145
0.00491047
0.00497746
0.00487661
0.00485587
0.00484133
0.00492215
0.00481820
0.00481725
0.00476527
0.00487280
0.00501108
0.00503421
0.00490761
0.00513935
0.00517678
0.00551677
0.00538731
0.00562382
0.00514984
0.00535727
0.00511003
0.00517726
0.00510764
0.00494337
0.00480223
0.00560737
0.00482607
0.00517607
0.00480342
0.00521493
0.00478268
0.00545096
0.00475121
0.00490260
0.00480127
0.00487518
0.00478435
0.00532222
0.00485611
0.00499272
0.00489306
0.00488329
0.00482035
0.00491714
0.00509524
0.00514436
0.00512457
0.00493312
0.00589299
0.00568151
0.00545549
0.00512743
0.00498581
0.00532532
0.00513363
0.00484490
0.00490761
0.00496411
0.00578189
0.00616789
0.00517249
0.00610662
0.00527501
0.00640655
0.00499511
0.00506854
0.00510716
0.00503182
0.00509524
0.00496221
0.00481248
0.00574470
0.00490475
0.00503659
0.00598097
0.00507617
0.00498629
0.00504422
0.00631404
0.00545168
0.00598693
0.00501037
0.00588465
0.00542831
0.00513148
0.00534010
0.00540996
0.00627518
0.00548363
0.00595260
0.00483441
0.00535965
0.00563216
0.00514221
0.00549746
0.01137781
0.01138020
0.00879002
0.00575852
0.00538540
0.00535202
0.00501084
0.00587392
0.00492549
0.00630927
0.00489378
0.00562739
0.00515819
0.00591445
0.00488901
0.00499082
0.00507379
0.00557446
0.00547647
0.00510287
0.00532889
0.00503206
0.00504637
0.00504804
0.00512648
0.00507689
0.00582743
0.00528765
0.00629830
0.00506330
0.00513434
0.00496769
0.00520015
0.00493741
0.00512838
0.00495577
0.00542021
0.00498915
0.00583243
0.00545764
0.00531435
0.00654221
0.00561500
0.00565219
0.00497484
0.00500631
0.00480080
0.00500154
0.00833941
0.00577927
0.00600028
0.00523424
0.00524139
0.00531912
0.00513291
0.00572419
0.00503469
0.00568128
0.00514603
0.00557590
0.00516081
0.00544238
0.00488949
0.00490522
0.00507045
0.00499129
0.00512838
0.00482273
0.00495291
0.00490284
0.00479722
0.00494385
0.00479293
0.00541615
0.00495887
0.00505185
0.00491619
0.00503302
0.00491643
0.00505090
0.00522280
0.00500798
0.00529242
0.00519729
0.00526452
0.00540185
0.00563931
0.00550270
0.00572491
0.00516963
0.00504184
0.00506973
0.00524139
0.00483346
0.00521159
0.00481415
0.00561190
0.00498080
0.00502229
0.00539351
0.00494432
0.00489283
0.00482941
0.00535893
0.00958729
0.00764012
0.00604653
0.00569057
0.00490999
0.00514531
0.00484800
0.00872135
0.00699615
0.00577784
0.00518942
0.00522995
0.00552082
0.00562000
0.00504780
0.00510097
0.00493932
0.00482440
0.00480080
0.00492930
0.00485039
0.00497484
0.01018238
0.01107097
0.00964785
0.00748754
0.00610065
0.00606585
0.00533438
0.00508046
0.00513005
0.00568533
0.00486159
0.00571752
0.00484252
0.00492692
0.00479698
0.00481892
0.00476861
0.00488997
0.00477052
0.00486517
0.00480509
0.00545502
0.00490451
0.00498295
0.00493264
0.01057577
0.00923920
0.00904727
0.00861907
0.00881219
0.00871372
0.00861740
0.00800443
0.00616980
0.00781441
0.00584960
0.00536561
0.00541139
0.00561714
0.00559473
0.00555229
0.00525188
0.00501084
0.00514317
0.00498986
0.00479317
0.00497556
0.00485635
0.00546265
0.00484395
0.00562882
0.00481725
0.00490451
0.00480485
0.00485110
0.00482106
0.00491905
0.00477910
0.00492215
0.00478745
0.00512290
0.00499892
0.00495291
0.00524735
0.00484157
0.00511265
0.00478339
0.00516391
0.00486422
0.00501943
0.00482750
0.00522041
0.00502610
0.00559402
0.01179194
0.00987649
0.00651526
0.00583768
0.00583529
0.00545692
0.00554252
0.00494242
0.00491881
0.00482011
0.00519371
0.00480318
0.00493026
0.00480986
0.00518894
0.00480080
0.00517678
0.00480413
0.00562835
0.00496006
0.00490212
0.00490212
0.00485921
0.00488138
0.00482273
0.00498629
0.00490379
0.00502849
0.00486088
0.00526333
0.00493407
0.00606775
0.00523067
0.00560904
0.00515270
0.00487971
0.00509787
0.00729561
0.00675559
0.00527072
0.00543404
0.00508976
0.00493550
0.00486040
0.00496936
0.00479913
0.00481200
0.00478077
0.00488830
0.00478983
0.00492477
0.00481129
0.00573397
0.00501323
0.00503469
0.00506020
0.00496674
0.00486326
0.00508595
0.00502133
0.00524473
0.00493145
0.00521636
0.00539327
0.00518656
0.00565910
0.00521350
0.00557280
0.00515771
0.00519276
0.00486612
0.00518894
0.00482821
0.00550795
0.00480604
0.00548077
0.00497675
0.00495720
0.00506949
0.00497961
0.00496721
0.00490570
0.00494814
0.00493407
0.00572276
0.00484419
0.00610542
0.00525665
0.00536752
0.00512934
0.00494909
0.00518680
0.00482583
0.00514555
0.00491500
0.00511003
0.00490832
0.00510144
0.00539637
0.00486183
0.00502324
0.00495577
0.00500798
0.00499225
0.00508213
0.00542283
0.00552082
0.00609803
0.00580001
0.00589895
0.00521612
0.00512552
0.00490427
0.00524521
0.00485492
0.00507641
0.00483441
0.00521874
0.00506783
0.00721025
0.00638771
0.00540352
0.00496483
0.00493073
0.00488448
0.00482416
0.00479555
0.00509071
0.00484419
0.00552011
0.00484705
0.00578594
0.00530481
0.00552559
0.00514627
0.00494981
0.00514245
0.00542974
0.00486541
0.00491929
0.00486875
0.00491524
0.00486326
0.00569558
0.00520158
0.00498915
0.00484562
0.00497818
0.00528669
0.00502825
0.00527716
0.00515151
0.00566745
0.00513530
0.00586009
0.00548005
0.00517583
0.00504041
0.00514627
0.00504255
0.00497770
0.00482750
0.00494027
0.00482130
0.00498748
0.00484109
0.00548339
0.00493026
0.00537157
0.00487280
0.00511646
0.00484467
0.00534964
0.00494289
0.00489354
0.00521541
0.00486636
0.00529933
0.00494647
0.00489902
0.00488329
0.00586629
0.00496888
0.00555325
0.00510836
0.00592804
0.00516582
0.00502634
0.00512886
0.00542474
0.00487638
0.00495124
0.00484204
0.00494671
0.00502396
0.00486970
0.00483561
0.00490785
0.00513244
0.00492835
0.00506520
0.00540113
0.00537586
0.00495791
0.00531054
0.00490856
0.00509906
0.00481987
0.00512886
0.00490665
0.00525665
0.00494456
0.00530148
0.00533605
0.00555897
0.00550699
0.00561452
0.00515676
0.00489783
0.00507784
0.00525761
0.00489402
0.00507045
0.00508237
0.00557446
0.00488472
0.00527692
0.00495911
0.00498843
0.00495768
0.00502515
0.00499463
0.00511050
0.00506020
0.00909519
0.00681376
0.00604033
0.00549817
0.00564384
0.00583529
0.00552011
0.00642061
0.00592041
0.00538063
0.00524712
0.00504375
0.00509453
0.00499439
0.00520945
0.00499964
0.00490618
0.00488925
0.00486302
0.00496483
0.00478435
0.00490856
0.00477982
0.00511408
0.00489807
0.00504041
0.00492525
0.00943303
0.00671911
0.00642109
0.00535297
0.00503397
0.00507021
0.00548220
0.00480056
0.00515389
0.01194286
0.00960636
0.00723982
0.00539732
0.00510979
0.00525212
0.00492644
0.00512433
0.00483561
0.00510645
0.00484705
0.00489545
0.00478506
0.00519919
0.00483465
0.00532937
0.00781035
0.00597048
0.00500679
0.00487614
0.00527525
0.00488544
0.00502944
0.00489640
0.00566745
0.00611782
0.00570536
0.00495219
0.00509119
0.00501990
0.00501442
0.00520372
0.00526166
0.00553846
0.00530887
0.00584483
0.00513172
0.00585222
0.00485277
0.00560665
0.00485826
0.00530314
0.00490308
0.00526857
0.00487924
0.00504446
0.00485301
0.00491333
0.00499201
0.00511289
0.00517297
0.00511074
0.00511503
0.00498295
0.00521255
0.00487614
0.00584984
0.00480056
0.00567412
0.00516963
0.00571203
0.00514531
0.00566959
0.00487995
0.00491118
0.00511217
0.00491214
0.00511932
0.00488687
0.00504327
0.00488377
0.00504112
0.00485015
0.00523305
0.00537705
0.00491428
0.00503230
0.00490594
0.00517535
0.00521588
0.00524712
0.00532198
0.00552940
0.00574851
0.00551558
0.00568032
0.00482535
0.00497794
0.00508952
0.00516462
0.00477624
0.00516868
0.00504518
0.00518394
0.00474811
0.00517797
0.00478554
0.00536680
0.00482154
0.00489831
0.00481248
0.00504518
0.00479770
0.00497913
0.00498247
0.00505781
0.00503683
0.00933218
0.00635862
0.00611138
0.00493193
0.01061678
0.00677967
0.00576210
0.00520587
0.00579882
0.00522757
0.00597453
0.00521731
0.00490689
0.00515461
0.00493431
0.00554848
0.00492883
0.00478363
0.00490737
0.00480247
0.00489306
0.00507498
0.00541735
0.00489044
0.00494671
0.00488114
0.00510645
0.00496554
0.00506663
0.00481105
0.00522470
0.00482106
0.00521469
0.00481033
0.00553823
0.00494146
0.00557113
0.00519276
0.00488615
0.00487185
0.00482488
0.00495124
0.00488782
0.00497627
0.00490546
0.00529027
0.00498700
0.00505733
0.00488281
0.00525331
0.00487542
0.00562787
0.00484681
0.00570035
0.00490046
0.00571251
0.00529432
0.00580382
0.00525784
0.00498080
0.00511885
0.00495768
0.00539517
0.00486898
0.00480819
0.00497580
0.00481391
0.00495434
0.00496912
0.00566411
0.00546074
0.00543952
0.00497675
0.00520897
0.00546288
0.00491071
0.00556660
0.00494099
0.00560045
0.00520849
0.00585651
0.00522900
0.00533390
0.00484419
0.00562143
0.00484538
0.00483990
0.00481820
0.00493979
0.00481081
0.00494409
0.00481486
0.00509858
0.00484800
0.00494361
0.00501561
0.00504947
0.00489521
0.00484371
0.00510097
0.00494504
0.00510550
0.00493598
0.00520086
0.00509787
0.00505209
0.00490808
0.00507331
0.00488257
0.00496531
0.00485587
0.00501490
0.00485897
0.00506282
0.00759840
0.00654459
0.00606704
0.00634432
0.01059604
0.00676274
0.00640750
0.00557804
0.00551367
0.00514460
0.00556254
0.00502491
0.00533295
0.00495172
0.00517440
0.00489187
0.00508404
0.00492501
0.00511003
0.00496221
0.00804663
0.00622940
0.00510502
0.00499105
0.00518870
0.01054835
0.00726891
0.00593996
0.00535560
0.00499725
0.00511217
0.00496674
0.00499177
0.00492120
0.00503659
0.00492001
0.00559449
0.00487828
0.00588608
0.00492787
0.00637841
0.00523448
0.00537872
0.00535727
0.00500584
0.00497484
0.00510526
0.00498486
0.00489140
0.00495172
0.00533700
0.00587034
0.00511670
0.00582314
0.00511146
0.00637221
0.00542521
0.00595522
0.00543737
0.00501919
0.00494409
0.00499225
0.00483704
0.00576043
0.00612974
0.00509644
0.00651765
0.00682497
0.00504684
0.00515652
0.00523877
0.00555062
0.00518656
0.00545645
0.00542903
0.00686932
0.00527954
0.00504422
0.00544477
0.00518894
0.00974011
0.00778294
0.00810933
0.00810719
0.00867081
0.00665355
0.00536752
0.00583911
0.00498319
0.00669003
0.00548625
0.00544333
0.00539374
0.00540662
0.00529146
0.01067472
0.00744534
0.00595975
0.00543714
0.00874281
0.00955868
0.00910163
0.00879693
0.00792623
0.00689745
0.00579453
0.00560975
0.00484967
0.00544357
0.00495386
0.00527120
0.00525069
0.01130056
0.00994849
0.00648689
0.00558329
0.00535393
0.00561190
0.00561023
0.00750971
0.00586033
0.00526571
0.00502992
0.00571203
0.00507188
0.00607729
0.00518966
0.00548983
0.00486708
0.00585413
0.00529408
0.00497055
0.00511718
0.00486445
0.00506949
0.00492549
0.00521827
0.00503373
0.00628138
0.00534940
0.00568390
0.00530863
0.00539804
0.00591207
0.00488019
0.00490880
0.00495696
0.00511289
0.00531197
0.00524998
0.00530767
0.00624657
0.00555348
0.00496292
0.00517941
0.00492620
0.00500631
0.00520396
0.00488067
0.00498676
0.00486398
0.00628519
0.00530386
0.00521159
0.00507045
0.00490069
0.00493312
0.00483108
0.00499773
0.00502038
0.00501561
0.00493836
0.00501776
0.00499582
0.00565267
0.00623488
0.00498033
0.00492668
0.00487518
0.00484157
0.00498652
0.00491738
0.00499749
0.00493121
0.00552082
0.00510907
0.00496149
0.00538754
0.00488782
0.00531650
0.00490952
0.00502777
0.00501943
0.00530028
0.00523686
0.00635242
0.00534105
0.00500584
0.00573444
0.00513315
0.00486422
0.00490475
0.00529909
0.00532699
0.00504732
0.00528979
0.00551200
0.00506973
0.00578618
0.00522947
0.00574732
0.00517416
0.00493646
0.00522161
0.00513649
0.00558066
0.00527668
0.00492382
0.00545001
0.00512052
0.00514579
0.00601029
0.00507021
0.00572753
0.00566626
0.00522256
0.00500941
0.00516462
0.00506258
0.00530744
0.00511694
0.00516224
0.00539994
0.00564098
0.00606680
0.00498319
0.00579453
0.00556707
0.00513601
0.00527215
0.00541496
0.00514770
0.00576878
0.00563359
0.00487733
0.00491786
0.00485826
0.00496912
0.00487399
0.00575852
0.00523376
0.00586152
0.00534296
0.00576949
0.00519943
0.00508571
0.00522017
0.00494027
0.00487256
0.00505042
0.00492311
0.00506616
0.00493336
0.00542665
0.00576115
0.00513697
0.00492072
0.00524116
0.00768614
0.00601029
0.00556993
0.00543571
0.00510311
0.00650620
0.00522065
0.00507045
0.00514507
0.00590229
0.00493217
0.00496912
0.00485182
0.00520945
0.00521421
0.00508547
0.00520897
0.00491929
0.00495791
0.00489068
0.00503373
0.00488997
0.00515366
0.00484896
0.00526381
0.00489950
0.00585771
0.00485826
0.00601220
0.00509214
0.00568128
0.00523305
0.00572562
0.00576949
0.00561643
0.00505495
0.00620317
0.00532913
0.00559163
0.00523281
0.00610352
0.00514555
0.00496888
0.00521827
0.00511360
0.00522900
0.00498486
0.00500202
0.00495839
0.00539279
0.00504494
0.00558853
0.00522494
0.00567436
0.00551271
0.00499558
0.00578427
0.00495386
0.00490594
0.00500870
0.00516868
0.00513029
0.00499058
0.00522614
0.00534034
0.00494003
0.00487661
0.00490332
0.00532889
0.00505877
0.00531697
0.00488305
0.00547767
0.00546026
0.00543714
0.00483155
0.00492573
0.00480318
0.00483537
0.00483799
0.00494313
0.00487590
0.00514746
0.00501013
0.00502253
0.00488067
0.00503850
0.00509644
0.00508547
0.00488210
0.00481820
0.00488758
0.00527024
0.00496578
0.00485659
0.00493526
0.00493264
0.00576448
0.00491524
0.00528598
0.00485897
0.00484157
0.00485444
0.00564766
0.00488710
0.00593281
0.00490952
0.00543141
0.00534558
0.00523281
0.00538564
0.01093841
0.01092005
0.00788403
0.00654411
0.00701499
0.00540090
0.00501847
0.00497103
0.00488734
0.00507355
0.00491357
0.00501370
0.00487757
0.00539565
0.00508118
0.00554371
0.00812674
0.00613093
0.00614715
0.00502467
0.00503254
0.00501966
0.00511932
0.00504041
0.00518131
0.00506401
0.00526953
0.00496197
0.00491381
0.00500965
0.00537920
0.00493908
0.00489163
0.00504041
0.00489664
0.00523567
0.00487661
0.00500107
0.00495410
0.00607181
0.00518513
0.00498962
0.00483036
0.00488138
0.00508595
0.00585127
0.00482535
0.00493217
0.00482345
0.00607085
0.00494051
0.00503039
0.00489593
0.00528455
0.00509214
0.00487590
0.00489759
0.00493813
0.00561023
0.00508213
0.00497437
0.00495005
0.00494504
0.00518990
0.00490403
0.00487232
0.00522423
0.00508547
0.00531912
0.00490475
0.00537014
0.00537062
0.00605440
0.00541878
0.00545549
0.00496078
0.00498199
0.00485492
0.00490022
0.00492239
0.00506163
0.00514245
0.00502300
0.00509691
0.00568485
0.00538445
0.00487900
0.00496364
0.00511885
0.00509286
0.00486183
0.00499845
0.00483513
0.00546956
0.00488901
0.00547457
0.00490546
0.00497627
0.00532198
0.00492334
0.00482273
0.00486231
0.00498700
0.00511980
0.00509834
0.00488877
0.00504422
0.00566936
0.00578094
0.00528622
0.00531936
0.00505233
0.00512671
0.00488210
0.00513458
0.00483584
0.00518870
0.00507832
0.00511527
0.00509357
0.00520754
0.00501585
0.00496984
0.00491309
0.00487757
0.00491095
0.00493598
0.00499797
0.01149821
0.01155543
0.00803971
0.00611877
0.00541377
0.00507712
0.00495553
0.00500369
0.00513530
0.00495028
0.00517178
0.00498629
0.00542212
0.00531077
0.00489712
0.00486112
0.00495100
0.00502181
0.00488830
0.00490713
0.00489855
0.00506234
0.00495172
0.00557113
0.00488496
0.00538659
0.00501204
0.00510359
0.00490975
0.00532055
0.00485516
0.00531793
0.00484467
0.00583363
0.00566649
0.00497270
0.00482726
0.00492573
0.00500822
0.00515485
0.00481081
0.00490856
0.00540590
0.00567245
0.00527143
0.00494838
0.00496364
0.00512338
0.00511217
0.00497031
0.00491810
0.00484133
0.00488353
0.00485873
0.00531125
0.00499701
0.00615573
0.00527644
0.00499177
0.00480509
0.00559306
0.00505376
0.00488901
0.00480962
0.00491905
0.00480962
0.00490332
0.00495148
0.00539851
0.00524020
0.00490928
0.00495076
0.00488520
0.00520158
0.00515866
0.00497627
0.00488830
0.00527072
0.00488234
0.00543308
0.00520301
0.00553846
0.00544691
0.00511122
0.00496697
0.00495005
0.00484490
0.00549102
0.00510812
0.00502229
0.00522566
0.00536942
0.00499225
0.00526428
0.00527167
0.00532770
0.00617957
0.00574875
0.00515652
0.00492501
0.00523472
0.00559831
0.00518370
0.00519156
0.00497675
0.00544333
0.00501466
0.00526643
0.00501990
0.00548077
0.00523949
0.00552869
0.00494576
0.00657344
0.00572443
0.00526786
0.00507474
0.00499463
0.00525022
0.00516605
0.00535798
0.00907350
0.00582266
0.00552750
0.00547099
0.00560832
0.00556660
0.00610471
0.00495601
0.00501776
0.00495028
0.00530195
0.00526333
0.00992727
0.00676227
0.00575519
0.00519419
0.00496292
0.00484920
0.00528908
0.00517368
0.00492144
0.00496221
0.00497079
0.00497937
0.00496340
0.00496054
0.00519252
0.00527763
0.00509453
0.00489783
0.00484490
0.00533581
0.00506639
0.00564575
0.00484443
0.00543237
0.00527573
0.00587702
0.00506210
0.00498104
0.00482488
0.00484896
0.00516534
0.00512886
0.00583196
0.00500083
0.00509262
0.00511026
0.00619388
0.00566125
0.00511122
0.00516748
0.00501823
0.00488639
0.00495720
0.00487351
0.00526905
0.00514889
0.00516295
0.00545907
0.00495124
0.00567961
0.00517988
0.00506163
0.00491929
0.00496769
0.00549221
0.00549197
0.00541377
0.00564742
0.00582457
0.00508165
0.00523782
0.00509310
0.00521064
0.00499964
0.00487232
0.00502300
0.00534701
0.00518847
0.00546837
0.00524688
0.00571012
0.00585246
0.00500321
0.00530529
0.00496531
0.00555468
0.00531316
0.00506854
0.00497937
0.00509810
0.00583220
0.00551939
0.00521159
0.00543094
0.00541639
0.00520229
0.00529957
0.00502992
0.00528646
0.00506186
0.00495195
0.00524139
0.00554371
0.00507689
0.00512791
0.00508356
0.00507617
0.00507498
0.00509620
0.00534654
0.00569391
0.00488138
0.00580525
0.00544500
0.00543857
0.00485396
0.00498056
0.00531530
0.00513482
0.00528216
0.00501227
0.00534177
0.00488353
0.00522590
0.00500822
0.00564599
0.00527310
0.00583100
0.00482345
0.00485134
0.00479770
0.00552702
0.00504088
0.00493979
0.00479078
0.00538659
0.00526237
0.00492835
0.00482774
0.00502753
0.00496960
0.00511146
0.00488472
0.00488305
0.00486732
0.00521493
0.00512767
0.00492024
0.00547266
0.00494528
0.00595236
0.00496626
0.00494003
0.00512648
0.00785351
0.00628829
0.00530910
0.00641227
0.00565672
0.00534415
0.00495648
0.00513768
0.00506067
0.00487494
0.00494671
0.00502563
0.00526094
0.00508952
0.00538230
0.00801897
0.00638461
0.00585151
0.00495768
0.00516605
0.00485635
0.00540543
0.00535488
0.00499153
0.00500989
0.00566387
0.00511909
0.00503445
0.00505280
0.00514412
0.00485921
0.00481033
0.00485682
0.00502300
0.00507426
0.00486779
0.00499749
0.00493932
0.00560927
0.00497556
0.00543046
0.00494099
0.00542855
0.00519943
0.00497007
0.00566459
0.00525498
0.00540018
0.00498414
0.00482726
0.00506473
0.00765109
0.00482273
0.00476956
0.00522757
0.00549388
0.00495577
0.00489235
0.00471807
0.00532174
0.00603247
0.00516582
0.00525141
0.01104140
0.00680852
0.00575972
0.00525880
0.00489569
0.00505090
0.00488043
0.00513077
0.00523472
0.00491524
0.00482035
0.00476146
0.00476146
0.00525045
0.00485921
0.00481534
0.00480318
0.00489354
0.00488591
0.00552559
0.00761437
0.00545144
0.00546026
0.00477362
0.00538874
0.00517631
0.00549126
0.00497174
0.00561118
0.00570297
0.00504327
0.00530076
0.00488305
0.00479960
0.00481510
0.00479674
0.00488639
0.00477076
0.00501919
0.00535083
0.00560045
0.00506258
0.00486922
0.00482059
0.00478816
0.00514889
0.00517678
0.00482392
0.00479412
0.00517273
0.00500154
0.00561571
0.00491285
0.00542092
0.00475430
0.00487137
0.00472856
0.00486112
0.00474691
0.00526667
0.00499845
0.00593400
0.00474715
0.00501657
0.00518203
0.00546837
0.00496554
0.00485969
0.00472236
0.00500131
0.00517225
0.00481725
0.00519395
0.00486994
0.00498199
0.00488257
0.00487161
0.00484705
0.00491190
0.00527740
0.00495386
0.00480843
0.00489712
0.00754476
0.00586987
0.00531244
0.00505233
0.00536561
0.00513601
0.00528693
0.00477171
0.00475597
0.00475836
0.00524402
0.00476980
0.00522280
0.00477362
0.00577998
0.00511599
0.00505972
0.00479198
0.00514698
0.00501275
0.00534010
0.00482965
0.00489879
0.00483441
0.00499511
0.00531554
0.00498700
0.00507259
0.00494027
0.00550723
0.00509524
0.00491524
0.00478792
0.00532532
0.00482965
0.00550818
0.00549436
0.00572276
0.00525618
0.00494504
0.00489330
0.00554061
0.00512528
0.00498438
0.00509095
0.00502920
0.00510430
0.00486040
0.00501513
0.00489473
0.00496793
0.00484371
0.00541234
0.00508261
0.00476813
0.00476384
0.00489283
0.00497389
0.00542736
0.00481200
0.00578237
0.00531483
0.00602674
0.00525093
0.00499296
0.00488710
0.00512505
0.00537920
0.00486779
0.00493288
0.00494862
0.00554085
0.00505495
0.00568604
0.00491905
0.00536585
0.00522017
0.00480175
0.00471973
0.00621581
0.00508547
0.00496864
0.00481105
0.00539827
0.00539398
0.00510836
0.01076889
0.00732541
0.00630593
0.00523376
0.00548935
0.00512648
0.00519037
0.00515175
0.00513220
0.00578856
0.00552750
0.00590897
0.00491381
0.00506234
0.00503516
0.00516295
0.00485635
0.00470829
0.00598264
0.00527906
0.00511479
0.00488138
0.00482893
0.00510025
0.00547504
0.00559497
0.00485826
0.00580502
0.00478888
0.00532722
0.00516510
0.00549293
0.00517678
0.00484705
0.00475097
0.00475359
0.00494814
0.00503063
0.00494385
0.00483680
0.00495434
0.00489831
0.00493217
0.00480056
0.00488901
0.00479627
0.00474787
0.00511885
0.00520492
0.00490928
0.00478411
0.00477958
0.00526643
0.00487828
0.00515771
0.00479341
0.00481105
0.00498557
0.00474405
0.00471210
0.00541544
0.00479293
0.00532675
0.00504088
0.00566435
0.00519276
0.00490856
0.00522208
0.00514340
0.00506663
0.00489044
0.00468326
0.00482249
0.00491357
0.00499105
0.00472498
0.00491381
0.00480223
0.00571704
0.00508523
0.00485396
0.00469780
0.00470734
0.00470257
0.00483990
0.00566339
0.00569654
0.00489068
0.00484157
0.00540304
0.00515366
0.00539303
0.00477743
0.00471830
0.00471735
0.00518751
0.00476813
0.00518680
0.00477099
0.00561738
0.00529814
0.00558186
0.00496864
0.00492263
0.00482965
0.00486970
0.00487256
0.00500154
0.00476336
0.00482893
0.00472164
0.00559187
0.00508189
0.00488520
0.00511193
0.00485492
0.00478745
0.00480461
0.00482821
0.00487065
0.00502849
0.00505400
0.00529957
0.00484037
0.00541997
0.00535345
0.00570059
0.00476027
0.00474215
0.00469208
0.00577927
0.00481725
0.00499988
0.00728130
0.00580764
0.00568438
0.00523448
0.00487375
0.00472784
0.00472260
0.00477004
0.00581384
0.00504565
0.00486732
0.00473666
0.00536013
0.00510740
0.00499368
0.00481462
0.00739121
0.00593925
0.00521970
0.00502348
0.00477409
0.00506234
0.00546098
0.00488448
0.00483584
0.00482631
0.00478458
0.00475550
0.00472903
0.00471902
0.00474668
0.00482869
0.00524974
0.00500774
0.00486875
0.00486040
0.00516081
0.00515556
0.00485396
0.00477624
0.00479054
0.00484133
0.00488329
0.00477505
0.00479221
0.00479698
0.00491238
0.00483418
0.00528383
0.00481701
0.00509286
0.00479531
0.00477076
0.00476551
0.00478840
0.00477338
0.00479054
0.00478554
0.00540423
0.00486183
0.00483918
0.00480056
0.00479436
0.00478125
0.00476074
0.00476003
0.00473690
0.00479746
0.00473833
0.00482440
0.00504351
0.00483394
0.00482988
0.00485039
0.00518370
0.00497603
0.00480199
0.00483036
0.00484776
0.00500655
0.00539756
0.00477743
0.00532508
0.00481486
0.00583553
0.00509119
0.00503564
0.00477600
0.00498033
0.00491500
0.00489664
0.00473833
0.00491929
0.00496984
0.00553250
0.00482678
0.00499129
0.00491309
0.00515842
0.00476456
0.00477338
0.00473642
0.00483799
0.00471354
0.00483990
0.00474787
0.00524449
0.00525188
0.00488973
0.00483775
0.00480676
0.00542879
0.00509691
0.00485706
0.00487351
0.00488448
0.00508189
0.00486493
0.00483251
0.00519276
0.00479841
0.00511813
0.00485563
0.00481558
0.00497675
0.00546598
0.00484872
0.00486302
0.00477934
0.00579095
0.00545812
0.00525904
0.00502777
0.00510430
0.00494552
0.00474858
0.00470710
0.00488639
0.00507426
0.00497651
0.00472951
0.00534344
0.00520444
0.00492787
0.00473785
0.00498676
0.00482798
0.00513792
0.00475478
0.00482941
0.00471210
0.00483394
0.00534511
0.00486326
0.00501156
0.00481462
0.00515628
0.00499439
0.00472641
0.00471759
0.00505114
0.00480533
0.00479722
0.00498605
0.00550938
0.00797248
0.00569606
0.00618291
0.00510192
0.00490141
0.00471807
0.00507855
0.00474477
0.00533438
0.00483775
0.00542164
0.00558877
0.00500536
0.00540948
0.00484705
0.00478411
0.00506258
0.00513816
0.00492191
0.00487280
0.00488758
0.00501609
0.00493979
0.00490069
0.00513244
0.00487208
0.00505543
0.00508976
0.00497341
0.00487757
0.00482011
0.00480175
0.00510192
0.00488305
0.00482225
0.00543022
0.00501204
0.00588942
0.00477672
0.00475168
0.00471878
0.00561142
0.00504351
0.00484490
0.00472641
0.00533032
0.00569797
0.00517750
0.00486755
0.00498056
0.00480223
0.00496125
0.00482202
0.00478482
0.00472975
0.00483656
0.00534701
0.00490475
0.00490665
0.00485301
0.00480533
0.00477338
0.00470757
0.00473380
0.00469375
0.00481009
0.00473785
0.00746799
0.00591731
0.00518155
0.00484824
0.00477767
0.00486636
0.00475216
0.00472975
0.00471473
0.00488234
0.00475550
0.00492859
0.00482941
0.00538158
0.00529003
0.00487781
0.00498748
0.00484514
0.00472379
0.00475645
0.00469089
0.00481176
0.00472069
0.00519395
0.00486541
0.00575161
0.00528216
0.00487018
0.00473475
0.00483537
0.00471306
0.00472784
0.00468063
0.00572157
0.00518346
0.00484538
0.00471640
0.00523233
0.00535107
0.00513649
0.00476861
0.00498629
0.00484085
0.00478554
0.00469446
0.00484109
0.00472903
0.00481915
0.00473857
0.00531197
0.00522327
0.00492263
0.00473571
0.00487232
0.00520277
0.00490332
0.00473976
0.00490713
0.00520802
0.00488448
0.00514436
0.00532866
0.00519228
0.00503445
0.00592947
0.00484443
0.00514412
0.00485396
0.00491190
0.00484920
0.00490689
0.00493526
0.00514388
0.00493741
0.00488782
0.00485635
0.00515866
0.00489879
0.00481939
0.00505662
0.00488019
0.00491190
0.00496364
0.00696731
0.00576210
0.00480819
0.00523233
0.00480628
0.00498605
0.00515795
0.00505376
0.00545812
0.00495148
0.00537276
0.00487113
0.00540066
0.00488544
0.00489402
0.00482750
0.00504518
0.00477290
0.00523353
0.00477195
0.00522017
0.00479913
0.00494719
0.00482821
0.00527024
0.00492740
0.00496197
0.00480580
0.00539064
0.00476909
0.00472116
0.00473142
0.00468993
0.00481200
0.00474334
0.00478554
0.00482559
0.00488973
0.00489187
0.00499153
0.00484729
0.00985217
0.00658703
0.00562429
0.00512743
0.00498581
0.00472355
0.00533295
0.00519061
0.00516033
0.00476241
0.00500464
0.00481796
0.00479555
0.00469947
0.00483155
0.00473499
0.00482464
0.00472617
0.00531960
0.00519228
0.00487399
0.00471020
0.00481224
0.00474691
0.00482178
0.00471306
0.00489759
0.00481176
0.00493765
0.00481391
0.00549436
0.00534439
0.00486970
0.00474191
0.00481844
0.00470185
0.00473905
0.00470495
0.00526428
0.00476575
0.00492573
0.00477886
0.00544071
0.00534248
0.00485229
0.00470638
0.00481987
0.00470328
0.00474715
0.00469041
0.00505733
0.00470924
0.00487733
0.00483131
0.00543165
0.00528574
0.00497627
0.00473809
0.00484490
0.00473213
0.00476384
0.00469899
0.00488639
0.00471568
0.00488615
0.00471306
0.00537896
0.00527000
0.00493836
0.00471902
0.00486469
0.00472736
0.00474715
0.00529075
0.00497317
0.00472975
0.00484204
0.00468254
0.00549006
0.00519729
0.00485492
0.00498176
0.00487924
0.00484633
0.00482774
0.00477171
0.00478601
0.00469255
0.00484514
0.00865555
0.00542045
0.00488949
0.00499916
0.00483561
0.00473833
0.00476718
0.00470996
0.00495601
0.00475240
0.00488114
0.00481725
0.00533295
0.00534344
0.00485587
0.00473809
0.00486970
0.00473356
0.00474072
0.00471783
0.00523973
0.00481248
0.00493979
0.00472999
0.00530100
0.00533128
0.00513554
0.00476122
0.00483584
0.00472379
0.00479364
0.00483322
0.00512242
0.00475049
0.00489092
0.00706220
0.00490069
0.00551462
0.00492430
0.00529671
0.00479078
0.00475979
0.00472641
0.00523663
0.00475454
0.00520802
0.00475430
0.00552988
0.00521159
0.00525498
0.00500441
0.00482106
0.00470901
0.00476050
0.00469947
0.00523949
0.00477862
0.00491261
0.00482011
0.00533891
0.00534797
0.00486898
0.00473070
0.00483918
0.00473952
0.00477576
0.00472808
0.00525022
0.00481701
0.00487304
0.00474000
0.00532770
0.00532413
0.00491214
0.00470996
0.00481153
0.00472569
0.00472045
0.00468898
0.00559044
0.00478697
0.00516176
0.00471473
0.00532174
0.00534058
0.00485373
0.00472045
0.00482130
0.00471258
0.00473213
0.00471163
0.00481319
0.00481796
0.00489712
0.00473309
0.00532961
0.00534916
0.00486708
0.00475717
0.00485587
0.00473332
0.00476980
0.00470352
0.00484085
0.00476837
0.00493765
0.00474858
0.00531006
0.00532103
0.00487280
0.00472784
0.00483227
0.00473857
0.00475502
0.00471473
0.00486255
0.00478339
0.00491643
0.00472450
0.00530505
0.00533819
0.00493169
0.00480986
0.00490737
0.00478959
0.00481272
0.00474548
0.00488758
0.00525355
0.00493193
0.00481868
0.00499582
0.00542140
0.00495744
0.00481558
0.00483036
0.00469613
0.00476480
0.00469232
0.00481987
0.00470829
0.00482821
0.00469947
0.00502253
0.00531387
0.00487280
0.00509191
0.00484991
0.00473857
0.00483537
0.00476980
0.00483060
0.00482464
0.00482583
0.00481629
0.00494957
0.00483966
0.00491667
0.00485992
0.00485659
0.00477123
0.00481892
0.00473619
0.00482845
0.00470257
0.00482488
0.00478482
0.00491261
0.00484371
0.00500560
0.00671673
0.00559616
0.00514126
0.00490594
0.00483251
0.00515389
0.00512385
0.00472760
0.00493836
0.00546455
0.00542212
0.00487137
0.00478840
0.00473094
0.00473952
0.00476074
0.00479889
0.00492501
0.00482941
0.00492096
0.00486541
0.01103187
0.01024866
0.00658894
0.00565553
0.00514865
0.00532603
0.00475645
0.00556946
0.00534964
0.00487256
0.00476289
0.00484967
0.00473523
0.00478077
0.00471020
0.00482368
0.00478673
0.00489664
0.00473189
0.00534415
0.00533032
0.00488997
0.00473213
0.00485539
0.00478530
0.00482559
0.00472355
0.00487566
0.00475049
0.00488734
0.00474930
0.00563121
0.00523329
0.00516725
0.00482249
0.00497198
0.00470400
0.00473166
0.00470114
0.00481033
0.00473332
0.00482869
0.00470161
0.00536561
0.00531411
0.00488782
0.00477839
0.00495887
0.00470853
0.00473928
0.00469065
0.00480604
0.00472832
0.00484085
0.00470948
0.00532436
0.00518680
0.00488687
0.00524783
0.00487089
0.00512743
0.00483942
0.00487685
0.00481129
0.00546432
0.00487375
0.00536418
0.00489020
0.00736475
0.00613403
0.00523615
0.00496650
0.00492239
0.00500107
0.00496268
0.00546122
0.00524521
0.00585890
0.00538111
0.00551081
0.00483060
0.00514555
0.00538230
0.00502300
0.00497580
0.00520563
0.00543737
0.00550938
0.00608373
0.00555038
0.00619054
0.00553298
0.00497842
0.00493503
0.00493336
0.01081991
0.00809169
0.00609612
0.00532389
0.00605774
0.00484014
0.00546360
0.00474477
0.00477362
0.00471187
0.00496268
0.00472665
0.00526142
0.00477076
0.00535607
0.00528359
0.00487423
0.00497127
0.00481606
0.00471735
0.00475717
0.00490332
0.00494456
0.00470281
0.00482082
0.00471282
0.00536609
0.00537705
0.00486660
0.00475883
0.00485682
0.00470924
0.00476074
0.00474668
0.00493574
0.00485182
0.00488114
0.00471258
0.00531816
0.00530982
0.00511146
0.00472569
0.00483513
0.00470543
0.00472426
0.00475597
0.00488615
0.00486636
0.00503397
0.00526071
0.00534201
0.00521111
0.00487041
0.00471473
0.00488663
0.00484014
0.00478292
0.00470066
0.00480533
0.00471759
0.00484276
0.00469398
0.00546861
0.00521517
0.00484109
0.00504231
0.00489163
0.00470662
0.00472713
0.00468135
0.00483727
0.00470138
0.00484157
0.00469565
0.00496173
0.00478411
0.00487137
0.00479245
0.00493169
0.00481510
0.00481176
0.00479150
0.00493073
0.00479889
0.00488687
0.00485516
0.00497341
0.00513649
0.00494623
0.00486588
0.00485921
0.00484204
0.00473571
0.00468516
