0.00281143
0.00520658
0.00550056
0.00522733
0.00551128
0.00515676
0.00516987
0.00512362
0.00509119
0.00513291
0.00527740
0.00519967
0.00514770
0.00514507
0.00568652
0.00519276
0.00589013
0.00522494
0.00573111
0.00513220
0.00513005
0.00507474
0.00561833
0.00513101
0.00527000
0.00508547
0.00564575
0.00579190
0.00535941
0.00547981
0.00532174
0.00520706
0.00527596
0.00519800
0.00520706
0.00526261
0.00523043
0.00581264
0.00533319
0.00538015
0.00528717
0.00524259
0.00518012
0.00513554
0.00511146
0.00527668
0.00520611
0.00524306
0.00516129
0.00536418
0.00530171
0.00587583
0.00525403
0.00543976
0.00512242
0.00522232
0.00508308
0.00568986
0.00511503
0.00540090
0.00514197
0.00577092
0.00566316
0.00577641
0.00529432
0.00517845
0.00510859
0.00510049
0.00514174
0.00519705
0.00516629
0.00522137
0.00544262
0.00527143
0.00523114
0.00521326
0.00547552
0.00519967
0.00517011
0.00512743
0.00528884
0.00519013
0.00521040
0.00517416
0.00573945
0.00523496
0.00593758
0.00556302
0.00531411
0.00515604
0.00517559
0.00514603
0.00531149
0.00516868
0.00535560
0.00516748
0.00571060
0.00576234
0.00531197
0.00576925
0.00543785
0.00518513
0.00516224
0.00518322
0.00516629
0.00516701
0.00517344
0.00538135
0.00529218
0.00520730
0.00513244
0.00515223
0.00509906
0.00503087
0.00501585
0.00505185
0.00506425
0.00536871
0.00533724
0.00527096
0.00513387
0.00512385
0.00508070
0.00517726
0.00506520
0.00502372
0.00501204
0.00506735
0.00506353
0.00506711
0.00510049
0.00513530
0.00512886
0.00543356
0.00509644
0.00508809
0.00509214
0.00501871
0.00498867
0.00531840
0.00518155
0.00519300
0.00505900
0.00516772
0.00513244
0.00512743
0.00514770
0.00554252
0.00513005
0.00500011
0.00499272
0.00535917
0.00514603
0.00516391
0.00510430
0.00522947
0.00514364
0.00546312
0.00565457
0.00511408
0.00506759
0.00499010
0.00498676
0.00509834
0.00511432
0.00513029
0.00508213
0.00529552
0.00511122
0.00512004
0.00506377
0.00508714
0.00789595
0.00605893
0.00556707
0.00532246
0.00505471
0.00512171
0.00527096
0.00527668
0.00520396
0.00516129
0.00543404
0.00512838
0.00497890
0.00497293
0.00509667
0.00505400
0.00512815
0.00504637
0.00532079
0.00509501
0.00512123
0.00505424
0.00511074
0.00508380
0.00502062
0.00502062
0.00506806
0.00504732
0.00506783
0.00512576
0.00519466
0.00511837
0.00511217
0.00533390
0.00504422
0.00501537
0.00497961
0.00498843
0.00501442
0.00500989
0.00508189
0.00514984
0.00521135
0.00508046
0.00510907
0.00505877
0.00505400
0.00505686
0.00495911
0.00497818
0.00502563
0.00515509
0.00507426
0.00784636
0.00666857
0.00563931
0.00505495
0.00531292
0.00505400
0.00517511
0.00518394
0.00521135
0.00523853
0.00525188
0.00525141
0.00537801
0.00508928
0.00568318
0.00520372
0.00566483
0.00535798
0.00553155
0.00549555
0.00543952
0.00523281
0.00532842
0.00521111
0.00575900
0.00557303
0.00525546
0.00523353
0.00513387
0.00503922
0.00505424
0.00502491
0.00514865
0.00510383
0.00513411
0.00585055
0.00527453
0.00522971
0.00518084
0.00515938
0.00515819
0.00506997
0.00506902
0.00607014
0.00521326
0.00559545
0.00510335
0.00561571
0.00516057
0.00578928
0.00508308
0.00534534
0.00504684
0.00508428
0.00500488
0.00553989
0.00504017
0.00525689
0.00510478
0.00573683
0.00559783
0.00516248
0.00503850
0.00512886
0.00499439
0.00509214
0.00532460
0.00513935
0.00504851
0.00611830
0.00617266
0.00602913
0.00545788
0.00513959
0.00549340
0.00516677
0.00509763
0.00503445
0.00549197
0.00504446
0.00548077
0.00503302
0.00572324
0.00520539
0.00580502
0.00543594
0.00525570
0.00557709
0.00509548
0.00500655
0.00528359
0.00551105
0.00530553
0.00489330
0.00552201
0.00552559
0.00512815
0.00520062
0.00501013
0.00531530
0.00490808
0.00499845
0.00498724
0.00519919
0.00507307
0.00544429
0.00517750
0.00522995
0.00500965
0.00513077
0.00776029
0.00607157
0.00597024
0.00522637
0.00534010
0.00498629
0.00535345
0.00510740
0.00565767
0.00500131
0.00528431
0.00498176
0.00495625
0.00496387
0.00503612
0.00506997
0.00514913
0.00759363
0.00647879
0.00559163
0.00522351
0.00512815
0.00510812
0.00507259
0.00506639
0.00511599
0.00512409
0.00499392
0.00507593
0.00518394
0.00505614
0.00504637
0.00503087
0.00497103
0.00494576
0.00491452
0.00511408
0.00790715
0.00602269
0.00562739
0.00516915
0.00508952
0.00555778
0.00535440
0.00499129
0.00492382
0.00481391
0.00482106
0.00520587
0.00562835
0.00483727
0.00491023
0.00480318
0.00508285
0.00542784
0.00501895
0.00501585
0.00511122
0.00499129
0.00503850
0.00498056
0.00508332
0.00497603
0.00505662
0.00488114
0.00555301
0.00927949
0.00499940
0.00504136
0.00498080
0.00494933
0.00494981
0.00515270
0.00500393
0.00510645
0.00504637
0.00566721
0.00518036
0.00512171
0.00498891
0.00500011
0.00499320
0.00493717
0.00493574
0.00499344
0.00500703
0.00497103
0.00510478
0.00523520
0.00521779
0.00514102
0.00508142
0.00506926
0.00502777
0.00495028
0.00765610
0.00690556
0.00539756
0.00530362
0.00497413
0.00515628
0.00558925
0.00514603
0.00507069
0.00503969
0.00493431
0.00497603
0.00491810
0.00506020
0.00495148
0.00506449
0.00493073
0.00520611
0.00556660
0.00522184
0.00518441
0.00538564
0.00525427
0.00524616
0.00531840
0.00531816
0.00533390
0.00506616
0.00509644
0.00504303
0.00535774
0.00499511
0.00593162
0.00501943
0.00500417
0.00492811
0.00506711
0.00499535
0.00542426
0.00498939
0.00553679
0.00889945
0.00615191
0.00594497
0.00522423
0.00497818
0.00492454
0.00540638
0.00503755
0.00580025
0.00556159
0.00575280
0.00561929
0.00511003
0.00495005
0.00506282
0.00491190
0.00493407
0.00488281
0.00502706
0.00490928
0.00540447
0.00497389
0.00561309
0.00550413
0.00537634
0.00493932
0.00509143
0.00492048
0.00494504
0.00490403
0.00501180
0.00491405
0.00504375
0.00500798
0.00555515
0.00539041
0.00508642
0.00494194
0.00505710
0.00493789
0.00498748
0.00492477
0.00503898
0.00494862
0.00509381
0.00502491
0.00558710
0.00561166
0.00514770
0.00526953
0.00510716
0.00498056
0.00504565
0.00495481
0.00508738
0.00499725
0.00524712
0.00566888
0.00542998
0.00551820
0.00516438
0.00497699
0.00513029
0.00498033
0.00499487
0.00494719
0.00511026
0.00498271
0.00522971
0.00509048
0.00565314
0.00552058
0.00540638
0.00498199
0.00513434
0.00497317
0.00503397
0.00498247
0.00518656
0.00511098
0.00520205
0.00500631
0.00550985
0.00562596
0.00516582
0.00502062
0.00511885
0.00500035
0.00509739
0.00498748
0.00520396
0.00504446
0.00514460
0.00501466
0.00564647
0.00548196
0.00520539
0.00583124
0.00522876
0.00506854
0.00506115
0.00503397
0.00513840
0.00535417
0.01220298
0.00836778
0.00658870
0.00639153
0.00638890
0.00633049
0.00626326
0.00599861
0.00594544
0.00593686
0.00645018
0.00649738
0.00598812
0.00566077
0.00544953
0.00539231
0.00540686
0.00556421
0.00547862
0.00582767
0.00534606
0.00606775
0.00568390
0.00554705
0.00505614
0.00530219
0.00548315
0.00549579
0.00552511
0.00560236
0.00550222
0.00544858
0.00546503
0.00521922
0.00583553
0.00513792
0.00562668
0.00501418
0.00505257
0.00499749
0.00548649
0.00504780
0.00531483
0.00550365
0.00569820
0.00567651
0.00514054
0.00553393
0.00512862
0.00497746
0.00508022
0.00499296
0.00514865
0.00503039
0.00513887
0.00499582
0.00572014
0.00546122
0.00521970
0.00511909
0.00528026
0.00507712
0.00505257
0.00499845
0.00516152
0.00503755
0.00528264
0.00546813
0.00558758
0.00584292
0.00550556
0.00594234
0.00546956
0.00516963
0.00503516
0.00557065
0.00510693
0.00562668
0.00516009
0.00564551
0.00569534
0.00521064
0.00508618
0.00519967
