0.00261545
0.00486827
0.00508690
0.00480938
0.00529194
0.00492287
0.00488663
0.00487089
0.00519061
0.00760984
0.00574970
0.00519300
0.00495625
0.00485182
0.00478911
0.00521779
0.00479889
0.00531983
0.00484180
0.00548601
0.00519085
0.00508261
0.00478172
0.00477457
0.00472665
0.00525498
0.00478220
0.00528789
0.00476313
0.00541615
0.00520730
0.00493097
0.00474572
0.00487590
0.00474262
0.00475597
0.00472450
0.00482559
0.00497389
0.00496769
0.00474572
0.00533128
0.00537658
0.00494695
0.00479674
0.00492883
0.00478458
0.00476003
0.00481677
0.00482845
0.00474191
0.00487423
0.00473285
0.00541997
0.00548172
0.00491977
0.00536442
0.00488377
0.00481248
0.00476742
0.00510836
0.00481391
0.00500751
0.00722194
0.00567913
0.00498652
0.00499153
0.00541449
0.00488019
0.00482798
0.00480914
0.00486827
0.00484443
0.00486541
0.00482941
0.00514054
0.00494957
0.00487947
0.00509095
0.00511098
0.00514102
0.00514150
0.00488329
0.00521469
0.00491548
0.00548124
0.00490451
0.00580144
0.00520730
0.00516248
0.00474739
0.00491881
0.00518990
0.00513864
0.00475383
0.00500417
0.00535989
0.00490975
0.00522304
0.00496197
0.00572157
0.00489187
0.00535893
0.00483465
0.00505328
0.00476003
0.00478506
0.00491405
0.00480890
0.00837827
0.00907016
0.00858784
0.00851774
0.00863194
0.00834727
0.00628018
0.00542903
0.00563312
0.00743604
0.00574279
0.00568628
0.00490165
0.00481725
0.00472260
0.00488138
0.00477099
0.00530171
0.00481582
0.00539374
0.00520849
0.00489163
0.00478244
0.00485492
0.00475478
0.00476289
0.00472641
0.00491929
0.00485110
0.00489736
0.00532508
0.00563622
0.00529385
0.00492644
0.00530529
0.00486636
0.00477386
0.00475717
0.00470400
0.00483751
0.00474191
0.00486302
0.00479007
0.00494289
0.00574422
0.00490189
0.00509357
0.00480247
0.00476074
0.00474310
0.00481510
0.00479865
0.00473571
0.00483322
0.00501704
0.00492477
0.00549865
0.00483942
0.00495744
0.00482583
0.00476432
0.00477862
0.00472808
0.00483799
0.00479484
0.00483227
0.00515294
0.00499988
0.00486684
0.00514102
0.00482655
0.00707054
0.00566053
0.00521922
0.00502610
0.00482082
0.00479960
0.00497985
0.00485826
0.00484109
0.00509095
0.00538468
0.00490522
0.00483584
0.00484037
0.00487804
0.00485182
0.00528526
0.00477815
0.00559068
0.00491261
0.00543785
0.00474954
0.00486040
0.00740099
0.00569415
0.00567198
0.00494719
0.00487423
0.00481081
0.00531578
0.00531960
0.00695133
0.00575924
0.00478005
0.00476980
0.00472808
0.00483179
0.00473690
0.00531340
0.00509024
0.00539851
0.00520086
0.00488734
0.00514555
0.00486875
0.00476837
0.00479388
0.00481868
0.00497293
0.00475264
0.00489950
0.00476503
0.00500131
0.00532055
0.00495768
0.00476289
0.00490785
0.00483918
0.00494599
0.00481701
0.00493574
0.00482488
0.00493383
0.00477791
0.00492287
0.00562620
0.00484109
0.00507426
0.00480127
0.00479889
0.00471234
0.00770569
0.00585890
0.00530052
0.00496030
0.00494432
0.00487065
0.00483298
0.00488806
0.00482583
0.00473857
0.00477958
0.00481606
0.00478005
0.00479984
0.00724244
0.00577068
0.00527239
0.00496125
0.00517368
0.00983596
0.00643969
0.00563931
0.00511909
0.00503159
0.00473642
0.00499630
0.00531077
0.00489521
0.00494862
0.00491834
0.00523543
0.00489688
0.00502634
0.00491905
0.00497341
0.00490928
0.00492287
0.00487947
0.00502276
0.00511599
0.00521016
0.00481153
0.00483775
0.00479889
0.00491571
0.00479937
0.00520301
0.00481057
0.00538468
0.00491977
0.00557542
0.00483942
0.00507379
0.00481820
0.00482178
0.00473714
0.00525832
0.00478554
0.00542569
0.00484347
0.00536680
0.00519276
0.00488329
0.00472808
0.00482774
0.00474262
0.00475192
0.00470257
0.00494814
0.00472784
0.00483751
0.00471759
0.00556493
0.00518155
0.00486159
0.00499225
0.00480533
0.00473952
0.00479221
0.00518799
0.00482416
0.00474811
0.00494218
0.00475025
0.00529528
0.00536442
0.00483227
0.00473070
0.00483465
0.00471187
0.00473666
0.00470591
0.00480437
0.00472307
0.00491595
0.00472569
0.00533080
0.00532246
0.00514817
0.00474811
0.00485969
0.00473189
0.00475645
0.00470829
0.00495052
0.00471830
0.00482965
0.00471401
0.00533128
0.00531459
0.00486970
0.00473952
0.00483918
0.00492144
0.00495338
0.00489163
0.00501037
0.00495172
0.00500083
0.00502872
0.00489283
0.00493479
0.00481510
0.00479317
0.00481343
0.00479102
0.00480032
0.00478983
0.00485015
0.00478220
0.00481439
0.00500298
0.00491810
0.00565958
0.00515866
0.00521970
0.00483036
0.00480318
0.00485039
0.00479388
0.00478911
0.00520301
