0.00448418
0.00517607
0.00589013
0.00516987
0.00525784
0.00508738
0.00509572
0.00554800
0.00509810
0.00518036
0.00519013
0.00520492
0.00578022
0.00495195
0.00509620
0.00495601
0.00497770
0.00495052
0.00499034
0.00559092
0.00500154
0.00516152
0.00515938
0.00505590
0.00552893
0.00498867
0.00500989
0.00512576
0.00513315
0.00537753
0.00500226
0.00564861
0.00547290
0.00522161
0.00542188
0.00490308
0.00487065
0.00480390
0.00491667
0.00489402
0.00491595
0.00549221
0.00557685
0.00529218
0.00491619
0.00492978
0.00479627
0.00485945
0.00513196
0.00491953
0.00510049
0.00504899
0.00508618
0.00558472
0.00494194
0.00500202
0.00487399
0.00495362
0.00493813
0.00494027
0.00500894
0.00488782
0.00501990
0.00571609
0.00496650
0.00603890
0.00488377
0.00494576
0.00527287
0.00506711
0.00533891
0.00491619
0.00570941
0.00568748
0.00506330
0.00534773
0.00495815
0.00494075
0.00482488
0.00499749
0.00509024
0.00497413
0.00495982
0.00499892
0.00596237
0.00545716
0.00546408
0.00497341
0.00494552
0.00555801
0.00502086
0.00514412
0.00519490
0.00499964
0.00556898
0.00540900
0.00503683
0.00523901
0.00498366
0.00566888
0.00538778
0.00506759
0.00558186
0.00508213
0.00565052
0.00488305
0.00505710
0.00536823
0.00488162
0.00542593
0.00493574
0.00530505
0.00510979
0.00512195
0.00504398
0.00502276
0.00557637
0.00523615
0.00507140
0.00551367
0.00502491
0.00548339
0.00518394
0.00565243
0.00573087
0.00500274
0.00560760
0.00494385
0.00497246
0.00487733
0.00497031
0.00533986
0.00493884
0.00564194
0.00561428
0.00503922
0.00542188
0.00495625
0.00489831
0.00480771
0.00498939
0.00495028
0.00496864
0.00575900
0.00534296
0.00502920
0.00494552
0.00492120
0.00489926
0.00481486
0.00497651
0.00542092
0.00501394
0.00531340
0.00499058
0.00546384
0.00516248
0.00511885
0.00500894
0.00492930
0.00534177
0.00491214
0.00505710
0.00488472
0.00508833
0.00533605
0.00525427
0.00502419
0.00484133
0.00489616
0.00482893
0.00499201
0.00497866
0.00496101
0.00551558
0.00542045
0.00515604
0.00502706
0.00499415
0.00488257
0.00492215
0.00536990
0.00490212
0.00499558
0.00499725
0.00513935
0.00504422
0.00702929
0.00582838
0.00521970
0.00487804
0.00500798
0.00565505
0.00496221
0.00559926
0.00542617
0.00507092
0.00527596
0.00496483
0.00483012
0.00488615
0.00553632
0.00489473
0.00498247
0.00497413
0.00514960
0.00529909
0.00495529
0.00513077
0.00487089
0.00488138
0.00481343
0.00502777
0.00497437
0.01025343
0.00841093
0.00628018
0.00524902
0.00495839
0.00492668
0.00498843
0.00504279
0.00492811
0.00542164
0.00554681
0.00544882
0.00537896
0.00508213
0.00498414
0.00500298
0.00527024
0.00496411
0.00508833
0.00610614
0.00515962
0.00578356
0.00508547
0.00514960
0.00496054
0.00501370
0.00495315
0.00500083
0.00541878
0.00503302
0.00555611
0.00536299
0.00517225
0.00498199
0.00495601
0.00485206
0.00480556
0.00509667
