0.00250936
0.00527024
0.00503612
0.00499225
0.00533795
0.00492644
0.00485373
0.00487709
0.00499558
0.00498986
0.00493908
0.00495791
0.00497055
0.00484562
0.00536036
0.00488091
0.00562572
0.00497961
0.00518990
0.00481820
0.00480604
0.00480723
0.00535202
0.00482059
0.00490880
0.00490499
0.00540257
0.00543714
0.00495934
0.00482893
0.00495934
0.00486112
0.00488853
0.00482321
0.00495267
0.00490141
0.00493169
0.00509858
0.00510263
0.00503111
0.00497746
0.00494981
0.00492835
0.00488544
0.00488544
0.00496101
0.00493526
0.00533462
0.00493860
0.00574088
0.00778079
0.00622153
0.00619221
0.00498414
0.00491595
0.00483775
0.00495601
0.00488520
0.00501657
0.00485921
0.00538564
0.00546002
0.00529480
0.00515056
0.00503945
0.00498056
0.00498533
0.00502348
0.00500631
0.00503135
0.00494838
0.00541258
0.00499105
0.00585556
0.00514293
0.00501847
0.00488091
0.00486088
0.00483322
0.00495052
0.00486946
0.00503325
0.00488377
0.00550079
0.00549626
0.00504851
0.00509834
0.00502563
0.00492430
0.00492954
0.00495744
0.00495362
0.00494456
0.00501561
0.00503445
0.00505948
0.00534034
0.00501156
0.00545764
0.00508046
0.00496435
0.00489879
0.00540733
0.00494099
0.00503016
0.00486255
0.00549650
0.00536561
0.00508046
0.00494504
0.00504351
0.00497365
0.00500274
0.00489593
0.00502563
0.00499654
0.00501537
0.00516200
0.00515175
0.00504208
0.00530982
0.00537491
0.00501084
0.00501060
0.00494957
0.00545692
0.00499296
0.00544715
0.00496244
0.00552344
0.00541782
0.00520492
0.00493503
0.00509667
0.00501537
0.00497270
0.00504065
0.00512314
0.00511408
0.00509906
0.00519991
0.00515485
0.00542283
0.00502729
0.00578737
0.00507355
0.00498605
0.00517559
0.00536752
0.00496697
0.00519013
0.00496268
0.00571609
0.00546908
0.00508261
0.00509238
0.00502229
0.00493979
0.00497866
0.00501275
0.00501275
0.00499654
0.00512004
0.00512218
0.00506496
0.00535536
0.00919557
0.00913310
0.00691366
0.00502324
0.00498462
0.00513482
0.00504303
0.00565052
0.00551248
0.00545764
0.00513864
0.00508976
0.00502682
0.00503230
0.00507569
0.00513196
0.00550556
0.00497866
0.00603366
0.00532150
0.00510001
0.00493121
0.00510120
0.00494766
0.00503135
0.00497413
0.00506425
0.00492907
0.00503516
0.00522375
0.00518394
0.00512981
0.00499916
0.00499916
0.00498748
0.00496078
0.00493550
0.00499535
0.00504231
0.00542903
0.00500178
0.00560617
0.00510597
0.00519085
0.00525093
0.00511599
0.00496888
0.00513101
0.00539875
0.00518942
0.00539804
0.00520706
0.00523591
0.00526595
0.00518703
0.00534606
0.00556421
0.00506592
0.00553274
0.00500584
0.00612330
0.00560141
0.00526094
0.00503254
0.00560498
0.00550056
0.00511909
0.00525427
0.00512075
0.00586224
0.00516105
0.00639701
0.00562119
0.00588083
0.00536394
0.00513124
0.00550532
0.00511217
0.00563169
0.00505686
0.00555491
0.00546074
0.00516319
0.00563574
0.00508904
0.00528288
0.00519037
0.00528550
0.00515032
0.00515509
0.01090646
0.00726056
0.00600386
0.00540471
0.00506020
0.00548720
0.00502181
0.00570488
0.00517464
0.00493836
0.00492120
0.00504208
0.00494838
0.00497127
0.00496912
0.00511336
0.00493169
0.00566554
0.00551486
0.00535774
0.00502563
0.00949836
0.00658464
0.00616860
0.00535226
0.00511599
0.00492668
0.00517249
0.00570703
0.00506401
0.00504208
0.00497341
0.00491118
0.00493193
0.00496912
0.00499225
0.00508881
0.00496483
0.00558162
0.00509477
0.00576162
0.00510120
0.00501752
0.00494051
0.00496602
0.00487304
0.00498605
0.00489354
0.00500202
0.00496125
0.00551558
0.00551629
0.00504994
0.00496316
0.00508666
0.00503325
0.00502825
0.00512362
0.00509286
0.00517893
0.00512075
0.00518894
0.00500798
0.00561714
0.00498056
0.00545049
0.00501895
0.00499415
0.00511885
0.00572562
0.00496984
0.00518346
0.00500989
0.00553250
0.00554156
0.00508332
0.00524211
0.00506568
0.00488210
0.00490451
0.00487924
0.00498247
0.00503230
0.00497556
0.00539351
0.00512791
0.00529432
0.00493503
0.00519156
0.00492620
0.00487065
0.00485492
0.00488234
0.00500059
0.00529313
0.00487018
0.00540090
0.00493598
0.00551224
0.00492334
0.00494361
0.00482726
0.00481558
0.00479269
0.00490379
0.00480723
0.00490332
0.00477362
0.00544357
0.00526619
0.00496507
0.00481582
0.00494552
0.00490379
0.00489283
0.00485253
0.00496030
0.00485158
0.00497770
0.00496387
0.00503421
0.00543785
0.00520396
0.00491810
0.00493193
0.00486350
0.00485229
0.00490713
0.00514531
0.00534987
0.00491738
0.00544071
0.00498247
0.00581717
0.00490284
0.00528097
0.00486898
0.00489497
0.00484204
0.00505304
0.00488162
0.00498366
0.00489211
0.00513625
0.00558329
0.00507164
0.00514317
0.00496745
0.00487375
0.00490522
0.00494075
0.00495386
0.00493503
0.00505447
0.00501871
0.00502348
0.00554419
0.00497532
0.00542521
0.00501561
0.00493741
0.00488949
0.00588274
0.00491452
0.00509429
0.01056576
0.00559902
0.00502491
0.00489020
0.00505018
0.00488377
0.00492287
0.00485420
0.00495958
0.00492597
0.00492120
0.00518727
0.00505447
0.00528121
0.00520277
0.00532341
0.00494504
0.00487661
0.00486827
0.00530744
0.00488997
0.00503731
0.00488353
0.00560164
0.00532722
0.00528884
0.00486231
0.00500941
0.00486183
0.00495982
0.00489998
0.00496769
0.00486374
0.00497961
0.00497985
0.00505400
0.00547481
0.00499916
0.00503945
0.00495481
0.00490880
0.00492859
0.00494909
0.00495291
0.00520825
0.00497246
0.00574327
0.00515127
0.00579953
0.00505877
0.00504971
