0.00703740
0.00503898
0.00498867
0.00544000
0.00512338
0.00509810
0.00522709
0.00499940
0.00489712
0.00503850
0.00496459
0.00516534
0.00516915
0.00499701
0.00500846
0.00561905
0.00508952
0.00505161
0.00505924
0.00509381
0.00524068
0.00736165
0.00628161
0.00528502
0.00511312
0.00504923
0.00501895
0.00511670
0.00538063
0.00553131
0.00522494
0.00545716
0.00518918
0.00511098
0.00506783
0.00522947
0.00504756
0.00524068
0.00560212
0.00519848
0.00515485
0.00522017
0.00511765
0.00510979
0.00497627
0.00510120
0.00536919
0.00566578
0.00512767
0.00516725
0.00552845
0.00508380
0.00508690
0.00500727
0.00512266
0.00520015
0.00507641
0.00520706
0.00541449
0.00520945
0.00510049
0.00515008
0.00497222
0.00513220
0.00649571
0.00546598
0.00520730
0.00532675
0.00523496
0.00510645
0.00512385
0.00505567
0.00510216
0.00518727
0.00516677
0.00519776
0.00520945
0.00508380
0.00506306
0.00526309
0.00521755
0.00513816
0.00513673
0.00517511
0.00513387
0.00524831
0.00542784
0.00507259
0.00504255
0.00499916
0.00510573
0.00517678
0.00516725
0.00514793
0.00535679
0.00524306
0.00506997
0.00508928
0.00501323
0.00513983
0.00568867
0.00591445
0.00521922
0.00527716
0.00511861
0.00508094
0.00509501
0.00498748
0.00521469
0.00520921
0.00523710
0.00514698
0.00542235
0.00523782
0.00507069
0.00514412
0.00496864
0.00511527
0.00569201
0.00508261
0.00519562
0.00586176
0.00534987
0.00521803
0.00519729
0.00505733
0.00506711
0.00513935
0.00521779
0.00514579
0.00520611
0.00596166
0.00681639
0.00570941
0.00525570
0.00519943
0.00587273
0.00593185
0.00516772
0.00571513
0.00509810
0.00517559
0.00565839
0.00510645
0.00519967
0.00572276
0.00589681
0.00528121
0.00556040
0.00523782
0.00516820
0.00540757
0.00528550
0.00521517
0.00586176
0.00558639
0.00516605
0.00528836
0.00574231
0.00513673
0.00520253
0.00576925
0.00519919
0.00525761
0.00617480
0.00619054
0.00524497
0.00511169
0.00530076
0.00510335
0.00516510
0.00531459
0.00514102
0.00516725
0.00510287
0.00580001
0.00516677
0.00512481
0.00503659
0.00517106
0.00545979
0.00516844
0.00542378
0.00512266
0.00674200
0.00565815
0.00520420
0.00568438
0.00514460
0.00515509
0.00513959
0.00537324
0.00506520
0.00505853
0.00521636
0.00516033
0.00520658
0.00500894
0.00521874
0.00598192
0.00599241
0.00507331
0.00517488
0.00501657
0.00517917
0.00606632
0.00533867
0.00518298
0.00528765
0.00537658
0.00508213
0.00510621
0.00499558
0.00515461
0.00525403
0.00551295
0.00520539
0.00551438
0.00523973
0.00513387
0.00504565
0.00505900
0.00507474
0.00533438
0.00556040
0.00514197
0.00520492
0.00533199
0.00509739
0.00508714
0.00502944
0.00511122
0.00518012
0.00574756
0.00519061
0.00517178
0.00557756
0.00511265
0.00507307
0.00515127
0.00508261
0.00517702
0.00526333
0.00520635
0.00513864
0.00549173
0.00513864
0.00513697
0.00507975
0.00507402
0.00514555
0.00514793
0.00517750
0.00523829
0.00525451
0.00514078
0.00511169
0.00505614
0.00508070
0.00523806
0.00499916
0.00513649
0.00589991
0.00526285
0.00514078
0.00515270
0.00506210
0.00513959
0.00568843
0.00526261
0.00515890
0.00546455
0.00524592
0.00508976
0.00513482
0.00512648
0.00514722
0.00522280
0.00547194
0.00511622
0.00517130
0.00597715
0.00513172
0.00505304
0.00503993
0.00511026
0.00515151
0.00546217
0.00509405
0.00520968
0.00509906
