0.00256157
0.00538349
0.00504065
0.00559568
0.00520539
0.00509405
0.00510764
0.00545859
0.00532675
0.00554299
0.00509882
0.00505066
0.00496578
0.00546145
0.00502062
0.00509906
0.00496793
0.00566697
0.00545859
0.00517106
0.00496697
0.00508952
0.00497365
0.00499082
0.00496292
0.00517535
0.00500798
0.00506139
0.00496554
0.00516987
0.00569391
0.00507426
0.00514936
0.00507188
0.00496054
0.00494552
0.00550008
0.00504208
0.00512075
0.00500679
0.00525117
0.00508714
0.00542688
0.00502443
0.00544286
0.00502467
0.00502276
0.00495839
0.00545335
0.00499749
0.00549245
0.00496674
0.00562620
0.00505614
0.00527787
0.00522947
0.00506353
0.00493979
0.00553489
0.00495219
0.00508499
0.00506186
0.00523663
0.00499082
0.00568438
0.00562024
0.00551176
0.00562310
0.00550079
0.00518131
0.00514889
0.00557423
0.00512910
0.00580311
0.00507665
0.00618505
0.00543833
0.00539756
0.00501132
0.00514483
0.00559115
0.01167583
0.00512481
0.00536966
0.00505543
0.00604701
0.00507140
0.00567746
0.00518036
0.00552368
0.00503182
0.00556564
0.00497031
0.00509787
0.00523663
0.00522041
0.00496292
0.00568604
0.00612402
0.00519800
0.00517488
0.00503278
0.00509691
0.00501919
0.00507665
0.00503707
0.00555277
0.00499964
0.00564003
0.00510597
0.00571418
0.00533199
0.00508714
0.00497532
0.00501275
0.00494099
0.00506282
0.00494814
0.00507188
0.00499296
0.00558186
0.00541139
0.00524902
0.00499034
0.00511813
0.00495744
0.00509620
0.00493789
0.00508642
0.00565863
0.00510430
0.00548172
0.00521755
0.00570440
0.00506544
0.00554800
0.00506306
0.00512195
0.00505114
0.00543165
0.00501561
0.00520849
0.00500298
0.00587010
0.00519538
0.00513935
0.00561547
0.00511289
0.00533843
0.00499177
0.00502610
0.00503683
0.00497842
0.00506330
0.00528717
0.00510406
0.00521708
0.00505185
0.00507307
0.00503755
0.00518465
0.00519300
0.00523925
0.00514460
0.00548220
0.00501800
0.00568843
0.00511265
0.00537491
0.00501966
0.00512648
0.00497556
0.00497508
0.00494218
0.00508523
0.00496793
0.00527310
0.00501990
0.00591254
0.00543547
0.00561333
0.00514770
0.00509048
0.00495529
0.00497985
0.00498939
0.00503945
0.00500536
0.00501680
0.00513053
0.00519204
0.00509310
0.00506496
0.00530195
0.00504518
0.00497913
0.00499964
0.00502133
0.00508618
0.00542712
0.00501513
0.00553894
0.00507259
0.00561285
0.00515389
0.00512028
0.00500488
0.00500441
0.00496459
0.00507927
0.00499082
0.00507784
0.00502610
0.00563836
0.00562453
0.00512290
0.00501990
0.00505757
0.00497556
0.00501585
0.00494337
0.00508332
0.00504708
0.00509524
0.00522065
0.00518227
0.00551724
0.00533700
0.00549746
0.00503445
0.00498629
0.00496483
0.00547576
0.00504017
0.00550961
0.00499797
0.00588512
0.00510907
0.00556064
0.00498366
0.00512815
0.00507784
0.00508046
0.00505424
0.00517941
0.00506020
0.00517368
0.00501657
0.00518537
0.00563145
0.00512362
0.00522971
0.00503922
0.00500298
0.00502038
0.00502205
0.00502515
0.00500560
0.00505018
0.00514364
0.00515771
0.00537395
0.00506234
0.00544882
0.00503659
0.00502014
0.00507426
0.00547314
0.00501323
0.00549769
0.00504327
0.00571704
0.00534534
0.00511956
0.00532627
0.00510073
0.00502229
0.00521708
0.00523257
0.00531220
0.00522542
0.00519109
0.00515342
0.00520658
0.00520158
0.00530529
0.00508213
0.00503039
0.00496221
0.00495148
0.00500584
0.00505304
0.00548744
0.00500107
0.00557351
0.00508046
0.00566292
0.00513625
0.00558424
0.00497389
0.00510502
0.00496435
0.00517058
0.00496554
0.00520086
0.00499082
0.00525141
0.00553966
0.00512338
0.00503850
0.00511265
0.00504255
0.00519919
0.00530744
0.00550961
0.00552154
0.00553823
0.00639844
0.00552130
0.00516486
0.00501490
0.00511599
0.00497723
0.00500011
0.00493860
0.00504899
0.00501537
