0.00262570
0.00547624
0.00496984
0.00499868
0.00492573
0.00499868
0.00509763
0.00510788
0.00555205
0.00520968
0.00494099
0.00729585
0.00581050
0.00532842
0.00511694
0.00490975
0.00490785
0.00496650
0.00501800
0.00503588
0.00492740
0.00492454
0.00492430
0.00484776
0.00484729
0.00488067
0.00491428
0.00491023
0.00489688
0.00507379
0.00496387
0.00510430
0.00494480
0.00519824
0.00491238
0.00536823
0.00487733
0.00532174
0.00487995
0.00489712
0.00489950
0.00501537
0.00501275
0.00538015
0.00491190
0.00533843
0.00490141
0.00483274
0.00483322
0.00486708
0.00487518
0.00494504
0.00764132
0.00622749
0.00512719
0.00503016
0.00497794
0.01041484
0.00666380
0.00581717
0.00525689
0.00506282
0.00500679
0.00500298
0.00562429
0.00525904
0.00502133
0.00491738
0.00486636
0.00479603
0.00495696
0.00488901
0.00497150
0.00505233
0.00532770
0.00495982
0.00546217
0.00491858
0.00544453
0.00491500
0.00538945
0.00489283
0.00552297
0.00490999
0.00542736
0.00489521
0.00602436
0.00511122
0.00502062
0.00513744
0.00497174
0.00485682
0.00488687
0.00483084
0.00509524
0.00485086
0.00509024
0.00485253
0.00558949
0.00536942
0.00498390
0.00486088
0.00493741
0.00485134
0.00487590
0.00482249
0.00507307
0.00484538
0.00505829
0.00483155
0.00551367
0.00537872
0.00526500
0.00486612
0.00497293
0.00484586
0.00485134
0.00480127
0.00494933
0.00488234
0.00499797
0.00482965
0.00542665
0.00535893
0.00497913
0.00482869
0.00496054
0.00482583
0.00503325
0.00481296
0.00497413
0.00489664
0.00501657
0.00482321
0.00543547
0.00546551
0.00527811
0.00555396
0.00486827
0.00480366
