0.00269938
0.00502443
0.00571847
0.00564337
0.00499654
0.00554681
0.00510573
0.00496936
0.00496125
0.00498867
0.00501323
0.00488091
0.00482702
0.00501060
0.00496340
0.00492144
0.00489998
0.00487208
0.00483632
0.00478387
0.00477982
0.00482178
0.00483298
0.00483394
0.00482941
0.00489068
0.00495052
0.00519776
0.00487518
0.00484300
0.00485349
0.00478125
0.00476813
0.00483227
0.00483131
0.00483561
0.00483036
0.00496030
0.00492001
0.00532985
0.00487494
0.00518632
0.00762367
0.00632429
0.00528789
0.00503755
0.00484180
0.00484419
0.00494814
0.00490975
0.00495768
0.00498152
0.00484991
0.00760889
0.00578666
0.00536823
0.00505996
0.00720406
0.00571799
0.00542188
0.00524449
0.00497127
0.00480008
0.00489140
0.00475669
0.00479126
0.00474095
0.00493407
0.00485826
0.00494051
0.00478554
0.00536132
0.00524640
0.00530648
0.00478005
0.00489354
0.00476074
0.00477314
0.00474358
0.00492668
0.00474691
0.00495863
0.00476646
0.00559998
0.00523901
0.00491905
0.00479436
0.00486207
0.00477147
0.00482798
0.00474191
0.00516462
0.00476813
0.00484633
0.00475693
0.00589299
0.00488019
0.00509334
0.00506496
0.00488257
0.00477648
0.00480556
0.00474715
0.00508499
0.00476289
0.00491643
0.00478768
0.00536728
0.00483513
0.00504827
0.00479245
0.00496888
0.00477552
0.00481272
0.00474763
0.00524592
0.00476599
0.00510979
0.00475383
0.00539279
