0.00671148
0.00588989
0.00526428
0.00577688
0.00508618
0.00511241
0.00518370
0.00527000
0.00513315
0.00599670
0.00539279
0.00512218
0.00501704
0.00484014
0.00502658
0.00536299
0.00492740
0.00510287
0.00530648
0.00497174
0.00498843
0.00491405
0.00486875
0.00539517
0.00487614
0.00494123
0.00540996
0.00500059
0.00504994
0.00577784
0.00500917
0.00502944
0.00491762
0.00491929
0.00504565
0.00508428
0.00499201
0.00576186
0.00501943
0.00496054
0.00566530
0.00547218
0.00503182
0.00571156
0.00518227
0.00501966
0.00593305
0.00489759
0.00505900
0.00551176
0.00486064
0.00503278
0.00552058
0.00496531
0.00514150
0.00536275
0.00502563
0.00499272
0.00501680
0.00494480
0.00505257
0.00516295
0.00501609
0.00599957
0.00571513
0.00503039
0.00514030
0.00579524
0.00618005
0.00614166
0.00507712
0.00507498
0.00498247
0.00504613
0.00504422
0.00499392
0.00518203
0.00500154
0.00496936
0.00516224
0.00488710
0.00499082
0.00563431
0.00496125
0.00499535
0.00490999
0.00486588
0.00494003
0.00496387
0.00497150
0.00568104
0.00564957
0.00496507
0.00526285
0.00501633
0.00487900
0.00546885
0.00494552
0.00498295
0.00542188
0.00501299
0.00500417
0.00492287
0.00497437
0.00505161
0.00494242
0.00499010
0.00500011
0.00491786
0.00509453
0.00552320
0.00491595
0.00504470
0.00490928
0.00485063
0.00500441
0.00488305
0.00487828
0.00539660
0.00547290
0.00495124
0.00505805
0.00487328
0.00492287
0.00504422
0.00483799
0.00503445
0.00594330
0.00567889
0.00507045
0.00515795
0.00501585
0.00499606
0.00547528
0.00486398
0.00493240
0.00539613
0.00500846
0.00500631
0.00493169
0.00494266
0.00495648
0.00489473
0.00493073
0.00541520
0.00488925
0.00501490
0.00585294
0.00498486
0.00494981
0.00497293
0.00484419
0.00494432
0.00490117
0.00491214
0.00539780
0.00537300
0.00505543
0.00500011
0.00483322
0.00501680
0.00554705
0.00498247
0.00507760
0.00553656
0.00550938
0.00520301
0.00573301
0.00496936
0.00503802
0.00499821
0.00500607
0.00511146
0.00510001
0.00504565
0.00521660
0.00530052
0.00505018
0.00501895
0.00554729
0.00505900
0.00536156
0.00498509
0.00516701
0.00564432
0.00512743
0.00495577
0.00489187
0.00480723
0.00497055
0.00487161
0.00483251
0.00550103
0.00557017
0.00511360
0.00497341
0.00484705
0.00484204
0.00534725
0.00490260
0.00489163
0.00535131
0.00497770
0.00503874
0.00489616
0.00488901
0.00481510
0.00475359
0.00491691
0.00544810
0.00481534
0.00501370
0.00630355
0.00485516
0.00492835
0.00498676
0.00480127
0.00498867
0.00486469
0.00483751
0.00543618
0.00543618
0.00488734
0.00501132
0.00484657
0.00485826
0.00525999
0.00488424
0.00490856
0.00505280
0.00508952
0.00493526
0.00508022
0.00488544
0.00506210
0.00508928
0.00516224
0.00493646
0.00496078
0.00493693
0.00516343
0.00486755
0.00490212
0.00489902
0.00478315
0.00494623
0.00895071
0.00652122
0.00593901
0.00548077
0.00505567
0.00483418
0.00495362
0.00504208
0.00494409
0.00509572
0.00550604
0.00495863
0.00500107
0.00496936
0.00487328
0.00555444
0.00487304
0.00497079
0.00505090
0.00534940
0.00501275
0.00532103
0.00496888
0.00493979
0.00491309
0.00492907
0.00497651
0.00517464
0.00513101
0.00519586
0.00505185
0.00499988
0.00494552
0.00485897
0.00498724
0.00499082
0.00492978
0.00511265
0.00510550
0.00498700
0.00502610
0.00492525
0.00489902
0.00554729
0.00490952
0.00506449
0.00562406
0.00572205
0.00497389
0.00503945
0.00488091
0.00490737
0.00544143
0.00489998
0.00496316
0.00504327
0.00499201
0.00505924
0.00530744
0.00495291
0.00497079
0.00485992
0.00496817
0.00497341
0.00493836
0.00546694
0.00509071
0.00505590
0.00500083
0.00485229
0.00489521
0.00532103
0.00488091
0.00495219
0.00497508
0.00497580
0.00507760
0.00501037
0.00490808
0.00489593
0.00484133
0.00506186
0.00544238
0.00493693
0.00524688
0.00547862
0.00499654
0.00500035
0.00487208
0.00483322
0.00501347
0.00485730
0.00498629
0.00571656
0.00536537
0.00508094
0.00549674
0.00489163
0.00485182
0.00487947
0.00489378
