0.00262380
0.00558043
0.00592208
0.00522995
0.00523472
0.00518107
0.00520158
0.00508308
0.00511742
0.00518870
0.00503516
0.00507951
0.00499511
0.00520372
0.00546718
0.00517201
0.00523615
0.00505805
0.00497031
0.00497818
0.00493574
0.00567126
0.00497818
0.00593305
0.00528693
0.00596690
0.00548196
0.00519919
0.00500131
0.00510168
0.00500679
0.00552297
0.00498390
0.00515318
0.00501728
0.00577927
0.00510192
0.00579524
0.00547576
0.00531101
0.00542116
0.00541210
0.00498343
0.00516534
0.00496554
0.00564337
0.00515199
0.00534153
0.00548983
0.00560236
0.00542712
0.00519013
0.00498629
0.00526357
0.00507927
0.00511408
0.00493097
0.00580096
0.00514245
0.00530219
0.00510859
0.00556993
0.00558996
0.00530553
0.00590301
0.00533271
0.00576448
0.00532317
0.00554609
0.00528884
0.00524712
0.00503683
0.00533199
0.00527382
0.00521612
0.00514221
0.00505066
0.00506735
0.00503206
0.00500345
0.00504518
0.00509715
0.00507188
0.00507402
0.00535655
0.00512958
0.00564361
0.00515318
0.00505114
0.00512910
0.00499105
0.00514126
0.00507474
0.00514388
0.00498295
0.00508976
0.00503540
0.00547838
0.00578451
0.00546432
0.00513983
0.00511837
0.00505757
0.00508690
0.00504565
0.00511146
0.00499415
0.00509000
0.00498724
0.00520635
0.00547481
0.00519729
0.00555182
0.00513172
0.00513268
0.00506616
0.00497627
0.00514412
0.00499010
0.00519061
0.00500059
0.00570560
0.00553513
0.00518370
0.00526834
0.00512099
0.00501728
0.00504827
0.00500703
0.00513887
0.00500512
0.00518107
0.00535178
0.00574279
0.00516891
0.00528646
0.00510049
0.00510645
0.00502896
0.00504303
0.00498676
0.00552058
0.00501752
0.00552511
0.00502110
0.00624657
0.00523877
0.00550508
0.00502086
0.00526524
0.00505447
0.00502753
0.00500226
0.00552607
0.00504804
0.00554180
0.00505233
0.00592184
0.00508118
0.00597453
0.00507116
0.00519276
0.00506949
0.00505352
0.00500941
0.00552750
0.00504351
0.00551414
0.00504065
0.00617385
0.00517225
0.00523663
0.00505304
0.00519490
0.00502515
0.00506449
0.00501513
0.00553441
0.00503397
0.00555158
0.00504899
0.00582147
0.00507426
0.00587916
0.00505996
0.00517488
0.00504160
0.00504899
0.00500369
0.00552964
0.00502753
0.00555897
0.00505280
0.00588083
0.00876641
0.00624228
0.00610495
0.00534153
0.00508213
0.00501108
0.00516486
0.00504041
0.00550032
0.00521660
0.00601649
0.00508428
0.00594187
0.00511861
0.00526309
0.00501370
0.00506520
0.00501013
0.00520420
0.00505400
0.00554061
0.00505328
0.00598264
0.00514054
0.00577235
0.00513601
0.00519872
0.00505257
0.00506210
0.00499272
0.00552011
