0.00693536
0.00623560
0.00521731
0.00511622
0.00553298
0.00512838
0.00506115
0.00503373
0.00558686
0.00507188
0.00552559
0.00504708
0.00604534
0.00516295
0.00539422
0.00504112
0.00521350
0.00501370
0.00504565
0.00500298
0.00512242
0.00501633
0.00514793
0.00502181
0.00556064
0.00538969
0.00542760
0.00501156
0.00515223
0.00500393
0.00502300
0.00499201
0.00512075
0.00500607
0.00521588
0.00512815
0.00574708
0.00555444
0.00516176
0.00619793
0.00521636
0.00519061
0.00504351
0.00514936
0.00508881
0.00517893
0.00508285
0.00557923
0.00521874
0.00581360
0.00510430
0.00514746
0.00510001
0.00504112
0.00504875
0.00513124
0.00506401
0.00512171
0.00511193
0.00522423
0.00524330
0.00544286
0.00538635
0.00549889
0.00506878
0.00503516
0.00514460
0.00554013
0.00507617
0.00555515
0.00503612
0.00575495
0.00519753
0.00533199
0.00502133
0.00516653
0.00502706
0.00504303
0.00499773
0.00512171
0.00502253
0.00514793
0.00501418
0.00564599
0.00507951
0.00532627
0.00503278
0.00522113
0.00501633
0.00504112
0.00499487
0.00516653
0.00502157
0.00521159
0.00503111
0.00529552
0.00547528
0.00515485
0.00511813
0.00510478
0.00502372
0.00511122
0.00510025
0.00516510
0.00509882
0.00511241
0.00542974
0.00517917
0.00575638
0.00522280
0.00517845
0.00507045
0.00504827
0.00506973
0.00506258
0.00506258
0.00505185
0.00506711
0.00521231
0.00522614
0.00543809
0.00559616
0.00550580
0.00504994
0.00501490
0.00509334
0.00552607
0.00505948
0.00562596
0.00504327
0.00582790
0.00516081
0.00559521
0.00499010
0.00557566
0.00501394
0.00533485
0.00496745
0.00513101
0.00504112
0.00521374
0.00510669
0.00528336
0.00543642
0.00515985
0.00499082
0.00512052
0.00499701
0.00501680
0.00498819
