0.00554299
0.00559592
0.00598001
0.00515413
0.00493026
0.00479960
0.00492120
0.00477433
0.00482225
0.00494242
0.00534892
0.00481224
0.00525618
0.00487280
0.00763631
0.00552487
0.00509143
0.00481653
0.00490928
0.00500250
0.00520992
0.00506186
0.00507736
0.00503087
0.00518489
0.00503731
0.00575757
0.00515008
0.00543261
0.00511885
0.00528502
0.00516391
0.00519156
0.00513458
0.00575256
0.00519538
0.00505877
0.00485563
0.00578117
0.00516367
0.00492263
0.00476575
0.00549173
0.00481582
0.00524235
0.00479007
0.00541997
0.00499654
0.00791454
0.00619173
0.00551081
0.00542355
0.00499725
0.00512505
0.00486302
0.00487733
0.00489259
0.00486207
0.00486875
0.00493264
0.00489187
0.00475574
0.00536084
0.00567245
0.00506806
0.00564671
0.00526619
0.00504732
0.00501490
0.00497103
0.00530124
0.00492001
0.00593638
0.00597763
0.00565839
0.00541592
0.00487399
0.00494742
0.00494266
0.00481129
0.00480461
0.00486970
0.00494504
0.00490475
0.00490427
0.00478077
0.00542617
0.00482774
0.00498772
0.00483680
0.00493813
0.00478768
0.00483871
0.00478578
0.00525808
0.00481677
0.00525928
0.00479627
0.00534821
0.00486469
0.00520873
0.00487971
0.00528646
0.00483775
0.00478745
0.00476933
0.00483513
0.00483203
0.00485158
0.00483251
0.00485849
0.00491977
0.00524831
0.00488687
0.00477695
0.00486588
0.00476885
0.00482273
0.00475407
0.00521851
0.00479364
0.00524020
0.00482106
0.00530696
0.00485945
0.00516772
0.00486016
0.00486255
0.00485301
0.00482345
0.00481582
0.00486565
0.00486684
0.00473189
0.00485945
0.00474763
0.00535822
0.00478625
0.00512362
0.00486469
0.00492644
0.00476336
0.00481510
0.00476003
0.00532103
0.00481057
0.00525045
0.00480151
0.00535011
0.00486493
0.00520945
0.00483990
0.00529766
0.00481701
0.00478196
0.00477004
0.00483704
0.00479412
0.00480509
0.00495338
0.00473332
0.00495863
0.00509739
0.00489235
0.00501609
0.00487351
0.00474787
0.00475502
0.00477052
0.00521588
0.00477958
0.00520301
0.00478768
0.00534773
0.00485516
0.00515795
0.00510287
0.00485110
0.00482130
0.00471616
0.00474072
0.00470495
0.00489664
0.00471210
0.00492907
0.00472784
0.00540757
0.00490260
0.00518966
0.00486565
0.00554872
0.00478244
0.00497341
0.00498676
0.00536442
0.00481606
0.00525928
0.00484562
0.00542140
0.00485063
0.00522351
0.00484729
0.00541615
0.00481629
0.00476813
0.00478506
0.00481105
0.00480747
0.00481200
0.00480556
0.00486517
0.00494075
0.00526643
0.00490952
0.00507903
0.00488162
0.00478792
0.00480628
0.00476289
0.00512457
0.00478911
0.00528765
0.00478625
0.00554419
0.00483179
0.00544786
0.00508928
0.00535059
0.00488997
0.00487018
0.00477910
0.00529575
0.00488186
0.00530457
0.00483465
0.00543118
0.00486946
0.00520992
0.00514221
0.00486183
0.00490236
0.00478816
0.00480890
0.00483608
0.00499940
0.00481391
0.00486231
0.00477123
0.00501370
0.00480342
0.00521159
0.00478578
0.00488758
0.00477886
0.00482631
0.00475550
0.00525045
0.00479293
0.00524211
0.00479722
0.00549269
0.00486827
0.00518703
0.00483251
0.00517893
0.00482798
0.00478029
0.00479150
0.00476718
0.00484633
0.00474858
0.00492787
0.00480390
0.00541258
0.00485635
0.00493240
0.00481319
0.00497580
0.00485945
0.00485420
0.00480199
0.00531888
0.00492597
0.00526190
0.00486636
0.00538421
0.00492072
0.00521398
0.00516653
0.00538111
0.00488901
0.00527287
0.00511718
0.00488329
0.00492239
0.00485539
0.00490856
0.00499201
0.00496912
0.00544834
0.00524211
0.00489879
0.00491929
0.00479555
0.00483203
0.00477767
0.00491548
0.00481343
0.00491571
0.00481534
0.00556946
0.00485682
0.00549936
0.00483656
0.00542331
0.00493979
0.00497580
0.00492311
0.00545216
0.00488257
0.00532842
0.00487566
0.00540614
0.00489664
0.00520468
0.00490689
0.00533509
0.00484753
0.00484562
0.00481796
0.00485015
0.00485301
0.00486588
0.00486255
0.00501180
0.00493717
0.00546408
0.00487018
0.00490856
0.00504637
0.00498152
0.00503612
0.00493383
0.00503969
0.00494242
0.00497246
0.00505090
0.00546122
0.00491428
0.00521040
0.00486922
0.00497603
0.00487733
0.00486302
0.00483894
0.00533390
0.00495362
0.00527644
0.00481272
0.00537848
0.00489426
0.00517607
0.00486374
0.00486970
0.00484276
0.00475383
0.00476170
0.00475287
0.00485063
0.00473547
0.00492740
0.00474310
0.00553536
0.00531650
0.00493193
0.00476527
0.00491667
0.00478530
0.00478745
0.00475550
0.00532484
0.00480199
0.00526738
0.00481963
0.00535798
0.00484848
0.00520015
0.00486875
0.00544596
0.00483584
0.00478673
0.00486112
0.00486398
0.00482488
0.00513339
0.00485969
0.00520015
0.00491667
0.00532985
0.00486970
0.00518036
0.00488019
0.00480771
0.00481367
0.00475502
0.00488830
0.00476909
0.00529408
0.00479412
0.00564957
0.00482988
0.00547123
0.00482845
0.00530529
0.00481486
0.00478077
0.00479412
0.00547576
0.00772023
0.00552583
0.00480652
0.00498366
0.00514221
0.00489593
0.00478363
0.00489974
0.00476909
0.00478482
0.00476027
0.00523114
0.00480914
0.00524044
0.00480127
0.00540447
0.00485754
0.00527430
0.00486755
0.00526905
0.00483298
0.00477529
0.00483656
0.00553536
0.00501752
0.00501657
0.00502658
0.00505924
0.00515246
0.00543547
0.00493956
0.00520325
0.00484276
0.00477028
0.00764418
0.00631022
0.00537968
0.00506997
0.00482059
0.00536871
0.00481224
0.00554919
0.00516844
0.00496912
0.00477958
0.00489497
0.00484896
0.00528264
0.00486708
0.00523376
0.00482178
0.00535822
0.00489068
0.00523925
0.00519657
0.00528812
0.00487185
0.00482464
0.00481749
0.00485730
0.00486231
0.00487137
0.00487089
0.00507498
0.00498867
0.00537181
0.00501299
0.00483489
0.00493956
0.00479555
0.00481033
0.00480318
0.00539470
0.00479102
0.00527620
0.00475717
0.00562119
0.00481439
0.00560164
0.00478363
0.00544405
0.00482655
0.00479650
0.00475287
0.00566530
0.00500274
0.00558376
0.00499034
0.00563765
0.00502419
0.00586963
0.00485587
0.00548100
0.00479364
0.00531316
0.00481510
0.00544119
0.00498843
0.00547433
0.00482440
0.00516534
0.00518394
0.00542903
0.00820947
0.00629091
0.00545526
0.00511456
0.00491190
0.00494456
0.00542641
0.00518465
0.00503492
0.00495195
0.00533867
0.00519705
0.00525498
0.00491858
0.00479937
0.00508356
