0.00696135
0.00542355
0.00552106
0.00670958
0.00628400
0.00546932
0.00546646
0.00567245
0.00524712
0.00550771
0.00588083
0.00535345
0.00546265
0.00531387
0.00517678
0.00538373
0.00527477
0.00514555
0.00529504
0.00557303
0.00512934
0.00524068
0.00501966
0.00501084
0.00526905
0.00505543
0.00505328
0.00568724
0.00564027
0.00513768
0.00522399
0.00503397
0.00506377
0.00514245
0.00553298
0.00506902
0.00531363
0.00577688
0.00506949
0.00517368
0.00502706
0.00506854
0.00514674
0.00508142
0.00506282
0.00532365
0.00560403
0.00513291
0.00520945
0.00502586
0.00501180
0.00518632
0.00518227
0.00501633
0.00533915
0.00562024
0.00534821
0.00512624
0.00501227
0.00501823
0.00512266
0.00512385
0.00504208
0.00525784
0.00540066
0.00504661
0.00521588
0.00494576
0.00499868
0.00514555
0.00516200
0.00508308
0.00593400
0.00571489
0.00498772
0.00514030
0.00499082
0.00496030
0.00509024
0.00504899
0.00507212
0.00580716
0.00578666
0.00500655
0.00508785
0.00499272
0.00495744
0.00524139
0.00498152
0.00502682
0.00561285
0.00561118
0.00498986
0.00511527
0.00493956
0.00495243
0.00554562
0.00491643
0.00508881
0.00564075
0.00564241
0.00511360
0.00513625
0.00503993
0.00500870
0.00568724
0.00499749
0.00507641
0.00577974
0.00559783
0.00505495
0.00527191
0.00499487
0.00496340
0.00518250
0.00504684
0.00503254
0.00571346
0.00565624
0.00504160
0.00521326
0.00497031
0.00495625
0.00512600
0.00504255
0.00501919
0.00560808
0.00575161
0.00500774
0.00516868
0.00499153
0.00497007
0.00510931
0.00504804
0.00507832
0.00569677
0.00554800
0.00504518
0.00513005
0.00502896
0.00497985
0.00512028
0.00506520
0.00508165
0.00574160
0.00510335
0.00533533
0.00505948
0.00490999
0.00485349
0.00503349
0.00489116
0.00499201
0.00572634
0.00567460
0.00504899
0.00515246
0.00499630
0.00496292
0.00515223
0.00520015
0.00514865
0.00582671
0.00569725
0.00515747
0.00526571
0.00508094
0.00511169
0.00514960
0.00499058
0.00499272
0.00574398
0.00587559
0.00502801
0.00511050
0.00498891
0.00510931
0.00524497
0.00510740
0.00511956
0.00675797
0.00579906
0.00520563
0.00512624
0.00678873
0.00572062
0.00572228
0.00607681
0.00584722
0.00524259
0.00522447
0.00510836
0.00531936
0.00526881
0.00561476
0.00532794
0.00539231
0.00609612
0.00528216
0.00517440
0.00516582
0.00518918
0.00519490
0.00532579
0.00539708
0.00523472
0.00535679
0.00563169
0.00532055
0.00528264
0.00537181
0.00529838
0.00543046
0.00544143
0.00541258
0.00548863
0.00612879
0.00559187
0.00542045
0.00592589
0.00528431
0.00549221
0.00575995
0.00572205
0.00580645
0.00550604
0.00536060
0.00533485
0.00541782
0.00535274
0.00547838
0.00558925
0.00587416
0.00552869
0.00551391
0.00531936
0.00530696
0.00545192
0.00532675
0.00532794
0.00566411
0.00567722
0.00547218
0.00550246
0.00537348
0.00542545
0.00556874
0.00629306
0.00617576
0.00544786
0.00542903
0.00594091
