0.00254488
0.00543070
0.00540137
0.00509238
0.00524688
0.00513101
0.00535131
0.00499392
0.00523376
0.00495195
0.00545096
0.00500011
0.00510240
0.00505447
0.00553489
0.00503325
0.00557876
0.00506186
0.00522733
0.00502443
0.00496483
0.00495172
0.00551033
0.00494266
0.00504518
0.00493550
0.00563097
0.00511885
0.00516033
0.00502014
0.00522447
0.00581384
0.00552034
0.00551605
0.00553036
0.00549150
0.00540042
0.00570822
0.00502181
0.00581765
0.00498319
0.00512481
0.00494862
0.00493765
0.00493145
0.00508189
0.00493169
0.00501585
0.00492334
0.00567460
0.00499892
0.00510073
0.00493670
0.00506330
0.00494099
0.00498152
0.00493240
0.00504160
0.00492597
0.00510001
0.00505495
0.00562406
0.00566173
0.00516939
0.00519180
0.00513625
0.00516820
0.00527000
0.00526261
0.00503492
0.00501728
0.00502157
0.00509381
0.00522280
0.00511718
0.00504899
0.00530338
0.00505972
0.00560045
0.00518942
0.00577378
0.00525928
0.00551701
0.00495720
0.00568032
0.00505900
0.00510216
0.00494409
0.00508261
0.00495195
0.00549626
0.00498509
0.00508475
0.00501370
0.00527167
0.00500774
0.00584579
0.00576448
0.00515914
0.00552940
0.00507927
0.00506115
0.00508809
0.00507832
0.00504184
0.00542188
0.00516582
0.00512481
0.00508547
0.00538707
0.00501895
0.00555682
0.00506353
0.00547981
0.00494933
0.00572467
0.00499320
0.00516653
0.00494003
0.00573587
0.00498056
0.00509429
0.00538993
0.00504303
0.00516748
0.00506783
0.00489306
0.00508213
0.00525188
0.00547051
0.00489545
0.00507784
0.00602317
0.00507927
0.00546288
0.00509977
0.00504184
0.00499964
0.00500607
0.00530601
0.00540590
0.00488496
0.00539994
0.00495529
0.00586295
0.00492620
0.00512433
0.00478959
0.00482869
0.00475979
0.00526738
0.00477672
0.00490451
0.00477743
0.00565338
0.00768042
0.00572562
0.00572109
0.00496387
0.00479031
0.00474787
0.00489688
0.00475430
0.00527811
0.00479555
0.00570726
0.00492239
0.00497460
0.00477695
0.00487995
0.00481081
0.00478506
0.00474572
0.00564265
0.00482273
0.00485349
0.00478387
0.00542879
0.00491476
0.00513124
0.00506973
0.00488949
0.00478649
0.00489330
0.00478649
0.00497723
0.00476503
0.00486040
0.00477028
0.00539684
0.00492382
0.00504518
0.00479031
0.00488782
0.00479627
0.00478506
0.00474381
0.00526237
0.00476861
0.00497437
0.00477171
0.00540757
0.00482893
0.00571394
0.00481153
0.00518370
0.00483036
0.00485897
0.00480056
0.00492001
0.00480151
0.00489569
0.00481272
0.00538683
0.00488329
0.00506091
0.00479698
0.00491381
0.00479674
0.00480986
0.00477672
0.00536370
0.00475478
0.00488830
0.00478816
0.00545573
0.00489950
0.00509381
0.00485563
0.00490713
0.00477791
0.00482297
0.00472474
0.00524282
0.00475430
0.00503087
0.00480032
0.00547433
0.00485563
0.00532603
0.00482893
0.00492382
0.00481462
0.00482249
0.00477767
0.00532889
0.00479770
0.00489259
0.00479794
0.00543165
0.00487447
0.00508451
0.00490332
0.00496006
0.00479245
0.00479364
0.00478196
0.00533581
0.00479674
0.00486207
0.00474858
0.00556540
0.00494480
0.00530243
0.00488162
0.00503421
0.00490594
0.00491261
0.00488138
0.00498486
0.00528955
0.00502181
0.00477839
0.00538301
0.00531173
0.00497961
0.00485182
0.00484300
0.00482106
0.00497556
0.00491738
0.00504947
0.00497532
0.00503278
0.00494432
0.00494623
0.00543857
0.00494289
0.00492263
0.00486684
0.00475097
0.00475073
0.00476766
0.00483346
0.00483465
0.00486279
0.00507498
0.00495315
0.00569797
0.00528026
0.00505614
0.00496197
0.00549698
0.00502157
0.00495744
0.00493217
0.00531101
0.00488114
0.00549006
0.00487924
0.00580621
0.00498581
0.00543833
0.00486040
0.00490904
0.00480628
0.00510526
0.00476718
0.00512958
0.00477076
0.00554323
0.00500274
0.00507402
0.00481057
0.00486279
0.00477314
0.00481081
0.00473881
0.00498390
0.00475359
0.00495791
0.00475001
0.00546551
0.00491524
0.00494099
0.00505280
0.00488782
0.00479317
0.00483203
0.00475454
0.00527692
0.00478220
0.00486565
0.00476289
0.00541520
0.00482202
0.00566316
0.00480294
0.00492644
0.00477576
0.00481510
0.00473976
0.00530648
0.00475740
0.00483346
0.00474167
0.00538659
0.00481033
0.00536513
0.00476885
0.00498796
0.00476956
0.00476646
0.00471950
0.00524044
0.00477719
0.00544167
0.00477433
0.00575328
0.00488091
0.00522542
0.00478554
0.00488520
0.00475550
0.00476718
0.00475478
0.00486493
0.00474238
0.00482297
0.00473738
0.00542092
0.00481009
0.00562811
0.00479650
0.00487351
0.00477314
0.00478053
0.00472760
0.00529027
0.00475073
0.00483370
0.00473332
0.00530481
0.00480723
0.00539994
0.00484538
0.00488400
0.00474906
0.00486493
0.00483060
0.00505209
0.00503826
0.00496936
0.00483155
0.00549984
0.00483799
0.00491977
0.00479126
0.00486422
0.00477195
0.00481176
0.00477695
0.00487971
0.00475025
0.00485301
0.00478268
0.00565791
0.00494432
0.00489521
0.00475788
0.00488710
0.00472140
0.00477529
0.00471258
0.00536728
0.00474834
0.00491452
0.00477505
0.00557923
0.00487804
0.00496578
0.00480151
0.00488400
0.00477886
0.00475550
0.00471926
0.00530577
0.00477123
0.00499797
0.00473380
0.00557351
0.00489163
0.00504971
0.00484562
0.00522089
0.00476646
0.00484324
0.00473833
0.00530052
0.00476193
0.00497389
0.00475407
0.00572634
0.00487328
0.00542140
0.00480843
0.00494909
0.00478172
0.00491452
0.00475121
0.00492239
0.00477552
0.00567365
0.00480318
0.00563836
0.00539398
0.00492406
0.00511193
0.00490308
0.00477171
0.00482440
