0.00677085
0.00585055
0.00569296
0.00558591
0.00555491
0.00612020
0.00586438
0.00599360
0.00533128
0.00526690
0.00532103
0.00565600
0.00557089
0.00557160
0.00615716
0.00608969
0.00548577
0.00560737
0.00546479
0.00546670
0.00560069
0.00530791
0.00529003
0.00607991
0.00541401
0.00555348
0.00591111
0.00545979
0.00542521
0.00599837
0.00546670
0.00554752
0.00683737
0.00624299
0.00544214
0.00564861
0.00608706
0.00526738
0.00569081
0.00600767
0.00531077
0.00607920
0.00621986
0.00553441
0.00548649
0.00555563
0.00537300
0.00550532
0.00550342
0.00527596
0.00597692
0.00587988
0.00524020
0.00528193
0.00516725
0.00514531
0.00556421
0.00547314
0.00526690
0.00645232
0.00600839
0.00542736
0.00556874
0.00551796
0.00536609
0.00624633
0.00564790
0.00545359
0.00599337
0.00584435
0.00529718
