0.00281143
0.00517535
0.00551939
0.00511789
0.00588560
0.00499892
0.00565910
0.00559020
0.00535107
0.00532579
0.00504375
0.00498128
0.00498390
0.00501275
0.00506020
0.00546908
0.00501561
0.00586271
0.00531149
0.00512934
0.00513721
0.00522232
0.00512075
0.00510836
0.00517774
0.00514722
0.00553203
0.00506186
0.00586820
0.00512242
0.00522208
0.00502539
0.00513339
0.00507855
0.00527978
0.00509024
0.00540709
0.00508571
0.00518084
0.00562501
0.00510859
0.00566101
0.00510669
0.00540090
0.00501895
0.00508571
0.00555539
0.00513196
0.00521040
0.00507617
0.00573921
0.00516582
0.00582242
0.00514722
0.00517583
0.00503206
0.00506496
0.00503230
0.00518370
0.00507259
0.00511980
0.00514460
0.00514102
0.00552917
0.00511098
0.00555563
0.00520968
0.00505877
0.00503922
0.00513291
0.00501776
0.00518513
0.00528002
0.00515175
0.00580788
0.00543308
0.00551581
0.00509429
0.00511694
0.00506163
0.00553894
0.00506687
0.00514030
0.00506520
0.00537467
0.00566983
0.00523019
0.00528336
0.01014662
0.00645375
0.00585842
0.00528669
0.00508475
0.00536132
0.00513506
0.00590873
0.00505877
0.00533152
0.00501227
0.00507879
0.00497651
0.00507498
0.00503325
0.00513649
0.00528789
0.00516868
0.00557852
0.00505137
0.00559783
0.01024103
0.00700855
0.00588751
0.00585914
0.00506711
0.00562406
0.00509977
0.00510859
0.00497770
0.00508976
0.00496149
0.00503445
0.00497389
0.00502944
0.00505114
0.00501823
0.00553465
0.00508547
0.00575924
0.00498867
0.00519204
0.00496268
0.00497174
0.00494599
0.00505209
0.00533772
0.00550437
0.00515246
0.00510144
0.00568271
0.00503612
0.00559616
0.00508428
0.00496531
0.00493932
0.00511813
0.00495124
0.00504875
0.00510645
0.00515890
0.00554705
0.00506306
0.00544071
0.00503802
0.00499368
0.00495934
0.00543833
0.00506735
0.00546145
0.00499058
0.00560689
0.00507641
0.00509739
0.00501251
0.00507474
0.00498652
0.00508761
0.00501418
0.00505519
0.00505972
0.00503969
0.00561666
0.00511289
0.00571132
0.00515056
0.00534844
0.00502801
0.00499988
0.00498819
0.00511122
0.00503731
0.00539160
0.00559139
0.00518632
0.00590229
0.00508094
0.00547409
0.00506496
0.00510502
0.00505805
0.00548887
0.00501966
0.00519824
0.00501800
0.00541353
0.00524759
0.00519800
0.00498605
0.00511193
0.00511599
0.00505280
0.00495768
0.00512052
0.00520253
0.00506210
0.00528908
0.00524306
0.00552583
0.00510669
0.00545883
0.00505447
0.00506043
0.00501561
0.00556087
0.00778222
0.00597119
