0.00246048
0.00499368
0.00528145
0.00484562
0.00483322
0.00482821
0.00509286
0.00481200
0.00532436
0.00485873
0.00535059
0.00491691
0.00549889
0.00489640
0.00535226
0.00489521
0.00482559
0.00481939
0.00487018
0.00487232
0.00486469
0.00488234
0.00499749
0.00494814
0.00526381
0.00502276
0.00491238
0.00494742
0.00487614
0.00493717
0.00490880
0.00551295
0.00496602
0.00508165
0.00491619
0.00550938
0.00487018
0.00562692
0.00502682
0.00609851
0.00486684
0.00532079
0.00496387
0.00607872
0.00507188
0.00515079
0.00530100
0.00561571
0.00496316
0.00509143
0.00516343
0.00512600
0.00511074
0.00585914
0.00503492
0.00522709
0.00485015
0.00549769
0.00496626
0.00590086
0.01122880
0.01067662
0.00808334
0.00661826
0.00627303
0.00513458
0.00547361
0.00486159
0.00563455
0.00491571
0.00542498
0.00490332
0.00608373
0.00490952
0.00534368
0.00483799
0.00595832
0.00489712
0.00802350
0.00626945
0.00564837
0.00548768
0.00490546
0.00543380
0.00489831
0.00486350
0.00485134
0.00490427
0.00488782
0.00488591
0.00488853
0.00498772
0.00497746
0.00537586
0.00492382
0.00558114
0.00493979
0.00520968
0.00494099
0.00494456
0.00507379
0.00495744
0.00504947
0.00492334
0.00557709
0.00487328
0.00496340
0.00511694
0.00495744
0.00485611
0.00491619
0.00484467
0.00532579
0.00486374
0.00536060
0.00486541
0.00560689
0.00488496
0.00563717
0.00493193
0.00541663
0.00486779
0.00534201
0.00552797
0.00590825
0.00492954
0.00494576
0.00482345
0.00544763
0.00488353
0.00550914
0.00490093
0.00527596
0.00496912
0.00490785
0.00491428
0.00538397
0.00926399
0.00668073
0.00627351
0.00526905
0.00561118
0.00486207
0.00558591
0.00491667
0.00533319
0.00485182
0.00518966
0.00493836
0.00539756
0.00491476
0.00546598
0.00495529
0.00542879
0.00492620
0.00537181
0.00492048
0.00490022
0.00488997
0.00489783
0.00492358
0.00485349
0.00498462
0.00489831
0.00507641
0.00527716
0.00502062
0.00488544
0.00500178
0.00485849
0.00492096
0.00487423
0.00544477
0.00489902
0.00536442
0.00484514
0.00570488
0.00490332
0.00573659
0.00487852
0.00542784
0.00487804
0.00485873
0.00482512
0.00527954
0.00492597
0.00536060
0.00494337
0.00552368
0.00496101
0.00546312
0.00491405
0.00562477
0.00490212
0.00495410
0.00484204
0.00524449
0.00488567
0.00504589
0.00487614
0.00503683
0.00509429
0.00490665
0.00494838
0.00519729
0.00489998
0.00483871
0.00486159
0.00487781
0.00493979
0.00482559
0.00500417
0.00484705
0.00561309
0.00497866
0.00549459
0.00520658
0.00520945
0.00501299
0.00501800
0.00494981
0.00535822
0.00790143
0.00615907
0.00580978
0.00528288
0.00564623
0.00505686
0.00536919
0.00494170
0.00490737
0.00490332
0.00508142
0.00495291
0.00499153
0.00494885
0.00518465
0.00502706
0.00546002
0.00498581
0.00507855
0.00496912
0.00546575
0.00493598
0.00486994
0.00502849
0.00487399
0.00496316
0.00486970
0.00559831
0.00499535
0.00522375
0.00484228
0.00506425
0.00485945
0.00493336
0.00483871
0.00534296
0.00488138
0.00529146
0.00489020
0.00544262
0.00491309
0.00546861
0.00491405
0.00529814
0.00489879
0.00486994
0.00486994
0.00503397
0.00505090
0.00507188
0.00492406
0.00513387
0.00499272
0.00552201
0.00503016
0.00499272
0.00499654
0.00489998
0.00492215
0.00494909
0.00497842
0.00495338
0.00505519
0.00496221
0.00570536
0.00492430
0.00524998
0.00485706
0.00497913
0.00485945
0.00538254
0.00486064
0.00543785
0.00486755
0.00530744
0.00486350
0.00545001
0.00491428
0.00565052
0.00487256
0.00554037
0.00490642
0.00490570
0.00486541
0.00536108
0.00500345
0.00534201
0.00495362
0.00551534
0.00493336
0.00529861
0.00491023
0.00537395
0.00491858
0.00485182
0.00487280
0.00488925
0.00488520
0.00490665
0.00492167
0.00515199
0.00501943
0.00538015
0.00493550
0.00489855
0.00492859
0.00485539
0.00487685
0.00485182
0.00492549
0.00483465
0.00492620
0.00484562
0.00552440
0.00493336
0.00545764
0.00491953
0.00537205
0.00485539
0.00488853
0.00489402
0.00552392
0.00797200
0.00567722
0.00517511
0.00497699
0.00547051
0.00495434
0.00488615
0.00492883
0.00481606
0.00486326
0.00482440
0.00493789
0.00482249
0.00493646
0.00484037
0.00572658
0.00488567
0.00548029
0.00487423
0.00562477
0.00488496
0.00488162
0.00483823
0.00531101
0.00489283
0.00539136
0.00489020
0.00539422
0.00493383
0.00827718
0.00619507
0.00549436
0.00508738
0.00488687
0.00497437
0.00490618
0.00485110
0.00500154
0.00495267
0.00523281
0.00494885
0.00518942
0.00533938
0.00516391
0.00505972
0.00510836
0.00496507
0.00545502
0.00517154
0.00499010
0.00487685
0.00567698
0.00502348
0.00559282
0.00504875
0.00514197
0.00497174
0.00498247
0.00497246
0.00540280
0.00493526
0.00539708
0.00490856
0.00568318
0.00493622
0.00567555
0.00496149
0.00529790
0.00489950
0.00493693
0.00489235
0.00537276
0.00495529
0.00546479
0.00501251
0.00545669
0.00497651
0.00530791
0.00496840
0.00551867
0.00495338
0.00493789
0.00489068
0.00494051
0.00493979
0.00495601
0.00494170
0.00508165
0.00502920
0.00497985
0.00497580
0.00496888
0.00497961
0.00514007
0.00493789
0.00488353
0.00506473
0.00494242
0.00509930
0.00500059
0.00581121
0.00509119
0.00519967
0.00504947
0.00518131
0.00505185
0.00487542
0.00481725
0.00521493
0.00487709
0.00531125
0.00487137
0.00594592
0.00489926
0.00608659
0.00505686
0.00555348
0.00489020
0.00558138
0.00487590
0.00556016
0.00485468
0.00596380
0.00493932
0.00572419
0.00791192
0.00495791
0.00566840
0.00511265
0.00550961
0.00510669
0.00515890
0.00516486
0.00576806
0.00511742
0.00522089
0.00519753
0.00533724
0.00497246
0.00498939
0.00500107
0.00495052
0.00490808
0.00566554
0.00500846
0.00497556
0.00496078
0.00541043
0.00507045
0.00567245
0.00501323
0.00562143
0.00506234
0.00539470
0.00512719
0.00505757
0.00497603
0.00487423
0.00508714
0.00500584
0.00512242
0.00540471
0.00515294
0.00497127
0.00497437
0.00488591
0.00491428
0.00506258
0.00500584
0.00484967
0.00498009
0.00486517
0.00536919
0.00492311
0.00554657
0.00501513
0.00527310
0.00520515
0.00517535
0.00514507
0.00523925
0.00514412
0.00542974
0.00493288
0.00557327
0.00486565
0.00543261
0.00485420
0.00548649
0.00487852
0.00490046
0.00484347
0.00542021
0.00502586
0.00571561
0.00490713
0.00557518
0.00495410
0.00553703
0.00490427
0.00538278
0.00493836
0.00533843
0.00491071
0.00523877
0.00491929
0.00561643
0.00508261
0.00553298
0.00494742
0.00529456
0.00498438
0.00538635
0.00490093
0.00486660
0.00482130
0.00488877
0.00489092
0.00490904
0.00488925
0.00515819
0.00497675
0.00543284
0.00497413
0.00491571
0.00494695
0.00484061
0.00486374
0.00486040
0.00504422
0.00488162
0.00508976
0.00489450
0.00567722
0.00494266
0.00553203
0.00490904
0.00505543
0.00492954
0.00493002
0.00489140
0.00543356
0.00496817
0.00566387
0.00496030
0.00604725
0.00494719
0.00577021
0.00492477
0.00545597
0.00491810
0.00490689
0.00487614
0.00539207
0.00964165
0.00685859
0.00599957
0.00492644
0.00574875
0.00492501
0.00500536
0.00487709
0.00494647
0.00487518
0.00540972
0.00495672
0.00545883
0.00499177
0.00547957
0.00497818
0.00529122
0.00524712
0.00539207
0.00491977
0.00489450
0.00485611
0.00490642
0.00491214
0.00491238
0.00491929
0.00503349
0.00498295
0.00495696
0.00520110
0.01031065
0.00947475
0.00666666
0.00582719
0.00529003
0.00511575
0.00553775
0.00513959
0.00551820
0.00507140
0.00506091
0.00503373
0.00498724
0.00518584
0.00483990
0.00505090
0.00491118
0.00499535
0.00491047
0.00571012
0.00495577
0.00506854
0.00500441
0.00507092
0.00489020
0.00514174
0.00506043
0.00545192
0.00488615
0.00543165
0.00506258
0.00548172
0.00494432
0.00575233
0.00530148
0.00529575
0.00511169
0.00515223
0.00507355
0.00530720
0.00509238
0.00518703
0.00496221
0.00570297
0.00496054
0.00552917
0.00493693
0.00513363
0.00493717
0.00493741
0.00489926
0.00541043
0.00505662
0.00537348
0.00500655
0.00581431
0.00501990
0.00576472
0.00499463
0.00565052
0.00494242
0.00531077
0.00494146
0.00543499
0.00501251
0.00547457
0.00494099
0.00576663
0.00502229
0.00562978
0.00496745
0.00541806
0.00493765
0.00494838
0.00517654
0.00544834
0.00505066
0.00549626
0.00493717
0.00574374
0.00500512
0.00561857
0.00507379
0.00543404
0.00492954
0.00522900
0.00491619
0.00545669
0.00494289
0.00542164
0.00494552
0.00555158
0.00501370
0.00564766
0.00504470
0.00546789
0.00495362
0.00494003
0.00491071
0.00536442
0.00515985
0.00546765
0.00501657
0.00557923
0.00500870
0.00584364
0.00499153
0.00545192
0.00496936
0.00493622
0.00492835
0.00556421
0.00500417
0.00540471
0.00497413
0.00555849
0.00503302
0.00554013
0.00504088
0.00544691
0.00498772
0.00497866
0.00494456
0.00541568
0.00500035
0.00500655
0.00502014
0.00507259
0.00508070
0.00538564
0.00503182
0.00506234
0.00503349
0.00504541
0.00497603
0.00499463
0.00502348
0.00499630
0.00499463
0.00549793
0.00507617
0.00545573
0.00505161
0.00503731
0.00505733
0.00493288
0.00498199
0.00493932
0.00515699
0.00496221
0.00507545
0.00497365
0.00554419
0.01098418
0.01104999
0.00812435
0.00636315
0.00611067
0.00524378
0.00549817
0.00500369
0.00590587
0.00502276
0.00573373
0.00500751
0.00538468
0.00506043
0.00506473
0.00497007
0.00552082
0.00504613
0.00547266
0.00497556
0.00577927
0.00501132
0.00590587
0.00499940
0.00522852
0.00497842
0.00499749
0.00503230
0.00550175
0.00509095
0.00547194
0.00497293
0.00760365
0.00506020
0.00508499
0.00496840
0.00507545
0.00495839
0.00496292
0.00492525
0.00563574
0.00495481
0.00552344
0.00496936
0.00631475
0.00501871
0.00567889
0.00522399
0.00505710
0.00497651
0.00552130
0.00532317
0.00552654
0.00497580
0.00552106
0.00498104
0.00605297
0.00500894
0.00596642
0.00525331
0.00509501
0.00498295
0.00500345
0.00494552
0.00548196
0.00504947
0.00547910
0.00502181
0.00553274
0.00507569
0.00538898
0.00502324
0.00546265
0.00502849
0.00496602
0.00495887
0.00503039
0.00503755
0.00500488
0.00501490
0.00507617
0.00509620
0.00502801
0.00506473
0.00496984
0.00500226
0.00499415
0.00505710
0.00518298
0.00513458
0.00496650
0.00518465
0.00502515
0.00567389
0.00499606
0.00508976
0.00523305
0.00502372
0.00509334
0.00534940
0.01083851
0.00980711
0.00749898
0.00802612
0.00824094
0.00738955
0.00738907
0.00744557
0.00632215
0.00566077
0.00524879
0.00502849
0.00514483
0.00513148
0.00504231
0.00541735
0.00513434
0.00511599
0.00515532
0.00505137
0.00504780
0.00504899
0.00515819
0.00509071
0.00530720
0.00527978
0.00574923
0.00512600
0.00563860
0.00518608
0.00537324
0.00521636
0.00520396
0.00514174
0.00560951
0.00522709
0.00535917
0.00527477
0.00581360
0.00524282
0.00569701
0.00523233
0.00547957
0.00520968
0.00664854
0.00507426
0.00567341
0.00504971
0.00613451
0.00511026
0.00545382
0.00521779
0.00533152
0.00510335
0.00570965
0.00846362
0.00654817
0.00701833
0.00644016
0.00668097
0.00716615
0.00658679
0.00570345
0.00525141
0.00571704
0.00512815
0.00533795
0.00510716
0.00531912
0.00513768
0.00567985
0.00519991
0.00531626
0.00509715
0.00518370
0.00511479
0.00525784
0.00513124
0.00525308
0.00509834
0.00526762
0.00507808
0.00602221
0.00524020
0.00571489
0.00521159
0.00527549
0.00521421
0.00531244
0.00526929
0.00539207
0.00512409
0.00532961
0.00519681
0.00582314
0.00530601
0.00540280
0.00515962
0.00526714
0.00520968
0.00532675
0.00521636
0.00621557
0.00523281
0.00543737
0.00545192
0.00562215
0.00566363
0.00568461
0.00558496
0.00562620
0.00613379
0.00565052
0.00592351
0.00545621
0.00560427
0.00536513
0.00618839
0.00522947
0.00562882
0.00532246
0.00541520
0.00528598
0.00551915
0.00518370
0.00540447
0.00524139
0.00531340
0.00529885
0.00620174
0.00529504
0.00547338
0.00526214
0.00522709
0.00522876
0.00543118
0.00516796
0.00550604
0.00530434
0.00538850
0.00540996
0.00609398
0.00525928
0.00535464
0.00525141
0.00519705
0.00542140
0.00545144
0.00526428
0.00537086
0.00530887
0.00523019
0.00542235
0.00544882
0.00524378
0.00534916
0.00558734
0.00522995
0.00533247
0.00539637
0.00524235
0.00539279
0.00530529
0.00522709
0.00535917
0.00543809
0.00556827
0.00539231
0.00523019
0.00516725
0.00577831
0.00540185
0.00572705
0.00547361
0.00607085
0.00519872
0.00605345
0.00541544
0.00567317
0.00540447
0.00543618
0.00517178
0.00543857
0.00524616
0.00589156
0.00526524
0.00569630
0.00526094
0.00603604
0.00546741
0.00525880
0.00527453
0.00528193
0.00521851
0.00532579
0.00522041
0.00531077
0.00521278
0.00524998
0.00540495
0.00535870
0.00520921
0.00521994
0.00542474
0.00515914
0.00515985
0.00525689
0.00516939
0.00529242
0.00525260
0.00529432
0.00549102
0.00545835
0.00535846
0.00519800
0.00568581
0.00525165
0.00539279
0.00523829
0.00529814
0.00514054
0.00530505
0.00519156
0.00537062
0.00530767
0.00534987
0.00524855
0.00530291
0.00517559
0.00531554
0.00515366
0.00527692
0.00512385
0.00586557
0.00553274
0.00544333
0.00554895
0.00616527
0.00516653
0.00550628
0.00535440
0.00563240
0.00511527
0.00562668
0.00509286
0.00516057
0.00505710
0.00583792
0.00509238
0.00589347
0.00506425
0.00507569
0.00500774
0.00558019
0.00509238
0.00554276
0.00506067
0.00560594
0.00504971
0.00580096
0.00505114
0.00579548
0.00505352
0.00505018
0.00502968
0.00512767
0.00499177
0.00559735
0.00505543
0.00554919
0.00501800
0.00565815
0.00503898
0.00574374
0.00502300
0.00507736
0.00499916
0.00556087
0.00504017
0.00554848
0.00508809
0.00594592
0.00505114
0.00629306
0.00509977
0.00561523
0.00500631
0.00500107
0.00493693
0.00553632
0.00501180
0.00547504
0.00505614
0.00555325
0.00497103
0.00586438
0.00503039
0.00564480
0.00498152
0.00500989
0.00491047
0.00543118
0.00495625
0.00540257
0.00496125
0.00562978
0.00504661
0.00557184
0.00500083
0.00537467
0.00501323
0.00497437
0.00495386
0.00543189
0.00498176
0.00506496
0.00515699
0.00508046
0.00499439
0.00520968
0.00508070
0.00538707
0.00512743
0.00511670
0.00516462
0.00519133
0.00520515
0.00519371
0.00517917
0.00517011
0.00515342
0.00583434
0.00500250
0.00569677
0.00509167
0.00567579
0.00497007
0.00502396
0.00505400
0.00500798
0.00501609
0.00501347
0.00500488
0.00523615
0.00501823
0.00498843
0.00492811
0.00502086
0.00486851
0.00497460
0.00514054
0.00504231
0.00514436
0.00502610
0.00525308
0.00514555
0.00569582
0.00526357
0.00532913
0.00520706
0.00523329
0.00519896
0.00531983
0.00505280
0.00512767
0.00493360
0.00500989
0.00488830
0.00549173
0.00491524
0.00551319
0.00493193
0.00509143
0.00506306
0.00514078
0.00507593
0.00555444
0.00505829
0.00550103
0.00489402
0.00583959
0.00493407
0.00562239
0.00486922
0.00534582
0.00485969
0.00527859
0.00493193
0.00538206
0.00501490
0.00541615
0.00487447
0.00560689
0.00490451
0.00570464
0.00486612
0.00492120
0.00483108
0.00533557
0.00490856
0.00490189
0.00488091
0.00489211
0.00488496
0.00496030
0.00498462
0.00492454
0.00489736
0.00486875
0.00484371
0.00481606
0.00498366
0.00483775
0.00493741
0.00484037
0.00533772
0.00483537
0.00578928
0.00486755
0.00552940
0.00487185
0.00481176
0.00477815
0.00531197
0.00484371
0.00482464
0.00484180
0.00484681
0.00483561
0.00496674
0.00494456
0.00520849
0.00489140
0.00478864
0.00549078
0.00482631
0.00490069
0.00499773
0.00489807
0.00499439
0.00490212
0.00501370
0.00556040
0.00485730
0.00540423
0.00483227
0.00534177
0.00491500
0.00537133
0.00479746
0.00539088
0.00481677
0.00575733
0.00481629
0.00581360
0.00482059
0.00575566
0.00484419
0.00536656
0.00483060
0.00544739
0.00489330
0.00568390
0.00511742
0.00534558
0.00486064
0.00615478
0.00489974
0.00602794
