0.00377679
0.00577521
0.01046300
0.00670099
0.00546837
0.00525618
0.00489044
0.00497103
0.00489450
0.00520253
0.00494051
0.00514030
0.00501060
0.00517631
0.00523233
0.00525022
0.00525856
0.00527477
0.00535989
0.00516176
0.00560856
0.00499415
0.00559783
0.00497460
0.00515485
0.00495505
0.00492573
0.00487614
0.00509572
0.00485277
0.00501227
0.00482988
0.00550818
0.00815368
0.00623798
0.00534081
0.00491071
0.00485921
0.00483346
0.00491595
0.00481963
0.00492597
0.00487399
0.00558090
0.00551796
0.00494123
0.00502872
0.00497484
0.00481844
0.00481677
0.00494885
0.00487113
0.00497603
0.00482774
0.00582075
0.00497055
0.00558734
0.00490451
0.00542831
0.00484657
0.00482512
0.00480461
0.00532889
0.00484300
0.00533247
0.00481868
0.00551844
0.00484848
0.00534248
0.00484347
0.00492954
0.00479746
0.00483656
0.00479317
0.00492454
0.00478578
0.00488544
0.00478292
0.00529313
0.00491261
0.00502491
0.00477958
0.00492620
0.00479198
0.00478935
0.00477290
0.00489092
0.00480485
0.00490689
0.00479841
0.00544810
0.00483704
0.00498676
0.00477147
0.00490189
0.00476575
0.00478482
0.00476623
0.00487280
0.00475979
0.00488234
0.00478315
0.00596547
0.00533342
0.00493073
0.00482726
0.00485086
0.00476575
0.00479293
0.00474548
0.00488162
0.00484419
0.00485563
0.00489521
0.00491929
0.00535917
0.00487208
0.00519013
0.00489807
0.00483990
0.00483251
0.00481629
0.00479865
0.00480986
0.00480723
0.00488424
0.00487351
