0.00354362
0.00535154
0.00514507
0.00527763
0.00532198
0.00563741
0.00501966
0.00573277
0.00496078
0.00580430
0.00493956
0.00534582
0.00492978
0.00515056
0.00506973
0.00501609
0.00516701
0.00517035
0.00605822
0.00494194
0.00531268
0.00496674
0.00583744
0.00539923
0.00536513
0.00551176
0.00500226
0.00560975
0.00499368
0.00518680
0.00491071
0.00504112
0.00507903
0.00507307
0.00499463
0.00499916
0.00497532
0.00500154
0.00501347
0.00515294
0.00528169
0.00507021
0.00492406
0.00490761
0.00506139
0.00497198
0.00509691
0.00490618
0.00508976
0.00491405
0.00569201
0.00508761
0.00510812
0.00489593
0.00497794
0.00498176
0.00500369
0.00525355
0.00504780
0.00531173
0.00501823
0.00574422
0.00505090
0.00536680
0.00486588
0.00497746
0.00488830
0.00502849
0.00504541
0.00493598
0.00495124
0.00497866
0.00502396
0.00506544
0.00528312
0.00503683
0.00560212
0.00493121
0.00554848
0.00490284
0.00511241
0.00491214
0.00502801
0.00501871
0.00560331
0.00501895
0.00501943
0.00496626
0.00495744
0.00543571
0.00501323
0.00544429
0.00491714
0.00522900
0.00500965
0.00570107
0.00500655
0.00518489
0.00498867
0.00497198
0.00507474
0.00503612
0.00500226
0.00493574
0.00500250
0.00502276
0.00547695
0.00506878
0.00577998
0.00508666
0.00523329
0.00513053
0.00512004
0.00500894
0.00507116
0.00501561
0.00502110
0.00506830
0.00505662
0.00531840
0.00509310
0.00574803
0.00495887
0.00513673
0.00491714
0.00504160
0.00495982
0.00507545
0.00509477
0.00555420
0.00496483
0.00516105
0.00494051
0.00497532
0.00547528
0.00497055
0.00553036
0.00495410
0.00504351
0.00488234
0.00587106
0.00488639
0.00504255
0.00488567
0.00492120
0.00503039
0.00494027
0.00491881
0.00495076
0.00493455
0.00501680
0.00557733
0.00508046
0.00555658
0.00493574
0.00503373
0.00492072
0.00503659
0.00493789
0.00506186
0.00500536
0.00506592
0.00539541
0.00514674
0.00508618
0.00511599
0.00557566
0.00504565
0.00550556
0.00497079
0.00546932
0.00492215
0.00513959
0.00494909
0.00584054
0.00499463
0.00510168
0.00491738
0.00512004
0.00509405
0.00493908
0.00492954
0.00493026
0.00546622
0.00500250
0.00565267
0.00491023
0.00528836
0.00494576
0.00498867
0.00484443
0.00509715
0.00490236
0.00503826
0.00502586
0.00498366
0.00503325
0.00506806
0.00533152
0.00504065
0.00496054
0.00490761
0.00531864
0.00499582
0.00504255
0.00488997
0.00502300
0.00490832
0.00550818
0.00494742
0.00519872
0.00493121
0.00503469
0.00498867
0.00511456
0.00837636
0.00586081
0.00534773
0.00559092
0.00500870
0.00596476
0.00506544
0.00501323
0.00490308
0.00511980
0.00488997
0.00505519
0.00493431
0.00495601
0.00514126
0.00504637
0.00498605
0.00517535
0.00516534
0.00494361
0.00540137
0.00502896
0.00554180
0.00491166
0.00511289
0.00490785
0.00590014
0.00491142
0.00507617
0.00484824
0.00506353
0.00491619
0.00490832
0.00492358
0.00493860
0.00554013
0.00502896
0.00560236
0.00496793
0.00525594
0.00498605
0.00548410
0.00505567
0.00520873
0.00508404
0.00509238
0.00503802
0.00505447
0.00561881
0.00512171
0.00577235
0.00497937
0.00507426
0.00495815
0.00508785
0.00495601
0.00517416
0.00520873
0.00503159
0.00507498
0.00504637
0.00496554
0.00495911
0.00495148
0.00490975
0.00539446
0.00495362
0.00535464
0.00490546
0.00498486
0.00489950
0.00553417
0.00495076
0.01039243
0.01033092
0.01029372
0.00675035
0.00574636
0.00580740
0.00495028
0.00509977
0.00490284
0.00506043
0.00494385
0.00527263
0.00509214
0.00508595
0.00501490
0.00502872
0.00508738
0.00522327
0.00545025
0.00511360
0.00508642
0.00501680
0.00514960
0.00498199
0.00511241
0.00494003
0.00527358
0.00516868
0.00527620
0.00511360
0.00526357
0.00527406
0.00500059
0.00555038
0.00502920
0.00523758
0.00493002
0.00513244
0.00502110
0.00521016
0.00502014
0.00506234
0.00517130
0.00505853
0.00507426
0.00507331
0.00551701
0.00510120
0.00521064
0.00508738
0.00565434
0.00514150
0.00944781
0.00911927
0.00693274
0.00753951
0.00649166
0.00570130
0.00615215
0.00504231
0.00550127
0.00495291
0.00501227
0.00497222
0.00510573
0.00508595
0.00508857
0.00508881
0.00499701
0.00565124
0.00517464
0.00588465
0.00498533
0.00515175
0.00502992
0.00516486
0.00493646
0.00525379
0.00506616
0.00508952
0.00512028
0.00518346
0.00540328
0.00510788
0.00508285
0.00506043
0.00531220
0.00505447
0.00529981
0.00500274
0.00517464
0.00500560
0.00524640
0.00507879
0.00525832
0.00516701
0.00506830
0.00549459
0.00510144
0.00586200
0.00504398
0.00518155
0.00502872
0.00588989
0.00554752
0.00532651
0.00540543
0.00506902
0.00566578
0.00514102
0.00567579
0.00502610
0.00586724
0.00509429
0.00562978
0.00513673
0.00513911
0.00513625
0.00502896
0.00542140
0.00515962
0.00585341
0.00498438
0.00554657
0.00495267
0.00565362
0.00500774
0.00505519
0.00531816
0.00509834
0.00496697
0.00494909
0.00538445
0.00501084
0.00612426
0.00516701
0.00562739
0.00501204
0.00522637
0.00494337
0.00506806
0.00517035
0.00511765
0.00506115
0.00516105
0.00560021
0.00527954
0.00607395
0.01113701
0.00696206
0.00568223
0.00541806
0.00507164
0.00505900
0.00499988
0.00493550
0.00496030
0.00510502
0.00520873
0.00501609
0.00500035
0.00490046
0.00512099
0.00491405
0.00498581
0.00484419
0.00501347
0.00485134
0.00572157
0.00497103
0.00497413
0.00487614
0.00488997
0.00497627
0.00495291
0.00489616
0.00494504
0.00538015
0.00498652
0.00501084
0.00494480
0.00562406
0.00498176
0.00499010
0.00488210
0.00501513
0.00482988
0.00503087
0.00502467
0.00510859
0.00511265
0.00514603
0.00508404
0.00513673
0.00484824
0.00489593
0.00541687
0.00497508
0.00543213
0.00491834
0.00541687
0.00489044
0.00541568
0.00501347
0.00502086
0.00489140
0.00495601
0.00490427
0.00496626
0.00490403
0.00504851
0.00498819
0.00496793
0.00519681
0.00510049
0.00539541
0.00495315
0.00491405
0.00490713
0.00538993
0.00490451
0.00508332
0.00482869
0.00500631
0.00489521
0.00570607
0.00488639
0.00508690
0.00495958
0.00496864
0.00511813
0.00498915
0.00511384
0.00495839
0.00525475
0.00501299
0.00557637
0.00512600
0.00564551
0.00527596
0.00493240
0.00491786
0.00504303
0.00490928
0.00504899
0.00497150
0.00494027
0.00494695
0.00505948
0.00495553
0.00506234
0.00490093
0.00486088
0.00538635
0.00495696
0.00546908
0.00491166
0.00502944
0.00498295
0.00584555
0.00504565
0.00544643
0.00496364
0.00500703
0.00504804
0.00499701
0.00499344
0.00502157
0.00549078
0.00511765
0.00520134
0.00510097
0.00579500
0.00502396
0.00529122
0.00495172
0.00521517
0.00502181
0.00510931
0.00506496
0.00509143
0.00517988
0.00521588
0.00546002
0.00512052
0.00516248
0.00503445
0.00524712
0.00499272
0.00515032
0.00491476
0.00514054
0.00522041
0.00526905
0.00505829
0.00506568
0.00514364
0.00495362
0.00550103
0.00504446
0.00550866
0.00497365
0.00522804
0.00501108
0.00568008
0.00499749
0.00522089
0.00503588
0.00491905
0.00507975
0.00501657
0.00505066
0.00492978
0.00542188
0.00506020
0.00509858
0.00503325
0.00571585
0.00508428
0.00503063
0.00493383
0.00509143
0.00490284
0.00507236
0.00507498
0.00509167
0.00567842
0.00515079
0.00582409
0.00508213
0.00528860
0.00500298
0.00517917
0.00499272
0.00512481
0.00493240
0.00517797
0.00508475
0.00532770
0.00535631
0.00515342
0.00502253
0.00502706
0.00560212
0.00517869
0.00512600
0.00500298
0.00513792
0.00499320
0.00582886
0.00511384
0.00517178
0.00502086
0.00503445
0.00503278
0.00503325
0.00542068
0.00499415
0.00565791
0.00502539
0.00562358
0.00511575
0.00550604
0.00497723
0.00506806
0.00498724
0.00522780
0.00504923
0.00498128
0.00497794
0.00499535
0.00583363
0.00507116
0.00599885
0.00498819
0.00545311
0.00492477
0.00512600
0.00487399
0.00512290
0.00484467
0.00505280
0.00503874
0.00509000
0.00503325
0.00504756
0.00496030
0.00497007
0.00543880
0.00501370
0.00546765
0.00495577
0.00511909
0.00492024
0.00557613
0.00499463
0.00515890
0.00491071
0.00502396
0.00492525
0.00506425
0.00499082
0.00494766
0.00494885
0.00493360
0.00553608
0.00500369
0.00591683
0.00495839
0.00495839
0.00494766
0.00507069
0.00487828
0.00511575
0.00490880
0.00503969
0.00500393
0.00517797
0.00536966
0.00507975
0.00505567
0.00492311
0.00551963
0.00498939
0.00536919
0.00490975
0.00513077
0.00492287
0.00583053
0.00501919
0.00508571
0.00525308
0.00508070
0.00510502
0.00511193
0.00551438
0.00509071
0.00557995
0.00503850
0.00567865
0.00509858
0.00517058
0.00503540
0.00497365
0.00503445
0.00503826
0.00492072
0.00493169
0.00493073
0.00492334
0.00555873
0.00507379
0.00565839
0.00505900
0.00499964
0.00492239
0.00507069
0.00485039
0.00507140
0.00494909
0.00517917
0.00521803
0.00519252
0.00545454
0.00528431
0.00512719
0.00503445
0.00557446
0.00505447
0.00568843
0.00498962
0.00520301
0.00505376
0.00578809
0.00501513
0.00503349
0.00490904
0.00491762
0.00494647
0.00502038
0.00542045
0.00499201
0.00546551
0.00494552
0.00552344
0.00504851
0.00508308
0.00504088
0.00495934
0.00501013
0.00500607
0.00498152
0.00500011
0.00544977
0.00500274
0.00578308
0.00508642
0.00576735
0.00533462
0.00508404
0.00498986
0.00521374
0.00552249
0.00530386
0.00535131
0.00533986
0.00561023
0.00514150
0.00566435
0.00507545
0.00531435
0.00506449
0.00547361
0.00524950
0.00514364
0.00535226
0.00506639
0.00578618
0.00512242
0.00585604
0.00502777
0.00516200
0.00501108
0.00530314
0.00508618
0.00495911
0.00567174
0.00509763
0.00605345
0.00493670
0.00518441
0.00504231
0.00508881
0.00510216
0.00515604
0.00504327
0.00509405
0.00550246
0.01072168
0.00766754
0.00561142
0.00521874
0.00490832
0.00517416
0.00492620
0.00513649
0.00489497
0.00518250
0.00492978
0.00558710
0.00506639
0.00509048
0.00498915
0.00502467
0.00543714
0.00517249
0.00538206
0.00499988
0.00509238
0.00494361
0.00548577
0.00521088
0.00540829
0.00497103
0.00499105
0.00513816
0.00508690
0.00516057
0.00511694
0.00546265
0.00500369
0.00511718
0.00507331
0.00572634
0.00492644
0.00505304
0.00485015
0.00508237
0.00489259
0.00513601
0.00521851
0.00508428
0.00536609
0.00510216
0.00544190
0.00502300
0.00493598
0.00492525
0.00529647
0.00498581
0.00501800
0.00488138
0.00502872
0.00492787
0.00575233
0.00495172
0.00510359
0.00496054
0.00499415
0.00571465
0.00530386
0.00542450
0.00502062
0.00547385
0.00497246
0.00559926
0.00512576
0.00538015
0.00493550
0.00498247
0.00506639
0.00500441
0.00495386
0.00492311
0.00542521
0.00499797
0.00513697
0.00506520
0.00561166
0.00503325
0.00505877
0.00493765
0.00515532
0.00490785
0.00510287
0.00508094
0.00503397
0.00507593
0.00509071
0.00533438
0.00499272
0.00498080
0.00488949
0.00545025
0.00501490
0.00505686
0.00491095
0.00507426
0.00495768
0.00556922
0.00504470
0.00503540
0.00499678
0.00496650
0.00506544
0.00502634
0.00500965
0.00524831
0.00549889
0.00499654
0.00553322
0.00490856
0.00543380
0.00490808
0.00497603
0.00491595
0.00512409
0.00488234
0.00508571
0.00503969
0.00504017
0.00504255
0.00511622
0.00496101
0.00506520
0.00502324
0.00508904
0.00579000
0.00511026
0.00517416
0.00500417
0.00526690
0.00504971
0.00538111
0.00512505
0.00525355
0.00539017
0.00507641
0.00560236
0.00510383
0.00561857
0.00493550
0.00507426
0.00497270
0.00568008
0.00510144
0.00508094
0.00492120
0.00492144
0.00504851
0.00502849
0.00541568
0.00502658
0.00545979
0.00500751
0.00578046
0.00491309
0.00551462
0.00484991
0.00491524
0.00479650
0.00500059
0.00479317
0.00495958
0.00494647
0.00490069
0.00515461
0.00499868
0.00535965
0.00523233
0.00500536
0.00498128
0.00540590
0.00499201
0.00509095
0.00490308
0.00506687
0.00487924
0.00579405
0.00507855
0.00507808
0.00498366
0.00498939
0.00503683
0.00501132
0.00496721
0.00500178
0.00544095
0.00503898
0.00574660
0.00494242
0.00557446
0.00505280
0.00503087
0.00501704
0.00508189
0.00504136
0.00512505
0.00501847
0.00502658
0.00503087
0.00513673
0.00533342
0.00531435
0.00504303
0.00496697
0.00511813
0.00489879
0.00510597
0.00494361
0.00505328
0.00499773
0.00515342
0.00501227
0.00534916
0.00508142
0.00501299
0.00543976
0.00502443
0.00544167
0.00495529
0.00528097
0.00499225
0.00567794
0.00514293
0.00547051
0.00501490
0.00507355
0.00521541
0.00510025
0.00509477
0.00500751
0.00549650
0.00507259
0.00568247
0.00505328
0.00531125
0.00501609
0.00509858
0.00498676
0.00516653
0.00506759
0.00557137
0.00513411
0.00510216
0.00567317
0.00519991
0.00587845
0.00503802
0.00521326
0.00501895
0.00520563
0.00505376
0.00981665
0.00646758
0.00625515
0.00524664
0.00533104
0.00512218
0.00511622
0.00511765
0.00513649
0.00511122
0.00512743
0.00501585
0.00504494
0.00556684
0.00508761
0.00570822
0.00504351
0.00508475
0.00489140
0.00507092
0.00488639
0.00506520
0.00488544
0.00509119
0.00525427
0.00509095
0.00495338
0.00504589
0.00501204
0.00494480
0.00540304
0.00491929
0.00546217
0.00495744
0.00560641
0.00493765
0.00597334
0.00512743
0.00503755
0.00519133
0.00497007
0.00538516
0.00504375
0.00543284
0.00504255
0.00524402
0.00495315
0.00563145
0.00510383
0.00765920
0.00608206
0.00543952
0.00513601
0.00503039
0.00509977
0.00555420
0.00510025
0.00516319
0.00513291
0.00555110
0.00496936
0.00508666
0.00495100
0.00514460
0.00495744
0.00517678
0.00501347
0.00513339
0.00516915
0.00519848
0.00535131
0.00510049
0.00534773
0.00499082
0.00516462
0.00500512
0.00517273
0.00498080
0.00519586
0.00542545
0.00561905
0.00537658
0.00512934
0.00527859
0.00504684
0.00561452
0.00509048
0.00507116
0.00488853
0.00503993
0.00491071
0.00564647
0.00497937
0.00503755
0.00520372
0.00492382
0.00507307
0.00496650
0.00492382
0.00499249
0.00540948
0.00499344
0.00577259
0.00498676
0.00552630
0.00529790
0.00506353
0.00495052
0.00517964
0.00497818
0.00532150
0.00513840
0.00505996
0.00518012
0.00511980
0.00538087
0.00527382
0.00502086
0.00492096
0.00550079
0.00498152
0.00555658
0.00487757
0.00503373
0.00493646
0.00617051
0.00551319
0.00512218
0.00514460
0.00517392
0.00509167
0.00507689
0.00560164
0.00518775
0.00563598
0.00506949
0.00582528
0.00512004
0.00522590
0.00543714
0.00507498
0.00527692
0.00520015
0.00549483
0.00515199
0.00598097
0.00507450
0.00586128
0.00557375
0.00515962
0.00532675
0.01053333
0.00832677
0.00627947
0.00592232
0.00504684
0.00582600
0.00515199
0.00515747
0.00518751
0.00510979
0.00530243
0.00524426
0.00592089
0.00498247
0.00531769
0.00489926
0.00574517
0.00532341
0.00555539
0.00575519
0.00509381
0.00501776
0.00499749
0.00502133
0.00498891
0.00492787
0.00560164
0.00507402
0.00558901
0.00495863
0.00518298
0.00493693
0.00504446
0.00490952
0.00503516
0.00489831
0.00509310
0.00530934
0.00511432
0.00497007
0.00501251
0.00520062
0.00491357
0.00541377
0.00492740
0.00535226
0.00492501
0.00508475
0.00493598
0.00577188
0.00501895
0.00508165
0.00498247
0.00494742
0.00502396
0.00510502
0.00503278
0.00499249
0.00501990
0.00503707
0.00559974
0.00515604
0.00620627
0.00506592
0.00516725
0.00502682
0.00513744
0.00502205
0.00521588
0.00506473
0.00506639
0.00513673
0.00513768
0.00532174
0.00505662
0.00530362
0.00495052
0.00510073
0.00493097
0.00517321
0.00493002
0.00506210
0.00500846
0.00522089
0.00503230
0.00497699
0.00518394
0.00495815
0.00499368
0.00505519
0.00538135
0.00501466
0.00554776
0.00493121
0.00554323
0.00490880
0.00513005
0.00522113
0.00497437
0.00496864
0.00496697
0.00504994
0.00506878
0.00498128
0.00500822
0.00506783
0.00508809
0.00607872
0.00521731
0.00546527
0.00494504
0.00507975
0.00491309
0.00506639
0.00492454
0.00509572
0.00513315
0.00560951
0.00505710
0.00506949
0.00500655
0.00500202
0.00542974
0.00498462
0.00543070
0.00508857
0.00522113
0.00497627
0.00565457
0.00506353
0.00517130
0.00500584
0.00495839
0.00508404
0.00514817
0.00501537
0.00507641
0.00549412
0.00505233
0.00563979
0.00511026
0.00566578
0.00531220
0.00503230
0.00498533
0.00511456
0.00498056
0.00510883
0.00502229
0.00502062
0.00504637
0.00513220
0.00537133
0.00537229
0.00548553
0.00509620
0.00522232
0.00490427
0.00511646
0.00493574
0.00512290
0.00517750
0.00554585
0.00504613
0.00565052
0.00502396
0.00500941
0.00549197
0.00506258
0.00562239
0.00501251
0.00510168
0.00500298
0.00574803
0.00511193
0.00512099
0.00495720
0.00505590
0.00520325
0.00511003
0.00504875
0.00511575
0.00595212
0.00501919
0.00572968
0.00508642
0.00533485
0.00532746
0.00508499
0.00516725
0.00518608
0.00504947
0.00511646
0.00556612
0.00523782
0.00589752
0.00508618
0.00535917
0.00506330
0.00518370
0.00506663
0.00520611
0.00513005
0.00513387
0.00557160
0.00521278
0.00528932
0.00519204
0.00573301
0.00513768
0.00511837
0.00511193
0.00519133
0.00519156
0.00511718
0.00515580
0.00510788
0.00568008
0.00515628
0.00584388
0.00505328
0.00518441
0.00499010
0.00517964
0.00508451
0.00516009
0.00521016
0.00517201
0.00525570
0.00518799
0.00555038
0.00509787
0.00526524
0.00500870
0.00529170
0.00499439
0.00525236
0.00500345
0.00517368
0.00553536
0.00527239
0.00538707
0.00519395
0.00548840
0.00514340
0.00611496
0.00537705
0.00522113
0.00504446
0.00520444
0.00553370
0.00527692
0.00499225
0.00514007
0.00513530
0.00507665
0.00556922
0.00502372
0.00560856
0.00509596
0.00518036
0.00513220
0.00577569
0.00536871
0.00536466
0.00502968
0.00515389
0.00545359
0.00503039
0.00548744
0.00510764
0.00521541
0.00504112
0.00566030
0.00507283
0.00513792
0.00490880
0.00499439
0.00499153
0.00501585
0.00494576
0.00496316
0.00543547
0.00510931
0.00513172
0.00507474
0.00567865
0.00500822
0.00559068
0.00494623
0.00511622
0.00514102
0.00501013
0.00502276
0.00501204
0.00506449
0.00511098
0.00528598
0.00529432
0.00499964
0.00496221
0.00517702
0.00501919
0.00532055
0.00507474
0.00520825
0.00530982
0.00518727
0.00512671
0.00523043
0.00500703
0.00507927
0.00550771
0.00505137
0.00529623
0.00504541
0.00518584
0.00507212
0.00590158
0.00514054
0.00514221
0.00502801
0.00502753
0.00509548
0.00504184
0.00499797
0.00495720
0.00541663
0.00506091
0.00571465
0.00492978
0.00553679
0.00503826
0.00505662
0.00495076
0.00518084
0.00514483
0.00505638
0.00525045
0.00509143
0.00530362
0.00521612
0.00535035
0.00514245
0.00506520
0.00494742
0.00517464
0.00503898
0.00512052
0.00502825
0.00518465
0.00497866
0.00568056
0.00514889
0.00537419
0.00503349
0.00505638
0.00552368
0.00503302
0.00545955
0.00512481
0.00512695
0.00528026
0.00586629
0.00523734
0.00513029
0.00494981
0.00496912
0.00523591
0.00519109
0.00537372
0.00507712
0.00630546
0.00505280
0.00607848
0.00518847
0.00525069
0.00567937
0.00518250
0.00578737
0.00517702
0.00653982
0.00524664
0.00526810
0.00581956
0.00536013
0.00573611
0.00511646
0.00569439
0.00504398
0.00564265
0.01140428
0.00847220
0.00604606
0.00550294
0.00546432
0.00513339
0.00551724
0.00526834
0.00520635
0.00505710
0.00517106
0.00512099
0.00524497
0.00516915
0.00525975
0.00512743
0.00547075
0.00503802
0.00510025
0.00541711
0.00530767
0.00515008
0.00504446
0.00521970
0.00521350
0.00531340
0.00549912
0.00511527
0.00503564
0.00502658
0.00552559
0.00511456
0.00563240
0.00502872
0.00525618
0.00515866
0.00568509
0.00521135
0.00512576
0.00539613
0.00504184
0.00552201
0.00499868
0.00560594
0.00503349
0.00511479
0.00500512
0.00592351
0.00502038
0.00507188
0.00521159
0.00491118
0.00518465
0.00502872
0.00508857
0.00501585
0.00571370
0.00503278
0.00609350
0.00538993
0.00742793
0.00597501
0.00576949
0.00577593
0.00622797
0.00532079
0.00516391
0.00516605
0.00523233
0.00513577
0.00516963
0.00502944
0.00494003
0.00540161
0.00494480
0.00576758
0.00497413
0.00549269
0.00496435
0.00580454
0.00506878
0.00519061
0.00502992
0.00502992
0.00511098
0.00502181
0.00555825
0.00503087
0.00565434
0.00497913
0.00562310
0.00835443
0.00606132
0.00551343
0.00512767
0.00514531
0.00510716
0.00505161
0.00550461
0.00511503
0.00533080
0.00528741
0.00570822
0.00507593
0.00511599
0.00501728
0.00516272
0.00498819
0.00514412
0.00502682
0.00496864
0.00505805
0.00507879
0.00536013
0.00507569
0.00505209
0.00492430
0.00510359
0.00494480
0.00551486
0.00492620
0.00507832
0.00517726
0.00558758
0.00529313
0.00507092
0.00492692
0.00492430
0.00544453
0.00499701
0.00562286
0.00497770
0.00511479
0.00499034
0.00596476
0.00507069
0.00541067
0.00507236
0.00500679
0.00513339
0.00501227
0.00516462
0.00506163
0.00601268
0.00508642
0.00565720
0.00500083
0.00545049
0.00501657
0.00500560
0.00502491
0.00502419
0.00504518
0.00508475
0.00507283
0.00508881
0.00560689
0.00516820
0.00603771
0.00513196
0.00515819
0.00505137
0.00519419
0.00508213
0.00558400
0.00512290
0.00511122
0.00571179
0.00519753
0.00570297
0.00529814
0.00503182
0.00502944
0.00516224
0.00491381
0.00511122
0.00510192
0.00501180
0.00508785
0.00510836
0.00499201
0.00508761
0.00493670
0.00492764
0.00538683
0.00499535
0.00547099
0.00490165
0.00509357
0.00493550
0.00578713
0.00495338
0.00534749
0.00495410
0.00494695
0.00498176
0.00502729
0.00492120
0.00501919
0.00544477
0.00508213
0.00572753
0.00503349
0.00564408
0.00495958
0.00499606
0.00504494
0.00510526
0.00498033
0.00506115
0.00552893
0.00503969
0.00588703
0.00518179
0.00614667
0.00505424
0.00518203
0.00504446
0.00517654
0.00511074
0.00513601
0.00508380
0.00510120
0.00562477
0.00519156
0.00581288
0.00532007
0.00512362
0.00503564
0.00522804
0.00495577
0.00520468
0.00514674
0.00508785
0.00514102
0.00517464
0.00541234
0.00503159
0.00507236
0.00496745
0.00502014
0.00495243
0.00502539
0.00488687
0.00504994
0.00493288
0.00591969
0.00495720
0.00512052
0.00493193
0.00498819
0.00500131
0.00507832
0.00497031
0.00495386
0.00543809
0.00507545
0.00591254
0.00507975
0.00564551
0.00515652
0.00507212
0.00501227
0.00518990
0.00514507
0.00504136
0.00510073
0.00508237
0.00553799
0.00510168
0.00565362
0.00533485
0.00506020
0.00497270
0.00509858
0.00489545
0.00503922
0.00490856
0.00508761
0.00508904
0.00513506
0.00506353
0.00523877
0.00495195
0.00502181
0.00547552
0.00499821
0.00550389
0.00511408
0.00515628
0.00503039
0.00568557
0.00528145
0.00520015
0.00502801
0.00505543
0.00514913
0.00515199
0.00503039
0.00502515
0.00551033
0.00507784
0.00591755
0.00500441
0.00516963
0.00509381
0.00498247
0.00503159
0.00511861
0.00500417
0.00505996
0.00506735
0.00506854
0.00544953
0.00518775
0.00572658
0.00536084
0.00512028
0.00501537
0.00521588
0.00509596
0.00513887
0.00504637
0.00503993
0.00563264
0.00510693
0.00605202
0.00498390
0.00506020
0.00498676
0.00508332
0.00494194
0.00510907
0.00494170
0.00512028
0.00518394
0.00523353
0.00557446
0.00515580
0.00546384
0.00504923
0.00519466
0.00508404
0.00516224
0.00502825
0.00523067
0.00507927
0.00540590
0.00531125
0.00525832
0.00542283
0.00502777
0.00557518
0.00512171
0.00564933
0.00508857
0.00520468
0.00509071
0.00585651
0.00527239
0.00514197
0.00504708
0.00503063
0.00517726
0.00512624
0.00506663
0.00507212
0.00566721
0.00507474
0.00572300
0.00508332
0.00527263
0.00506520
0.00511503
0.00507975
0.00508285
0.00517201
0.00508070
0.00511765
0.00508451
0.00568056
0.00519967
0.00588202
0.00504875
0.00538826
0.00503349
0.00516677
0.00504589
0.00513506
0.00501037
0.00508857
0.00544691
0.00511146
0.00617862
0.00501633
0.00514793
0.00497794
0.00528860
0.00560832
0.00511599
0.00543666
0.00509930
0.00559282
0.00513768
0.00559330
0.00497317
0.00553226
0.00493479
0.00511813
0.00534844
0.00514936
0.00503325
0.00515008
0.00570297
0.00512981
0.01122880
0.00717044
0.00650692
0.00773835
0.00607181
0.00571585
0.00542641
0.00552249
0.00624275
0.00514793
0.00562334
0.00505781
0.00563288
0.00503325
0.00523496
0.00518632
0.00534797
0.00517821
0.00517607
0.00613761
0.00504804
0.00549459
0.00500369
0.00539708
0.00496793
0.00514841
0.00492048
0.00511289
0.00521326
0.00517869
0.00506234
0.00505543
0.00501227
0.00505614
0.00550294
0.00511217
0.00545430
0.00502467
0.00520396
0.00499821
0.00563979
0.00505328
0.00511479
0.00522470
0.00498986
0.00506568
0.00504637
0.00504708
0.00503635
0.00541735
0.00499749
0.00582623
0.00506377
0.00553942
0.00498724
0.00501704
0.00489974
0.00506020
0.00503087
0.00515962
0.00500107
0.00504303
0.00506783
0.00511503
0.00541186
0.00505900
0.00500011
0.00496960
0.00512648
0.00500035
0.00506425
0.00494766
0.00506735
0.00494957
0.00579762
0.00507259
0.00510240
0.00510073
0.00500846
0.00522232
0.00504160
0.00543404
0.00502229
0.00557542
0.00503373
0.00564075
0.00510573
0.00514579
0.00525117
0.00509286
0.00506401
0.00508928
0.00492764
0.00492811
0.00538468
0.00506616
0.00603628
0.00500417
0.00554991
0.00495458
0.00499654
0.00495267
0.00503922
0.00501966
0.00506496
0.00511241
0.00507712
0.00529075
0.00521588
0.00552011
0.00518203
0.00561762
0.00506067
0.00519443
0.00506711
0.00515962
0.00496960
0.00514317
0.00517941
0.00522661
0.00510621
0.00513101
0.00507045
0.00495434
0.00551820
0.00506663
0.00519657
0.00499892
0.00509095
0.00493765
0.00577903
0.00500584
0.00512171
0.00515270
0.00487065
0.00500035
0.00511193
0.00499320
0.00501943
0.00552177
0.00521636
0.00576782
0.00504136
0.00567079
0.00508618
0.00506425
0.00508285
0.00510693
0.00512123
0.00503469
0.00509119
0.00510383
0.00566030
0.00517964
0.00575233
0.00506639
0.00571990
0.00501466
0.00517392
0.00508261
0.00508499
0.00502419
0.00507522
0.00559139
0.00522256
0.00558782
0.00505233
0.00533962
0.00508428
0.00516486
0.00504208
0.00516081
0.00499845
0.00513172
0.00518441
0.00524807
0.00504088
0.00502586
0.00511670
0.00494170
0.00543857
0.00498319
0.00563860
0.00491571
0.00504899
0.00491643
0.00551605
0.00501943
0.01059961
0.00839829
0.00768137
0.00590515
0.00538492
0.00515962
0.00551367
0.00523114
0.00564456
0.00511360
0.00565696
0.00499129
0.00523996
0.00514317
0.00513911
0.00519466
0.00504756
0.00513458
0.00518632
0.00548530
0.00513721
0.00517035
0.00500202
0.00514436
0.00502777
0.00514007
0.00494385
0.00515842
0.00501704
0.00569129
0.00511551
0.00513911
0.00508332
0.00505638
0.00556636
0.00511956
0.00567365
0.00516605
0.00524998
0.00504827
0.00567913
0.00529671
0.00519204
0.00509143
0.00502467
0.00508380
0.00510788
0.00507331
0.00505304
0.00551510
0.00512242
0.00572681
0.00514078
0.00522947
0.00494337
0.00510025
0.00522995
0.00523090
0.00519562
0.00509334
0.00505733
0.00506091
0.00557256
0.00516796
0.00565577
0.00505376
0.00510573
0.00506330
0.00524020
0.00498652
0.00504160
0.00490665
0.00504184
0.00514936
0.00518155
0.00509691
0.00505066
0.00491762
0.00510454
0.00510216
0.00501299
0.00497365
0.00498343
0.00542688
0.00502682
0.00578117
0.00503469
0.00549483
0.00501442
0.00500607
0.00498343
0.00513220
0.00507021
0.00515389
0.00505900
0.00505877
0.00559092
0.00522423
0.00547051
0.00533819
0.00504684
0.00502563
0.00655866
0.00503373
0.00517845
0.00511932
0.00511885
0.00558496
0.00525308
0.00564432
0.00503016
0.00505900
0.00500584
0.00531650
0.00499201
0.00514483
0.00500607
0.00524354
0.00542188
0.00529170
0.00538039
0.00505757
0.00511599
0.00504160
0.00558186
0.00507402
0.00565267
0.00503421
0.00517273
0.00505662
0.00546908
0.00523543
0.00512362
0.00542903
0.00507545
0.00559711
0.00512099
0.00549078
0.00500607
0.00518799
0.00503945
0.00582290
0.00517201
0.00513029
0.00500417
0.00513506
0.00551009
0.00506091
0.00597882
0.00509405
0.00554514
0.00529790
0.00582194
0.00518298
0.00510573
0.00503135
0.00502777
0.00508738
0.00501895
0.00558949
0.00505638
0.00557780
0.00504041
0.00583172
0.00508881
0.00531435
0.00508142
0.00504375
0.00509667
0.00511098
0.00505972
0.00505948
0.00553703
0.00506854
0.00583792
0.00511122
0.00575519
0.00509572
0.00527668
0.00514674
0.00520992
0.00533557
0.00516057
0.00564265
0.00522614
0.00602412
0.00513768
0.00529194
0.00509119
0.00513601
0.00545168
0.00520706
0.00521994
0.00519514
0.00596547
0.00529122
0.00603223
0.00558543
0.00525284
0.00556231
0.00532937
0.00557828
0.00511765
0.00572252
0.00850868
0.00621986
0.00624084
0.00541639
0.00544763
0.00565267
0.00515342
0.00572968
0.00513244
0.00597310
0.00495648
0.00523877
0.00532484
0.00521541
0.00539207
0.00515175
0.00533152
0.00503492
0.00568509
0.00506783
0.00575566
0.00653553
0.00526738
0.00599384
0.00512648
0.00515342
0.00502515
0.00495386
0.00506210
0.00523496
0.00502706
0.00507283
0.00555873
0.00525045
0.00582671
0.00513315
0.00540185
0.00518823
0.00516891
0.00523019
0.00521874
0.00518799
0.00503063
0.00553179
0.00508714
0.00610590
0.00509810
0.00570345
0.00504422
0.00512743
0.00509381
0.00510955
0.00515604
0.00513887
0.00509787
0.00509095
0.00578046
0.00518203
0.00565076
0.00505376
0.00518203
0.00505781
0.00518346
0.00506186
0.00520945
0.00511813
0.00513053
0.00558877
0.00520396
0.00545597
0.00502992
0.00510740
0.00504684
0.00519824
0.00505376
0.00517988
0.00512099
0.00532413
0.00533628
0.00523019
0.00547433
0.00534201
0.00507474
0.00502086
0.00535941
0.00503063
0.00519562
0.00502467
0.00511646
0.00501466
0.00545979
0.00517988
0.00542307
0.00505686
0.00502539
0.00545430
0.00494337
0.00517821
0.00495267
0.00506234
0.00496960
0.00597310
0.00499296
0.01066613
0.00949955
0.00644469
0.00572610
0.00567031
0.00558162
0.00600576
0.00510526
0.00557399
0.00503230
0.00504541
0.00507092
0.00506711
0.00517273
0.00493622
0.00499797
0.00504422
0.00547695
0.00507808
0.00535321
0.00502563
0.00507140
0.00505638
0.00513864
0.00497818
0.00514793
0.00498033
0.00515509
0.00561762
0.00529623
0.00546050
0.00540233
0.00505519
0.00503778
0.00552487
0.00509548
0.00516272
0.00502324
0.00519061
0.00503111
0.00526690
0.00513768
0.00512314
0.00501275
0.00511312
0.00550318
0.00509357
0.00557399
0.00501680
0.00515079
0.00501657
0.00579882
0.00530601
0.00514197
0.00504827
0.00501657
0.00514817
0.00504136
0.00543237
0.00503898
0.00560689
0.00499249
0.00595379
0.00527048
0.01053452
0.00685239
0.00591993
0.00571179
0.00568628
0.00617242
0.00528765
0.00574327
0.00524640
0.00506330
0.00491214
0.00495100
0.00503063
0.00505519
0.00497460
0.00495982
0.00543737
0.00505114
0.00571060
0.00496840
0.00569057
0.00505781
0.00502396
0.00497842
0.00502586
0.00498939
0.00506473
0.00502062
0.00506401
0.00554562
0.00517464
0.00543022
0.00502133
0.00533962
0.00500417
0.00519061
0.00499225
0.00518656
0.00498056
0.00508094
0.00529552
0.00525928
0.00544882
0.00515676
0.00509691
0.00500846
0.00565553
0.00505352
0.00518513
0.00499368
0.00514627
0.00504708
0.00577855
0.00514889
0.00518799
0.00506639
0.00512218
0.00510550
0.00512910
0.00554419
0.00510406
0.00534201
0.00494695
0.00577068
0.00502229
0.00546312
0.00502968
0.00506353
0.00515175
0.00511646
0.00509334
0.00497317
0.00541306
0.00500488
0.00541592
0.00512218
0.00557232
0.00490975
0.00517488
0.00497699
0.00511980
0.00489593
0.00507426
0.00495958
0.00503635
0.00527334
0.00510955
0.00540781
0.00510025
0.00507283
0.00493813
0.00547576
0.00499821
0.00558496
0.00495052
0.00515246
0.00491238
0.00586915
0.00499105
0.00503683
0.00492239
0.00493026
0.00497603
0.00508451
0.00502253
0.00494814
0.00542164
0.00503945
0.00603747
0.00513959
0.00568533
0.00510311
0.00509501
0.00510740
0.00516391
0.00511718
0.00515938
0.00512123
0.00509286
0.00560117
0.00527501
0.00600791
0.00499249
0.00767684
0.00610089
0.00538921
0.00516891
0.00499654
0.00518227
0.00516748
0.00520658
0.00549221
0.00528717
0.00535607
0.00504804
0.00536275
0.00507879
0.00518060
0.00499058
0.00522304
0.00503349
0.00565529
0.00517392
0.00514627
0.00515175
0.00506997
0.00559235
0.00500941
0.00545764
0.00503254
0.00517321
0.00504088
0.00533366
0.00511074
0.00509191
0.00501537
0.00504422
0.00548697
0.00507855
0.00545621
0.00506258
0.00522828
0.00503778
0.00575471
0.00508666
0.00523305
0.00496840
0.00498796
0.00496936
0.00506377
0.00497246
0.00505280
0.00542951
0.00503302
0.00569415
0.00504780
0.00558710
0.00508046
0.00518751
0.00515604
0.00518370
0.00510216
0.00511670
0.00504041
0.00509834
0.00561380
0.00530434
0.00586772
0.00502110
0.00512052
0.00513077
0.00510216
0.00494695
0.00508666
0.00499463
0.00517106
0.00518036
0.00521302
0.00546932
0.00515032
0.00497174
0.00492668
0.00515079
0.00499797
0.00512981
0.00498056
0.00512338
0.00495386
0.00576091
0.00512934
0.00504017
0.00494862
0.00494027
0.00506949
0.00502014
0.00552893
0.00501299
0.00544024
0.00500894
0.00561833
0.00501442
0.00548029
0.00517321
0.00522757
0.00582671
0.01116872
0.00696874
0.00583649
0.00652504
0.00576234
0.00591969
0.00630617
0.00569725
0.00654793
0.00521493
0.00517797
0.00533128
0.00502944
0.00521874
0.00515747
0.00560737
0.00500822
0.00571513
0.00515246
0.00538063
0.00506759
0.00527072
0.00559974
0.00525022
0.00538492
0.00534177
0.00618434
0.00520682
0.00527334
0.00515532
0.00530124
0.00519395
0.00549364
0.00550127
0.00791097
0.00693989
0.00705290
0.00597954
0.00604439
0.00620842
0.00518203
0.00572133
0.00505900
0.00529075
0.00544858
0.00535226
0.00521660
0.00524640
0.00523639
0.00518179
0.00581527
0.00519443
0.00532889
0.00510621
0.00534010
0.00539637
0.00537157
0.00553679
0.00516701
0.00546503
0.00514150
0.00580430
0.00518012
0.00534296
0.00512385
0.00530171
0.00517178
0.00545692
0.00519395
0.00520396
0.00514770
0.00523162
0.00567341
0.00517249
0.00582290
0.00521350
0.00534582
0.00522614
0.00613141
0.00532055
0.00529003
0.00519395
0.00524998
0.00571060
0.00541139
0.00616646
0.00533581
0.00550103
0.00547433
0.00553799
0.00569916
0.00545049
0.00538182
0.00532222
0.00544310
0.00532913
0.00544643
0.00526881
0.00542331
0.00530410
0.00536799
0.00560951
0.00527143
0.00559855
0.00517535
0.00555158
0.00519729
0.00531673
0.00522923
0.00534892
0.00530553
0.00535870
0.00567198
0.00526762
0.00529027
0.00525236
0.00538135
0.00514436
0.00553203
0.00546670
0.00544357
0.00592256
0.00550151
0.00594664
0.00564146
0.00537968
0.00537896
0.00529122
0.00573969
0.00531745
0.00581026
0.00534773
0.00599289
0.01237202
0.00760198
0.00599647
0.00554943
0.00568390
0.00533271
0.00551724
0.00530052
0.00601006
0.00561738
0.00553846
0.00527477
0.00534797
0.00574207
0.00531888
0.00576782
0.00523543
0.00540280
0.00528979
0.00596094
0.00546908
0.00532699
0.00534248
0.00523782
0.00570035
0.00527191
0.00552630
0.00523806
0.00534916
0.00551414
0.00533676
0.00523853
0.00528455
0.00529432
0.00521374
0.00581789
0.00522351
0.00583029
0.00520420
0.00535083
0.00553966
0.00540066
0.00571775
0.00558424
0.00529313
0.00521731
0.00538063
0.00523567
0.00536585
0.00516963
0.00543451
0.00528550
0.00543237
0.00567794
0.00531888
0.00527668
0.00516748
0.00532794
0.00518918
0.00541854
0.00525856
0.00535417
0.00532746
0.00536013
0.00562024
0.00528383
0.00522709
0.00517488
0.00528002
0.00518131
0.00536704
0.00518823
0.00529265
0.00538015
0.00531673
0.00568056
0.00528479
0.00544262
0.00514293
0.00535250
0.00516987
0.00575352
0.00510311
0.00525570
0.00572681
0.00537634
0.00587606
0.00520682
0.00514150
0.00510669
0.00532699
0.00504136
0.00535512
0.00501108
0.00522757
0.00539947
0.00531554
0.00515699
0.00521755
0.00509286
0.00513744
0.00552988
0.00522614
0.00559473
0.00522137
0.00522733
0.00508976
0.00574541
0.00516009
0.00557041
0.00513840
0.00513053
0.00510240
0.00523782
0.00512314
0.00510764
0.00551963
0.00511241
0.00586104
0.00517607
0.00567222
0.00508738
0.00514889
0.00506401
0.00517941
0.00509405
0.00513124
0.00513887
0.00518632
0.00589490
0.00524759
0.00594091
0.00511193
0.00511861
0.00494862
0.00523567
0.00504136
0.00515032
0.00508499
0.00512385
0.00515056
0.00515294
0.00545692
0.00518322
0.00515032
0.00495315
0.00523996
0.00508142
0.00517273
0.00503206
0.00528741
0.00541544
0.00539708
0.00520229
0.00540662
0.00516391
0.00503755
0.00549197
0.00511527
0.00559640
0.00504351
0.00526357
0.00504994
0.00546932
0.00521803
0.00515985
0.00503993
0.00510859
0.00553417
0.00509191
0.00529981
0.00510669
0.00575519
0.00509405
0.00584722
0.00548911
0.00514221
0.00536036
0.00507355
0.00557423
0.00511980
0.00593495
0.00507832
0.00520396
0.00508285
0.00553083
0.00510263
0.00511694
0.00505710
0.00517583
0.00552750
0.00511026
0.00561786
0.00511122
0.00518346
0.00506425
0.00584912
0.00518179
0.00526714
0.00504494
0.00502968
0.00510669
0.00505424
0.00549793
0.00509906
0.00572824
0.00508475
0.00594187
0.00513458
0.00547361
0.00530267
0.00504756
0.00504756
0.00805712
0.00635862
0.00617695
0.00634789
0.00633740
0.00709295
0.00666332
0.00579548
0.00550842
0.00514483
0.00517416
0.00507045
0.00517511
0.00527477
0.00522304
0.00515270
0.00512767
0.00505757
0.00502539
0.00556612
0.00506425
0.00561929
0.00507021
0.00524354
0.00505257
0.00585747
0.00509572
0.00516176
0.00507307
0.00510788
0.00517511
0.00516367
0.00536609
0.00521421
0.00599957
0.00508571
0.00566792
0.00507236
0.00552511
0.00514197
0.00519061
0.00519347
0.00510550
0.00515389
0.00509810
0.00569963
0.00509548
0.00615025
0.00524712
0.00528908
0.00511408
0.00508952
0.00533414
0.00513005
0.00572109
0.00506854
0.00614238
0.00512815
0.00567436
0.00600410
0.00517607
0.00574183
0.00513244
0.00572896
0.00515103
0.00602341
0.00518298
0.00524282
0.00544000
0.00566864
0.00516033
0.00512004
0.00548172
0.00510049
0.00541425
0.00533581
0.00517249
0.00498271
0.00511551
0.00500798
0.00572848
0.00518131
0.00542760
0.00513983
0.00511789
0.00559402
0.00500441
0.00554347
0.00509548
0.00522876
0.00505877
0.00585580
0.00514317
0.00515914
0.00493717
0.00491977
0.00500703
0.00786614
0.00630689
0.00595450
0.00509453
0.00586820
0.00521302
0.00521302
0.00512743
0.00511289
0.00510621
0.00513387
0.00508189
0.00510240
0.00559807
0.00515723
0.00579190
0.00516200
0.00526738
0.00540686
0.00510287
0.00513291
0.00512862
0.00517130
0.00514054
0.00553203
0.00505829
0.00592446
0.00515747
0.00566220
0.00511026
0.00512886
0.00504971
0.00507402
0.00516438
0.00506043
0.00559711
0.00515628
0.00590897
0.00519252
0.00589323
0.00515056
0.00520611
0.00525141
0.00516009
0.00520754
0.00512743
0.00561070
0.00510097
0.00600886
0.00518250
0.00567007
0.00513935
0.00513005
0.00519180
0.00521779
0.00521541
0.00509000
0.00563574
0.00509429
0.00594139
0.00520253
0.00569105
0.00544786
0.00515079
0.00522065
0.00521421
0.00520325
0.00516367
0.00562739
0.00514555
0.00595188
0.00522137
0.00568151
0.00519919
0.00514936
0.00511789
0.00519013
0.00520658
0.00514007
0.00508237
0.00506830
0.00573587
0.00521898
0.00577974
0.00509596
0.00552917
0.00512505
0.00523210
0.00517392
0.00519967
0.00515890
0.00516033
0.00569892
0.00524926
0.00626945
0.00514889
0.00523806
0.00510740
0.00520110
0.00506806
0.01116800
0.00834155
0.00670242
0.00575542
0.00558996
0.00553608
0.00607800
0.00526881
0.00530076
0.00502896
0.00521970
0.00515294
0.00587273
0.00524426
0.00524712
0.00509953
0.00517631
0.00558352
0.00514746
0.00568056
0.00508785
0.00528955
0.00507355
0.00592446
0.00528097
0.00519943
0.00507808
0.00520754
0.00557685
0.00537181
0.00570202
0.00512218
0.00518560
0.00508332
0.00575638
0.00519228
0.00550246
0.00501752
0.00510144
0.00558710
0.00510812
0.00550675
0.00514293
0.00528145
0.00508809
0.00599170
0.00527978
0.00516200
0.00499225
0.00502396
0.00553823
0.00510693
0.00550151
0.00503731
0.00519919
0.00506353
0.00566149
0.00812054
0.00610900
0.00544262
0.00543618
0.00502682
0.00514984
0.00506878
0.00554347
0.00508952
0.00589490
0.00515008
0.00563335
0.00510788
0.00569034
0.00514793
0.00523520
0.00514269
0.00515652
0.00553989
0.00517535
0.00573087
0.00515676
0.00572419
0.00512004
0.00510502
0.00509763
0.00511193
0.00520754
0.00516438
0.00559282
0.00505114
0.00534344
0.00516248
0.00580430
0.00508070
0.00807977
0.00649619
0.00619793
0.00617504
0.00605011
0.00549960
0.00526285
0.00507450
0.00516510
0.00539804
0.00508261
0.00544930
0.00499821
0.00543833
0.00497389
0.00515938
0.00502682
0.00585580
0.00533652
0.00516224
0.00522852
0.00502229
0.00577569
0.00511146
0.00560546
0.00514245
0.00520396
0.00505137
0.00573611
0.00525069
0.00520015
0.00507116
0.00509763
0.00509548
0.00514913
0.00506115
0.00507402
0.00552630
0.00510454
0.00571465
0.00506043
0.00570989
0.00503182
0.00506210
0.00508618
0.00503039
0.00504208
0.00505376
0.00503397
0.00504827
0.00555849
0.00514698
0.00583291
0.00496316
0.00534415
0.00497770
0.00517488
0.00504923
0.00516510
0.00512481
0.00513363
0.00515842
0.00518346
0.00554776
0.00505996
0.00509548
0.00507498
0.00573325
0.00505733
0.00518322
0.00506902
0.00517559
0.00620008
0.00521088
0.00537038
0.00510359
0.00505114
0.00500607
0.00520849
0.00501633
0.00518751
0.00497389
0.00516510
0.00543952
0.00519109
0.00509977
0.00524402
0.00516295
0.00503325
0.00562048
0.00504875
0.00534081
0.00499701
0.00515938
0.00505137
0.00573611
0.00518537
0.00544763
0.00510073
0.00512958
0.00555587
0.00515199
0.00565791
0.00510287
0.00525451
0.00508404
0.00575185
0.00527287
0.00516868
0.00511098
0.00507712
0.00555658
0.00508738
0.00563002
0.00516009
0.00527143
0.00505280
0.00592804
0.00531816
0.00512791
0.00532722
0.00499487
0.00554895
0.00502539
0.00545597
0.00502372
0.00525951
0.00496030
0.00560045
0.00505662
0.00527668
0.00510311
0.00506043
0.00510144
0.00511384
0.00514936
0.00511932
0.00555801
0.00517249
0.00594187
0.00510144
0.00534987
0.00511742
0.00505280
0.00508547
0.00507641
0.00511956
0.00504541
0.00504255
0.00497651
0.00549603
0.00517011
0.00565577
0.00501108
0.00566626
0.00495481
0.00515819
0.00495410
0.00521970
0.00504088
0.00518346
0.00528932
0.00517893
0.00551677
0.00520015
0.00564265
0.00506568
0.00573111
0.00509691
0.00520229
0.00546861
0.00532174
0.00553751
0.00535464
0.00589204
0.00580835
0.00637197
0.00642347
0.00530410
0.00562835
0.00551677
0.00596023
0.00515914
0.00591755
0.00567985
0.00534844
0.00541544
0.00520492
0.00553679
0.00514126
0.00591230
0.00509596
0.00565386
0.00548744
0.00539112
0.00545907
0.00515771
0.00541353
0.00506091
0.00535345
0.00507879
0.00575185
0.00510359
0.00528216
0.00543809
0.00528526
0.00555611
0.00525808
0.00543189
0.00514603
0.00523257
0.00510716
0.00523424
0.00508046
0.00522041
0.00514507
0.00538898
0.00520802
0.00520611
0.00512433
0.00513577
0.00562739
0.00510621
0.00531363
0.00510192
0.00519943
0.00507236
0.00576448
0.00518370
0.00524998
0.00513625
0.00518775
0.00560451
0.00505233
0.00532222
0.00512481
0.00525188
0.00509405
0.00593352
0.00540781
0.01077318
0.00786400
0.00613141
0.00594807
0.00521469
0.00567555
0.00510335
0.00626898
0.00525475
0.00518155
0.00510573
0.00511837
0.00558639
0.00514793
0.00567389
0.00516248
0.00528669
0.00509977
0.00584149
0.00537372
0.00523973
0.00513172
0.00514054
0.00565457
0.00515985
0.00562072
0.00520182
0.00524378
0.00512624
0.00603914
0.00528598
0.00523210
0.00514531
0.00508714
0.00556636
0.00517392
0.00569725
0.00515532
0.00531244
0.00513983
0.00580692
0.00522232
0.00520754
0.00515747
0.00515771
0.00561762
0.00521374
0.00537682
0.00523329
0.00584626
0.00542068
0.00548840
0.00557137
0.00556636
0.00529957
0.00518370
0.00546288
0.00523591
0.00554800
0.00516820
0.00536609
0.00536489
0.00534987
0.00579882
0.00522161
0.00557494
0.00515246
0.00548983
0.00516129
0.00535297
0.00516987
0.00532174
0.00526357
0.00530481
0.00553513
0.00521374
0.00518513
0.00514102
0.00523949
0.00518227
0.00533271
0.00506210
0.00527000
0.00554752
0.00529695
0.00556564
0.00519133
0.00518847
0.00517082
0.00578046
0.00520730
0.00522614
0.00510192
0.00524378
0.00528932
0.00537992
0.00552297
0.00553465
0.00518274
0.00511241
0.00522113
0.00511146
0.00521135
0.00506568
0.00522637
0.00511193
0.00544691
0.00514293
0.00538850
0.00506282
0.00513697
0.00561738
0.00525928
0.00570726
0.00511360
0.00520968
0.00508714
0.00584626
0.00521445
0.00519753
0.00510097
0.00506306
0.00558090
0.00516129
0.00569797
0.00515270
0.00525355
0.00508785
0.00586367
0.00538349
0.00521469
0.00540543
0.00512886
0.00558496
0.00512648
0.00569797
0.00510168
0.00522351
0.00514078
0.00612187
0.00527859
0.00518060
0.00515866
0.00505471
0.00559616
0.00511360
0.00557041
0.00519586
0.00518203
0.00509453
0.00587106
0.00536084
0.00520444
0.00514960
0.00505233
0.00558424
0.00511551
0.00522304
0.00517607
0.00513721
0.00564194
0.00526047
0.00615573
0.00506353
0.00511622
0.00503850
0.00526690
0.00503373
0.00519776
0.00517201
0.00516272
0.00516152
0.00523686
0.00559735
0.00515223
