0.00563240
0.00530815
0.00526214
0.00549674
0.00514078
0.00580812
0.00531197
0.00521731
0.00514531
0.00510216
0.00533843
0.00561237
0.00521111
0.00535297
0.00532746
0.00521302
0.00558567
0.00502491
0.00512314
0.00570035
0.00530696
0.00536251
0.00532365
0.00527835
0.00582409
0.00527430
0.00549173
0.00522733
0.00512886
0.00525641
0.00527096
0.00528240
0.00534272
0.00541449
0.00540519
0.00589538
0.00521827
0.00516891
0.00570869
0.00517368
0.00526619
0.00528622
0.00518489
0.00626802
0.00630546
0.00535560
0.00567317
0.00543165
0.00528717
0.00583768
0.00518060
0.00539494
0.00573707
0.00546503
0.00544310
0.00535750
0.00530386
0.00538683
0.00519562
0.00527096
0.00553799
0.00540900
0.00539160
0.00565672
0.00516438
0.00513196
0.00512695
0.00519013
0.00530410
0.00520897
0.00525928
0.00600004
0.00528646
0.00556111
0.00516820
0.00520682
0.00524879
0.00515795
0.00524378
0.00578451
0.00513530
0.00582170
0.00540972
0.00505304
0.00513935
0.00630188
0.00531769
0.00527573
0.00498843
0.00531745
0.00599098
0.00532103
0.00533748
0.00539660
0.00529647
0.00571322
0.00547004
0.00525665
0.00546455
0.00521827
0.00530863
0.00582385
0.00521350
0.00522351
0.00557971
0.00528240
0.00567436
0.00541711
0.00528669
0.00615406
0.00577378
0.00594640
0.00582409
