0.00755286
0.00652981
0.00585675
0.00565624
0.00677180
0.00607657
0.00563049
0.00612640
0.00567961
0.00552368
0.00653505
0.00564790
0.00554681
0.00652313
0.00583935
0.00563979
0.00641179
0.00627780
0.00567055
0.00671101
0.00627589
0.00565362
0.00740528
0.00630569
0.00563502
0.00629330
0.00577474
0.00568581
0.00611567
0.00569034
0.00556684
0.00637293
0.00579691
0.00564933
0.00562930
0.00554943
0.00557399
0.00592804
0.00561452
0.00563741
0.00557542
0.00570321
0.00633860
0.00548148
0.00557208
0.00575376
0.00543261
0.00569677
0.00599837
0.00552583
0.00656796
0.00591993
0.00555015
0.00566483
0.00555444
0.00551963
0.00591183
0.00547481
0.00556445
0.00702667
0.00627971
0.00558972
0.00621986
0.00599408
0.00559044
0.00602031
0.00550056
0.00567627
0.00698304
0.00627470
0.00570011
0.00564003
0.00553799
0.00559759
0.00622368
0.00554132
0.00574350
0.00610828
0.00565100
0.00575566
0.00561023
0.00557470
0.00561237
0.00559282
0.00562525
0.00632405
0.00617361
0.00567913
0.00659871
0.00564027
0.00553823
0.00623274
0.00560045
0.00567198
0.00597000
0.00567675
0.00587368
0.00591016
0.00563288
0.00603843
0.00560832
0.00564122
0.00574136
0.00558853
0.00568795
0.00660276
0.00582719
0.00569463
0.00560093
0.00549293
0.00575066
0.00602198
0.00551438
0.00571156
0.00561500
0.00564337
0.00615573
0.00555134
0.00557828
0.00572968
0.00578237
0.00559688
0.00623226
0.00560808
0.00567055
0.00640702
0.00573850
0.00558710
0.00631666
0.00562501
0.00579238
0.00603557
0.00562024
0.00650620
0.00608206
0.00561166
0.00623178
0.00577331
0.00565672
0.00585318
0.00572777
0.00562906
0.00653481
0.00585508
0.00567174
0.00581121
0.00565386
0.00567627
0.00630927
0.00551248
0.00565720
0.00610209
0.00575137
0.00577450
0.00570512
0.00561762
0.00569868
0.00570440
0.00560999
0.00607586
0.00612855
0.00577521
0.00654435
0.00578833
0.00560689
0.00625372
0.00575399
0.00571322
0.00602317
0.00576711
0.00598764
0.00605059
0.00581932
0.00575686
0.00609875
0.00562334
0.00576949
0.00567937
0.00555062
0.00632071
0.00917840
0.00647378
0.00589228
0.00566006
0.00599122
0.00565171
0.00564623
0.00562096
0.00573707
0.00575280
0.00558043
0.00563598
0.00579238
0.00558352
0.00569010
0.00607610
0.00559044
0.00595760
0.00603032
0.00560188
0.00570703
0.00602150
0.00553465
0.00568295
0.00564861
0.00550508
0.00659037
0.00568056
0.00561476
0.00559711
0.00569844
0.00563717
0.00646210
0.00546622
0.00564480
0.00621200
0.00571251
0.00561357
0.00572300
0.00552249
0.00564456
0.00563359
0.00547361
0.00573301
0.00605440
0.00559282
0.00654101
0.00582290
0.00548649
0.00611591
0.00555897
0.00557566
0.00547147
0.00573277
0.00617456
0.00556612
0.00593019
0.00559688
0.00549579
0.00560713
0.00578165
0.00544310
0.00568724
0.00601411
0.00552750
0.00575614
0.00548458
0.00544906
0.00575089
0.00546694
0.00553322
0.00625157
0.00548577
0.00573921
0.00597382
0.00550008
0.00547409
0.00552773
0.00552607
0.00562024
0.00552034
0.00554967
0.00594473
0.00571394
0.00552058
0.00575900
0.00547099
0.00560021
0.00541043
0.00554800
0.00572705
0.00560045
0.00568843
0.00597286
0.00569344
0.00555873
0.00593495
0.00540781
0.00562644
0.00556564
0.00544739
0.00649118
0.00572133
0.00555730
0.00565362
0.00545359
0.00550532
0.00642300
0.00552988
0.00568151
0.00563836
0.00560927
0.00562143
0.00554562
0.00555372
0.00569224
0.00561833
0.00554299
0.00621796
0.00555468
0.00583243
0.00606680
0.00558758
0.00561547
0.00564671
0.00567532
0.00568581
0.00553846
0.00560832
0.00642204
0.00567007
0.00579357
0.00561905
0.00556278
0.00570321
0.00589514
0.00545478
0.00568867
0.00611138
0.00568223
0.00590491
0.00571585
0.00585365
0.00578928
0.00568533
0.00582290
0.00641727
0.00588965
0.00593591
0.00647044
0.00564194
0.00580668
0.00590825
0.00577188
0.00583410
0.00622725
0.00562716
0.00596166
0.00652552
0.00566125
0.00575137
0.00694180
0.00581074
0.00581789
0.00711393
0.00631142
0.00598049
0.00626826
0.00603247
0.00590324
0.00638795
0.00575638
0.00584388
0.00640607
0.00602722
0.00592351
0.00735307
0.00576401
0.00589395
0.00589442
0.00602436
0.00596476
0.00609493
0.00606894
0.00593352
0.00630736
0.00560594
0.00576091
0.00657225
0.00580192
0.00582099
0.00658321
0.00580502
0.00598717
0.00634980
0.00569630
0.00586653
0.00646210
0.00563860
0.00580001
0.00608277
0.00646472
0.00599694
0.00660300
0.00576591
0.00576544
0.00596094
0.00577569
0.01096129
0.01046181
0.00801229
0.00613427
0.00567722
0.00569940
0.00561953
0.00570464
0.00671029
0.00634670
0.00588036
0.00649405
0.00551248
0.00568652
0.00585008
0.00567198
0.00573349
0.00604320
0.00552249
0.00583768
0.00601792
0.00577164
0.00567651
0.00601125
0.00573158
0.00574994
0.00566030
0.00578904
0.00632811
0.00613499
0.00585055
0.00568128
0.00572801
0.00585604
0.00606084
0.00551796
0.00583482
0.00701809
0.00582695
0.00558496
0.00572276
0.00551748
0.00564456
0.00568676
0.00557113
0.00624943
0.00580382
0.00567436
0.00615406
0.00567961
0.00571251
0.00590634
0.00583863
0.00559568
0.00578427
0.00558305
0.00565553
0.00657558
0.00571990
0.00560522
0.00616598
0.00564218
0.00566459
0.00597382
0.00563526
0.00602198
0.00592208
0.00565076
0.00570750
0.00558043
0.00565290
0.00588918
0.00548124
0.00568986
0.00669456
0.00561523
0.00569987
0.00582337
0.00546145
0.00572515
0.00599742
0.00555062
0.00601435
0.00569153
0.00564456
0.00595927
0.00562143
0.00549650
0.00591111
0.00549173
0.00559449
0.00621486
0.00552201
0.00578737
0.00645804
0.00563717
0.00558925
0.00601411
0.00560355
0.00558257
0.00559855
0.00560308
0.00618744
0.00600672
0.00575423
0.00555992
0.00572777
0.00563622
0.00581479
0.00558114
0.00565505
0.00610828
0.00571895
0.00574064
0.00556207
0.00558972
0.00568223
0.00560474
0.00567794
0.00611877
0.00597572
0.00574231
0.00666690
0.00554180
0.00561166
0.00605059
0.00547290
0.00576687
0.00605321
0.00552440
0.00633597
0.00594091
0.00561166
0.00560427
0.00570488
0.00582600
0.00617194
0.00550008
0.00558710
0.00686717
0.00632548
0.00585270
0.00564694
0.00550699
0.00587320
0.00639796
0.00555444
0.00582767
0.00695372
0.00571227
0.00586653
0.00597835
0.00557208
0.00587606
0.00618052
0.00557280
0.00585198
0.00609779
0.00567698
0.00595069
0.00580668
0.00561118
0.00592589
0.00572133
0.00565028
0.00617385
0.00612354
0.00570536
0.00657105
0.00571084
0.00574732
0.00620961
0.00580144
0.00565624
0.00644064
0.00571823
0.00572491
0.00688648
0.00576878
0.00560451
0.00666785
0.00576925
0.00584269
0.00678873
0.00638342
0.00597000
0.00726867
0.00597334
0.00597143
0.00633287
0.00598431
0.00600553
0.00616217
0.00597763
0.00608993
0.00691843
0.00597286
0.00590324
0.00615788
0.00589395
0.00590968
0.00605679
0.00597191
0.00601864
0.00660944
0.00581241
0.00587344
0.00610113
0.00585437
0.00591588
0.00617361
0.00606799
0.00604606
0.00662565
0.00593138
0.00594211
0.00623846
0.00590539
0.00597191
0.00625873
0.00604033
0.00614476
0.00629902
0.00605512
0.00620985
0.00636911
0.00621104
0.00614953
0.00632310
0.00614548
0.00623894
0.00687456
0.00639200
0.00611663
0.00631070
0.00694060
0.00632167
0.00619197
0.00731897
0.00659633
0.00622964
0.00617576
0.00618911
0.00618005
0.00617766
0.00654960
0.00622296
0.00659227
0.00695801
0.00679159
0.00619340
0.00694203
0.00641155
0.00628710
0.00639772
0.00649524
0.00635457
0.00646973
0.00643778
0.00634766
0.00635672
0.00961614
0.00859022
0.00788283
0.00651860
0.00664353
0.00683498
0.00706816
0.00646472
0.00651932
0.00819659
0.00661469
0.00652719
0.00683880
0.00704694
0.00685239
0.00703645
0.00742769
0.00743341
0.00811338
0.00707769
0.00729108
0.00756884
0.00774479
0.00694418
0.00716138
0.00799084
0.00768685
0.00750995
0.00713134
0.00865984
0.00715852
0.00729966
0.00744295
0.00852370
0.00778008
0.00694513
0.00726819
0.00772667
0.00866342
0.00779462
0.00721979
0.00714159
0.00912929
0.00768995
0.00690651
0.00699639
0.00756812
0.00686407
0.00685000
0.00687695
0.00870800
0.00699234
0.00684118
0.00681329
0.00778937
0.00707126
0.00673985
0.00708604
0.00779510
0.00713634
0.00697970
0.00713038
0.00748491
0.00728083
0.00705600
0.00744033
0.00785041
0.00719452
0.01109862
0.00847864
0.00749922
0.00773954
0.00835586
0.00773072
0.00699091
0.00730467
0.00725603
0.00760484
0.00729752
0.00708079
0.00721645
0.00761652
0.00705934
0.00704169
0.00738215
0.00766778
0.00705314
0.00709367
0.00720239
0.00694633
0.00700378
0.00688577
0.00764680
0.00712109
0.00706363
0.00705886
0.00811195
0.00733328
0.00756216
0.00769687
0.00789046
0.00747681
0.00832558
0.00772262
0.00769019
0.00964475
0.00814462
0.00757027
0.00773978
0.00764728
0.00815678
0.00790858
0.00788069
0.00857472
0.00929570
0.00817347
0.00779867
0.00758290
0.00775337
0.00854111
0.00830746
0.00754452
0.00749707
0.00767088
0.00872350
0.00789547
0.00764775
0.00766706
0.00939870
0.00942111
0.00776434
0.00808954
0.00787282
0.00774288
0.00895834
0.00810671
0.00751138
0.00795913
0.00771451
0.00858188
0.00776076
0.00760698
0.00767303
0.00936723
0.00928235
0.00746489
0.00775886
0.00749803
0.00751066
0.00821519
0.00815129
0.00756550
0.00768757
0.00821829
0.00800419
0.00741625
0.00726223
0.00717688
0.00787044
0.00766945
0.00711131
0.00692201
0.00776982
0.00734544
0.00679088
0.00712514
0.00742102
0.00689769
0.00692964
0.00679541
0.00697112
0.00700665
0.00698256
0.00780201
0.00712276
0.00695276
0.00705838
0.00710917
0.00675988
0.00676513
0.00725222
0.00673079
0.00672889
0.00729752
0.00745893
0.00668597
0.00669003
0.00685239
0.00679064
0.00670648
0.00683951
0.00813603
0.00684834
0.00671506
0.00665927
0.00719714
0.00672793
0.00670385
0.00691986
0.00675559
0.00682712
0.00675416
0.00674844
0.00664926
0.00677633
0.00714421
0.00668263
0.00667477
0.00729322
0.00729585
0.00678754
0.00665760
0.00662184
0.00668859
0.00661230
0.00661302
0.00788879
0.00726247
0.00665736
0.00675511
0.00703192
0.00668263
0.00676847
0.00725484
0.00687146
0.00679326
0.00699902
0.00707245
0.00685763
0.00679111
0.00752020
0.00738955
0.00683880
0.00689793
0.00707698
0.00718141
0.00674891
0.00682640
0.00733399
0.00662661
0.00671625
0.00735736
0.00719738
0.00690293
0.00667119
0.00669980
0.00669670
0.00663257
0.00670719
0.00714421
0.00689912
0.00708652
0.00678372
0.00664377
0.00656009
0.00660324
0.00652432
0.00661445
0.00704312
0.00756598
0.00662351
0.00666952
0.00675249
0.00651717
0.00657511
0.00660133
0.00715256
0.00660300
0.00660396
0.00687242
0.00680494
0.00667095
0.00677752
0.00667739
0.00664449
0.00728679
0.00719738
0.00695729
0.00649357
0.00683808
0.00646687
0.00645161
0.00649786
0.00718141
0.00660944
0.00686312
0.00706863
0.00689316
0.00698042
0.00683951
0.00729227
0.00750875
0.00660062
0.00735307
0.00654268
0.00643492
0.00653958
0.00686789
0.00646043
0.00679088
0.00819016
0.00699973
0.00665474
0.00677800
0.00758791
0.00669956
0.00677109
0.00675392
0.00730109
0.00729728
0.00676727
0.00681114
0.00740647
0.00684047
0.00678039
0.00856495
0.00707912
0.00705457
0.00678039
0.00714684
0.00678873
0.00669694
0.00659537
0.00707340
0.00701761
0.00695801
0.00707817
0.00752592
0.00688338
0.00676656
0.00775957
0.00736880
0.00659728
0.00722909
0.00743127
0.00719857
0.00670552
0.00658727
0.00775075
0.00746679
0.00656295
0.00709963
0.00858068
0.00707626
0.00669432
0.00669146
0.00734210
0.00729609
0.00651741
0.00667071
0.00779843
0.00696516
0.00640392
0.00648689
0.00680375
0.00635004
0.00644946
0.00838447
0.00652361
0.00669193
0.00649929
0.00681853
0.00633287
0.00634575
0.00670338
0.00637078
0.00697088
0.00720644
0.00641227
0.00640130
0.00629330
0.00667143
0.00631809
0.00631428
0.00740457
0.00667953
0.00635004
0.00673914
0.00626302
0.00624561
0.00626493
0.00623417
0.00628257
0.00692987
0.00664926
0.00641942
0.00616097
0.00692797
0.00631642
0.00620413
0.00638056
0.00622177
0.00628710
0.00637460
0.00619507
0.00627184
0.00636768
0.00666833
0.00630212
0.00639749
0.00842476
0.00655460
0.00659776
0.00651765
0.00687575
0.00641441
0.00634503
0.00694299
0.00688195
0.00641775
0.00700092
0.00641680
0.00647664
0.00645113
0.00725460
0.00648952
0.00648212
0.00794792
0.00690866
0.00645351
0.00654244
0.00739479
0.00678444
0.00653434
0.00663424
0.00653434
0.00657248
0.00664997
0.00659776
0.00651026
0.00653505
0.00736189
0.00641012
0.00632191
0.00722194
0.00671196
0.00648427
0.00627828
0.00695658
0.00636220
0.00619054
0.00634551
0.00643921
0.00618362
0.00700569
0.00612330
0.00608134
0.00618863
0.00608063
0.00607085
0.00611997
0.00657225
0.00617385
0.00654387
0.00625038
0.00613379
0.00631976
0.00656247
0.00613570
0.00634170
0.00736761
0.00661874
0.00641060
0.00626540
0.00659990
0.00646520
0.00624156
0.00661826
0.00630498
0.00633049
0.00768256
0.00654817
0.00610518
0.00625205
0.00666404
0.00627232
0.00617218
0.00672460
0.00627351
0.00615501
0.00655675
0.00607276
0.00616622
0.00693893
0.00620937
0.00614166
0.00700903
0.00656366
0.00618553
0.00626874
0.00653863
0.00621128
0.00637197
0.00659084
0.00660181
0.00636864
