0.00252604
0.00573063
0.00581360
0.00519633
0.00552535
0.00508595
0.00554657
0.00508976
0.00584722
0.00514102
0.00558305
0.00508833
0.00534534
0.00503778
0.00515294
0.00502896
0.00525331
0.00503278
0.00513649
0.00504422
0.00574970
0.00509310
0.00565171
0.00514913
0.00508142
0.00504041
0.00517535
0.00509548
0.00520396
0.00514197
0.00529313
0.00502801
0.00578237
0.00505614
0.00517964
0.00575995
0.00505400
0.00510025
0.00554895
0.00511599
0.00508881
0.00521493
0.00516844
0.00546694
0.00535059
0.00520515
0.00520730
0.00505662
0.00533509
0.00515079
0.00542378
0.00537634
0.00514841
0.00543761
0.00513339
0.00537920
0.00525045
0.00546098
0.00510120
0.00562668
0.00517869
0.00540376
0.00507498
0.00590682
0.00507498
0.00569153
0.00513172
0.00597811
0.00514340
0.00562143
0.00505066
0.00565791
0.00511479
0.00528836
0.00525570
0.00527525
0.00524235
0.00526738
0.00553012
0.00532460
0.00523615
0.00513983
0.00553107
0.00505996
0.00609398
0.00519991
0.00546384
0.00510406
0.00556087
0.00513721
0.00580692
0.00519705
0.00540566
0.00506687
0.00505924
0.00502586
0.00515866
0.00502467
0.00557590
0.00503206
0.00512338
0.00502062
0.00562525
0.00513005
0.00566149
0.00509644
0.00510550
0.00502181
0.00512314
0.00502777
0.00521922
0.00504041
0.00527453
0.00504684
0.00570464
0.00512338
0.00568151
0.00524831
0.00529265
0.00511599
0.00522423
0.00516939
0.00514817
0.00503826
0.00513554
0.00505733
0.00569963
0.00516105
0.00522470
0.00508571
0.01121855
0.00748754
0.00688076
0.00629282
0.00633931
0.00697541
0.00586748
0.00560284
0.00502372
0.00505543
0.00502205
0.00516462
0.00503659
0.00514722
0.00502753
0.00512099
0.00501800
0.00566483
0.00508857
0.00558686
0.00529051
0.00503755
0.00501084
0.00514150
0.00499940
0.00512815
0.00499964
0.00517249
0.00515461
0.00558853
0.00510693
0.00562668
0.00508094
0.00517201
0.00512433
0.00522637
0.00512552
0.00526524
0.00512195
0.00519228
0.00498796
0.00579095
0.00505447
0.00515962
0.00504279
0.00502372
0.00510502
0.00520015
0.00499630
0.00514698
0.00505543
0.00514364
0.00530863
0.00562024
0.00520015
0.00513196
0.00530267
0.00503969
0.00510120
0.00507498
0.00506687
0.00508308
0.00509691
0.00505853
0.00537014
0.00522804
0.00511599
0.00509524
0.00502038
0.00503874
0.00511789
0.00507021
0.00506949
0.00509214
0.00508571
0.00512409
0.00520301
0.00521708
0.00509429
0.00536990
0.00504518
0.00505352
0.00508928
0.00507689
0.00506496
0.00507569
0.00506973
0.00512815
0.00520444
0.00521517
0.00539756
0.00804353
0.00665641
0.00557613
0.00536346
0.00508046
0.00505424
0.00506759
0.00515366
0.00545049
0.00528860
0.00550461
0.00510859
0.00530744
0.00506520
0.00513315
0.00509834
0.00507927
0.00507259
0.00509787
0.00507975
0.00539827
0.00529528
0.00539851
0.00510216
0.00505471
0.00503945
0.00511122
0.00507140
0.00506353
0.00508022
0.00507474
0.00509548
0.00536585
0.00527906
0.00545287
0.00839210
0.00615382
0.00560641
0.00536346
0.00509357
0.00507879
0.00507450
0.00509119
0.00529671
0.00520968
0.00517631
0.00534177
0.00504184
0.00504065
0.00506449
0.00505733
0.00505948
0.00504470
0.00505376
0.00557876
0.00521946
0.00514722
0.00541925
0.00510788
0.00501323
0.00513172
0.00508213
0.00509024
0.00506401
0.00505376
0.00505853
0.00512195
0.00518394
0.00513411
0.00540400
0.00506449
0.00530100
0.00503302
0.00505805
0.00508857
0.00509357
0.00515890
0.00511193
0.00506425
0.00560427
0.00723720
0.00554276
0.00532579
0.00510454
0.00511932
0.00519824
0.00507855
0.00518680
0.00508618
0.00518847
0.00497150
0.00557661
0.00502110
0.00552845
0.00495601
0.00500536
0.00496507
0.00506163
0.00524497
0.00524831
0.00500607
0.00509930
0.00504303
0.00582337
0.00508475
0.00574517
0.00507617
0.01083612
0.00746465
0.00647306
0.00543737
0.00534630
0.00497770
0.00564241
0.00508952
0.00555682
0.00497890
0.00499463
0.00497007
0.00510192
0.00498676
0.00506473
0.00496507
0.00507069
0.00495601
0.00566101
0.00507498
0.00554633
0.00524163
0.00499845
0.00497174
0.00508571
0.00498247
0.00505471
0.00498700
0.00506258
0.00495386
0.00595617
0.00502992
0.00550508
0.00494242
0.00499511
0.00493383
0.00504255
0.00494409
0.00517225
0.00496674
0.00503659
0.00494647
0.00603461
0.00500989
0.00560975
0.00497198
0.00548553
0.00496769
0.00510097
0.00496006
0.00504661
0.00494051
0.00520015
0.00503993
0.00558472
0.00500751
0.00550199
0.00493646
0.00496387
0.00492883
0.00504994
0.00494742
0.00503230
0.00493431
0.00503111
0.00490499
0.00576735
0.00498414
0.00546932
0.00493884
0.00492287
0.00489306
0.00563383
0.00490355
0.00499105
0.00488853
0.00499296
0.00489926
0.00554371
0.00511861
0.00552464
0.00547409
0.00507236
0.00503588
0.00514174
0.00501442
0.00511909
0.00501466
0.00513053
0.00492454
0.00571966
0.00493956
0.00578332
0.00490570
0.00544071
0.00490856
0.00509310
0.00495982
0.00508356
0.00493670
0.00507069
0.00491118
0.00552726
0.00497103
0.00543761
0.00490665
0.00496435
0.00489593
0.00500536
0.00492644
0.00501084
0.00497222
0.00509739
0.00498939
0.00556827
0.00498223
0.00542879
0.00492096
0.00490522
0.00489426
0.00502944
0.00488663
0.00498247
0.00489211
0.00499105
0.00486326
0.00552273
0.00499988
0.00549817
0.00515747
0.00489378
0.00490427
0.00497937
0.00486207
0.00506115
0.00488710
0.00497150
0.00488067
0.00572157
0.00501919
0.00562930
0.00492406
0.00532508
0.00486207
0.00498176
0.00482893
0.00503898
0.00484276
0.00500321
0.00483704
0.00596333
0.00496626
0.00517678
0.00484920
0.00481105
0.00482345
0.00541949
0.00481486
0.00529385
0.00481176
0.00582528
0.00486469
0.00555086
0.00493932
0.00568390
0.00778866
0.00622725
0.00574112
0.00508189
0.00622153
0.00784230
0.00618458
0.00633049
0.00512791
0.00499630
0.00483131
0.00533032
0.00487328
0.00593829
0.00489545
0.00492311
0.00484395
0.00553656
0.00484967
0.00581193
0.00514293
0.00553942
0.00510740
0.00547028
0.00553775
0.00568438
0.00485158
0.00515747
0.00488973
0.00517750
0.00482082
0.00549746
0.00485110
0.00539470
0.00481439
0.00546932
0.00509477
0.00511074
0.00506258
0.00540018
0.00503111
0.00511241
0.00510144
0.00506043
0.00487876
0.00491428
0.00480700
0.00482202
0.00479674
0.00488400
0.00496912
0.00490046
0.00478745
0.00490093
0.00479507
0.00560689
0.00488758
0.00542426
0.00482559
0.00491285
0.00483799
0.00501537
0.00481534
0.00532961
0.00483012
0.00530720
0.00481296
0.00553799
0.00501299
0.00512958
0.00491023
0.00504208
0.00483584
0.00541329
0.00491047
0.00529432
0.00483441
0.00532627
0.00483298
0.00561428
0.00490785
0.00512362
0.00508237
0.00482965
0.00479960
0.00531793
0.00480342
0.00525165
0.00484061
0.00529599
0.00482273
0.00570202
0.00487614
0.00531816
0.00491977
0.00488901
0.00484943
0.00530672
0.00482845
0.00531888
0.00483584
0.00530601
0.00482774
0.00554466
0.00490689
0.00542450
0.00488162
0.00499201
0.00483656
0.00535631
0.00484371
0.00533009
0.00485182
0.00531459
0.00487328
0.00556660
0.00491452
0.00538301
0.00490856
0.00502563
0.00500870
0.00549531
0.00485063
0.00526905
0.00483322
0.00530767
0.00483799
0.00573015
0.00493288
0.00561142
0.00510859
0.00482774
0.00479579
0.00530243
0.00481486
0.00527000
0.00483894
0.00531101
0.00482512
0.00571561
0.00488710
0.00538921
0.00494170
0.00485444
0.00482869
0.00534320
0.00480843
0.00801611
0.00628018
0.00546408
0.00572872
0.00493550
0.00537610
0.00487161
0.00486445
0.00485134
0.00555658
0.00486779
0.00535011
0.00486612
0.00533485
0.00484729
0.00559306
0.00491643
0.00543880
0.00490189
0.00545096
0.00482845
0.00564480
0.00485635
0.00539875
0.00483513
0.00531435
0.00481558
0.00584412
0.00504112
0.00523496
0.00486517
0.00482464
0.00478959
0.00535536
0.00482607
0.00527859
0.00481963
0.00533605
0.00481963
0.00559449
0.00489235
0.00522256
0.00555992
0.00482345
0.00482583
0.00520539
0.00481272
0.00529099
0.00483179
0.00531793
0.00498199
0.00581408
0.00491619
0.00515413
0.00480294
0.00483370
0.00478745
0.00532603
0.00482273
0.00530910
0.00482965
0.00531816
0.00480413
0.00558376
0.00490284
0.00520611
0.00484133
0.00514221
0.00483775
0.00531602
0.00487065
0.00528455
0.00482488
0.00528955
0.00481606
0.00544143
0.00492907
0.00532746
0.00478601
0.00483823
0.00758147
0.00614429
0.00539947
0.00501323
0.00491118
0.00489235
0.00494885
0.00500488
0.00496721
0.00495100
0.00480843
0.00480723
0.00485682
0.00482821
0.00476527
0.00488877
0.00477839
0.00638795
0.00493622
0.00493073
0.00486565
0.00496387
0.00484037
0.00486398
0.00486374
0.00485563
0.00479460
0.00488305
0.00476956
0.00490832
0.00475740
0.00565600
0.00480747
0.00529838
0.00478792
0.00481939
0.00478315
0.00493240
0.00479984
0.00546074
0.00480604
0.00538945
0.00485873
0.00542474
0.00483847
0.00535846
0.00503302
0.00504446
0.00501943
0.00513196
0.00502014
0.00511217
0.00494623
0.00499010
0.00480199
0.00541830
0.00480938
0.00533652
0.00542188
0.00481653
0.00474191
0.00485992
0.00473833
0.00497651
0.00475502
0.00497413
0.00478864
0.00582552
0.00495648
0.00500369
0.00490022
0.00502753
0.00522709
0.00531006
0.00483966
0.00511932
0.00488377
0.00505471
0.00487566
0.00547266
0.00495410
0.00499439
0.00478172
0.00507760
0.00477982
0.00533223
0.00479460
0.00536489
0.00487185
0.00532317
0.00480437
0.00625539
