0.00306177
0.00570416
0.00626159
0.00543952
0.00564814
0.00550652
0.00547576
0.00557685
0.00558901
0.00584960
0.00549555
0.00548482
0.00541377
0.00561380
0.00540614
0.00553775
0.00546479
0.00544810
0.00593019
0.00558591
0.00615025
0.00570941
0.00538969
0.00543833
0.00544858
0.00538898
0.00539899
0.00591040
0.00540280
0.00606728
0.00545812
0.00614452
0.00542593
0.00546813
0.00544739
0.00545979
0.00579929
0.00528073
0.00541806
0.00528502
0.00614381
0.00550628
0.00565767
0.00533009
0.00528026
0.00575233
0.00527477
0.00567603
0.00531387
0.00540328
0.00525713
0.00594234
0.00531149
0.00535583
0.00527263
0.00530219
0.00575829
0.00531077
0.00546670
0.00526214
0.00538683
0.00552225
0.00550437
0.00532389
0.00530887
0.00530910
0.00528765
0.00559497
0.00527143
0.00545740
0.00523186
0.00544691
0.00534773
0.00555944
0.00531983
0.00597143
0.00545788
0.00556946
0.00560546
0.00535488
0.00546408
0.00519037
0.00537419
0.00537705
0.00548148
0.00526309
0.00553632
0.00538850
0.00524640
0.00544357
0.00523329
0.00557017
0.00524139
0.00537944
0.00522614
0.00570726
0.00572705
0.00533652
0.00548387
0.00524163
0.00546718
0.00525403
0.00549102
0.00522423
0.00541735
0.00571680
0.00552487
0.00544214
0.00544739
0.00580668
0.00525165
0.00540996
0.00523353
0.00538564
0.00517082
0.00996113
0.01045752
0.01000428
0.01031804
0.00747275
0.00750160
0.00662827
0.00572753
0.00619173
0.00533533
0.00571799
0.00528431
0.00525141
0.00527239
0.00529861
0.00568700
0.00525236
0.00538087
0.00526786
0.00586200
0.00526547
0.00572753
0.00528812
0.00525570
0.00528383
0.00534558
0.00572252
0.00528765
0.00596452
0.00529194
0.00657177
0.00563312
0.00532961
0.00582743
0.00546336
0.00590920
0.00526166
0.00599003
0.00551891
0.00537896
0.00559831
0.00542331
0.00564218
0.00533128
0.00590062
0.00528049
0.00601006
0.00524020
0.00579953
0.00553417
0.00549293
0.00578952
0.00613785
0.00619245
0.00528622
0.01078987
0.00723028
0.00760245
0.00711727
0.00635409
0.00686002
0.00590110
0.00587940
0.00624681
0.00585341
0.00587201
0.00583553
0.00582862
0.00644636
0.00541544
0.00589180
0.00525928
0.00553393
0.00560784
0.00526953
0.00527263
0.00538683
0.00575638
0.00523496
0.00541067
0.00527763
0.00599241
0.00546598
0.00848246
0.00862646
0.00884604
0.00891972
0.00825500
0.00640130
0.00627303
0.00597501
0.00564742
0.00564456
0.00529528
0.00545096
0.00520611
0.00537801
0.00524855
0.00540709
0.00530958
0.00540662
0.00560713
0.00543427
0.00594091
0.00530910
0.00580382
0.00538349
0.00537348
0.00538731
0.00529909
0.00584602
0.00534701
0.00580788
0.00524640
0.00529289
0.00524926
0.00537944
0.00520921
0.00537801
0.00523257
0.00543904
0.00593114
0.00535631
0.00586772
0.00523496
0.00527930
0.00521278
0.00541711
0.00519395
0.00540352
0.00547051
0.00528193
0.00596666
0.00544429
0.00592017
0.00551128
0.00530148
0.00527573
0.00544405
0.00531769
0.00535965
0.00533557
0.00527406
0.00581145
0.00543261
0.00614047
0.00526786
0.00527835
0.00532341
0.00531983
0.00529909
0.00530195
0.00531411
0.00527692
0.00585938
0.00541091
0.00604343
0.00519872
0.00530267
0.00527501
0.00533080
0.00531149
0.00529313
0.00528002
0.00531960
0.00564957
0.00542688
0.00587392
0.00524664
0.00527596
0.00529575
0.00526810
0.00530529
0.00533700
0.00536656
0.00528383
0.00599408
0.00532436
0.00588298
0.00549507
0.00533462
0.00529790
0.00534034
0.00526309
0.00536418
0.00572968
0.00528574
0.00625443
0.00532126
0.00586343
0.00524855
0.00532198
0.00532126
0.00534511
0.00529981
0.00534654
0.00579524
0.00524735
0.00624061
0.00529003
0.00599432
0.00528550
0.00525832
0.00525784
0.00527740
0.00525784
0.00530314
0.00578189
0.00528383
0.00615811
0.00539136
0.00560570
0.00532317
0.00525141
0.00534487
0.00533938
0.00536752
0.00534487
0.00580382
0.00524473
0.00609350
0.00530696
0.00567651
0.00533080
0.00525212
0.00524116
0.00528932
0.00532174
0.00527549
0.00572038
0.00529242
0.00596476
0.00532627
0.00583243
0.00557566
0.00516462
0.00528979
0.00526738
0.00538683
0.00526023
0.00574183
0.00531006
0.00592589
0.00531316
0.00589514
0.00528979
0.00530958
0.00528860
0.00531220
0.00529027
0.00531936
0.00579643
0.00535083
0.00593615
0.00532556
0.00545716
0.00527811
0.00528169
0.00529456
0.00527668
0.00579476
0.00522184
0.00601125
0.00539827
0.00617623
0.00524449
0.00547361
0.00521374
0.00522566
0.00523782
0.00525236
0.00569153
0.00526619
0.00542545
0.00525808
0.00591087
0.00533509
0.00538087
0.00536060
0.00522113
0.00532222
0.00526786
0.00573158
0.00528765
0.00570011
0.00529027
0.00607681
0.00526738
0.00542688
0.00526118
0.00525093
0.00526905
0.00529003
0.00568986
0.00525475
0.00583410
0.00526643
0.00590706
0.00537491
0.00537205
0.00527263
0.00525188
0.00528741
0.00526953
0.00571775
0.00528049
0.00580430
0.00533175
0.00634074
0.00533319
0.00574970
0.00524640
0.00539160
0.00586510
0.00543761
0.00584173
0.00523639
0.00538754
0.00523853
0.00603628
0.00547171
0.01077604
0.00680280
0.00605583
0.00551295
0.00532889
0.00536680
0.00533152
0.00589705
0.00537682
0.00592375
0.00526428
0.00531697
0.00528240
0.00543141
0.00525928
0.00532937
0.00529861
0.00533628
0.00586987
0.00544953
0.00587058
0.00533891
0.00533962
0.00536013
0.00528717
0.00527072
0.00525856
0.00571775
0.00530887
0.00612235
0.00530362
0.00586295
0.00534129
0.00529361
0.00522995
0.00523925
0.00573206
0.00521064
0.00589204
0.00524497
0.00594068
0.00530648
0.00591707
0.00525284
0.00520372
0.00527310
0.00523210
0.00533128
0.00523257
0.00576353
0.00524688
0.00587559
0.00526094
0.00576854
0.00534940
0.00520968
0.00525069
0.00525665
0.00531173
0.00524712
0.00570607
0.00526023
0.00606775
0.00535583
0.00533295
0.00523591
0.00520158
0.00528836
0.00525022
0.00570607
0.00523114
0.00621891
0.00636506
0.00617194
0.00625348
0.00527883
0.00525022
0.00520205
0.00535727
0.00522542
0.00530148
0.00523591
0.00523520
0.00535440
0.00531507
0.00560403
0.00519967
0.00524521
0.00516582
0.00533366
0.00516105
0.00530720
0.00511837
0.00525546
0.00513816
0.00550771
0.00534582
0.00531983
0.00526166
0.00526834
0.00573540
0.00531292
0.00559187
0.00523520
0.00521040
0.00515151
0.00583744
0.00565577
0.00522423
0.00519705
0.00511909
0.00572109
0.00518227
0.00567007
0.00519180
0.00578141
0.00534439
0.00624847
0.00542259
0.00530791
0.00522518
0.00531292
0.00522470
0.00556087
0.00576329
0.00522661
0.00601125
0.00522470
0.00580454
0.00540781
0.00553298
0.00540328
0.00546670
0.00581813
0.00526953
0.00569868
0.00520611
0.00602174
0.00570083
0.00559473
0.00564241
0.00534940
0.00581217
0.00537062
0.00582385
0.00526905
0.00542188
0.00533485
0.00529861
0.00540924
0.00537705
0.00576711
0.00538039
0.00648427
0.00529194
0.00580549
0.00556612
0.00543094
0.00571680
0.00529337
0.00608683
0.00550985
0.00717592
0.00563478
0.00528383
0.00550866
0.00530171
0.00550890
0.00526714
0.00574708
0.00523639
0.00597310
0.00534940
0.00584245
0.00528383
0.00528383
0.00527072
0.00527453
0.00524545
0.00531530
0.00579262
0.00528717
0.00614524
0.00531673
0.00589013
0.00529861
0.00527406
0.00532150
0.00528765
0.00532341
0.00535774
0.00574207
0.00530958
0.00608802
0.00535893
0.00585699
0.00528216
0.00528693
0.00529718
0.00529766
0.00531983
0.00530601
0.00579572
0.00528193
0.00596595
0.00536036
0.00615311
0.00557423
0.00524759
0.00531769
0.00526977
0.00577021
0.00524735
0.00543165
0.00524306
0.00594568
0.00531936
0.00547814
0.00531435
0.00525546
0.00527120
0.00527382
0.00531149
0.00525808
0.00571489
0.00526857
0.00591063
0.00533223
0.00583577
0.00537562
0.00517774
0.00528312
0.00524235
0.00532961
0.00527191
0.00574231
0.00523543
0.00590897
0.00529957
0.00588632
0.00526428
0.00525475
0.00526357
0.00527215
0.00528598
0.00528884
0.00575495
0.00530243
0.00591469
0.00536704
0.00579810
0.00539541
0.00526667
0.00560784
0.00527573
0.00575829
0.00525141
0.00578022
0.00528455
0.00587940
0.00531340
0.00568271
0.00532293
0.00530362
0.00528145
0.00528383
0.00528955
0.00527596
0.00811625
0.00647545
0.00581694
0.00551009
0.00520635
0.00532532
0.00522971
0.00549650
0.00514078
0.00552917
0.00542045
0.00542140
0.00578094
0.00539732
0.00589490
0.00526690
0.00554395
0.00527740
0.00555515
0.00550056
0.00541401
0.00533652
0.00534272
0.00539255
0.00540113
0.00568938
0.00531602
0.00583053
0.00527048
0.00607610
0.00542593
0.00532818
0.00530601
0.00530982
0.00581384
0.00537825
0.00559282
0.00531125
0.00527191
0.00522113
0.00534344
0.00524473
0.00534940
0.00522876
0.00542688
0.00591683
0.00528479
0.00585055
0.00524282
0.00544024
0.00520658
0.00543737
0.00516653
0.00539660
0.00527167
0.00538301
0.00527501
0.00541377
0.00564194
0.00530314
0.00533581
0.00520921
0.00538945
0.00522900
0.00536489
0.00525212
0.00533462
0.00542641
0.00538373
0.00565362
0.00525665
0.00566530
0.00529766
0.00594449
0.00525951
0.00539994
0.00522757
0.00535321
0.00544286
0.00546336
0.00557947
0.00530148
0.00524473
0.00521183
0.00567985
0.00522590
0.00534964
0.00524855
0.00532603
0.00549722
0.00554538
0.00535083
0.00553775
0.00532031
0.00527000
0.00540757
0.00518441
0.00534415
0.00520563
0.00538969
0.00521421
0.00548148
0.00531054
0.00536752
0.00524044
0.00525355
0.00573373
0.00525665
0.00540853
0.00522852
0.00538349
0.00525355
0.00611615
0.00550938
0.00820470
0.00686955
0.00591350
0.00592470
0.00598693
0.00569749
0.00553274
0.00551796
0.00556064
0.00543785
0.00527287
0.00524950
0.00527239
0.00552821
0.00525737
0.00541186
0.00526333
0.00537944
0.00523210
0.00599027
0.00538588
0.00531673
0.00521827
0.00530362
0.00576830
0.00529122
0.00554347
0.00527334
0.00538182
0.00526547
0.00607252
0.00571895
0.01149774
0.00853777
0.00632691
0.00613046
0.00525904
0.00545502
0.00524521
0.00593591
0.00539875
0.00538945
0.00526166
0.00529933
0.00579453
0.00530744
0.00591207
0.00530171
0.00535774
0.00547385
0.00597501
0.00568509
0.00532961
0.00535011
0.00532627
0.00586939
0.00523067
0.00538445
0.00523424
0.00538492
0.00540352
0.00557947
0.00571442
0.00553608
0.00538421
0.00538373
0.00545716
0.00533581
0.00549531
0.00527406
0.00536704
0.00566888
0.00555873
0.00532508
