0.00282741
0.00568652
0.00531197
0.00500298
0.00537324
0.00502753
0.00504541
0.00503039
0.00503850
0.00506377
0.00535297
0.00578928
0.00686407
0.00512910
0.00543928
0.00496292
0.00516033
0.00504804
0.00516558
0.00497293
0.00507832
0.00497055
0.00577378
0.00502539
0.00550365
0.00517797
0.00534749
0.00527883
0.00526333
0.00526500
0.00522828
0.00520229
0.00504351
0.00521469
0.00522876
0.00520515
0.00504923
0.00499201
0.00499964
0.00511265
0.00504422
0.00510859
0.00551319
0.00522470
0.00505280
0.00541306
0.00514722
0.00554276
0.00510645
0.00530958
0.00504184
0.00554776
0.00507760
0.00555539
0.00505447
0.00554228
0.00502372
0.00568771
0.00513148
0.00557661
0.00504899
0.00504851
0.00501060
0.00511289
0.00501943
0.00511980
0.00501323
0.00511312
0.00502467
0.00567436
0.00509596
0.00559664
0.00501537
0.00507927
0.00500727
0.00514245
0.00501990
0.00517797
0.00501585
0.00520968
0.00509715
0.00570798
0.00509310
0.00558448
0.00501037
0.00533581
0.00502467
0.00516391
0.00510740
0.00522351
0.00498390
0.00560641
0.00529742
0.00580168
0.00530982
0.00517988
0.00520253
0.00510263
0.00534105
0.00514674
0.00555873
0.00516415
0.00526929
0.00514984
0.00541162
0.00521493
0.00546789
0.00516939
0.00520134
0.00512624
0.00571370
0.00513506
0.00522041
0.00506449
0.00561190
0.00507736
0.00604415
0.00555062
0.00574303
0.00543404
0.00529480
0.00520372
0.00522804
0.00530815
0.00546026
0.00568414
0.00531316
0.00561309
0.00515175
0.00550175
0.00543904
0.00572515
0.00508380
0.00595737
0.00505352
0.00570202
0.00501871
0.00582194
0.00505018
0.00613284
0.00511575
0.00547099
0.00505352
0.00528216
0.00509214
0.00513935
0.00506854
0.00513029
0.00509691
0.00506592
0.00531125
0.00520587
0.00520754
0.00507236
0.00512147
0.00502515
0.00517273
0.00507259
0.00514555
0.00505519
0.00515747
0.00506115
0.00538206
0.00518727
0.00514817
0.00509691
0.00508952
0.00502920
0.00509644
0.00507712
0.00506711
0.00508714
0.00509071
0.00506902
0.00533676
0.00520229
0.00521302
0.00518918
0.00510287
0.00504613
0.00515127
0.00541592
0.00513506
0.00831604
0.00630236
0.00572371
0.00546217
0.00520420
0.00514436
0.00505614
0.00506186
0.00511098
0.00506735
0.00506783
0.00508285
0.00505543
0.00506163
0.00520205
0.00528932
0.00510216
0.00509095
0.00503659
0.00507712
0.00511217
0.00510812
0.00509262
0.00507116
0.00534081
0.00507355
0.00561643
0.00834632
0.00580788
0.00531673
0.00502348
0.00512552
0.00509715
0.00506282
0.00505376
0.00505710
0.00504565
0.00513387
0.00523019
0.00513768
0.00835323
0.00626731
0.00573254
0.00534797
0.00507331
0.00505972
0.00505900
0.00786662
0.00670028
0.00552773
0.00581098
0.00521946
0.00513124
0.00512910
0.00503278
0.00504613
0.00510669
0.00504708
0.00794339
0.00667167
0.00555348
0.00567412
0.00503945
0.00501204
0.00510168
0.00507712
0.00498509
0.00512576
0.00503182
0.00509501
0.00514793
0.00535154
0.00508451
0.00510073
0.00510645
0.00506902
0.00518703
0.00508118
0.00515318
0.00507164
0.00516129
0.00505805
0.00524187
0.00521207
0.00524569
0.00509810
0.00536036
0.00501037
0.00516891
0.00506735
0.00512123
0.00504446
0.00513196
0.00504446
0.00524926
0.00519609
0.00541329
0.00880504
0.00585389
0.00516057
0.00511575
0.00507736
0.00507998
0.00507069
0.00508928
0.00526261
0.00520015
0.00516486
0.00517654
0.00506926
0.00504446
0.00510144
0.00506353
0.00508523
0.00509000
0.00507212
0.00804114
0.00640249
0.00513196
0.00557518
0.00500822
0.00505686
0.00501227
0.00516987
0.00500774
0.00518394
0.00504708
0.00516033
0.00504017
0.00569153
0.00507569
0.00558209
0.00540328
0.00506639
0.00508952
0.00517368
0.00503516
0.00514388
0.00504279
0.00511813
0.00540781
0.00567794
0.00541925
0.00518465
0.00504327
0.00507998
0.00508332
0.00508118
0.00511885
0.00504851
0.00505829
0.00505328
0.00512624
0.00519156
0.00512099
0.00562620
0.00500417
0.00502825
0.00505447
0.00503588
0.00504732
0.00503659
0.00503564
0.00503540
0.00512195
0.00514269
0.00532007
0.00843596
0.00624561
0.00602865
0.00542021
0.00524044
0.00515223
0.00508642
0.00517702
0.00526619
0.00520539
0.00542188
0.00509858
0.00530887
0.00503469
0.00560713
0.00511265
0.00550699
0.00507331
0.00550413
0.00523114
0.00570083
0.00524974
0.00564933
0.00530005
0.00506163
0.00505853
0.00561142
0.00546312
0.00518107
0.00500488
0.00515103
0.00500846
0.00584459
0.00506783
0.00561404
0.00504732
0.00502777
0.00502586
0.00525951
0.00501037
0.00512671
0.00518751
0.00532198
0.00536609
0.00540686
0.00564289
0.00530601
0.00526834
0.00508118
0.00508976
0.00508451
0.00508928
0.00508976
0.00509620
0.00520372
0.00517154
0.00517821
0.00543332
0.00508738
0.00532818
0.00504637
0.00558424
0.00514054
0.00553250
0.00506806
0.00553370
0.00507402
0.00567412
0.00522041
0.00523186
0.00506258
0.00505900
0.00502706
0.00576043
0.00507355
0.00555015
0.00553060
0.00516105
0.00503230
0.00579000
0.00504994
0.00557542
0.00505304
0.00512409
0.00520086
0.00510311
0.00503755
0.00513697
0.00509572
0.00507021
0.00527287
0.00515079
0.00521040
0.00514245
0.00502396
0.00500631
0.00504565
0.00503826
0.00505424
0.00503969
0.00527310
0.00506520
0.00514889
0.00518513
0.00514483
0.00506902
0.00504375
0.00501013
0.00506544
0.00506163
0.00507569
0.00504971
0.00504470
0.00502038
0.00513983
0.00516248
0.00512671
0.00832152
0.00618815
0.00569940
0.00579929
0.00507760
0.00503564
0.00503826
0.00501943
0.00510788
