0.00755715
0.00582600
0.00570202
0.00613308
0.00549316
0.00565434
0.00553060
0.00556397
0.00633168
0.00568867
0.00548768
0.00555396
0.00542140
0.00547981
0.00589156
0.00544071
0.00543523
0.00557637
0.00547481
0.00591207
0.00538826
0.00535631
0.00596380
0.00545740
0.00552511
0.00538993
0.00546312
0.00602627
0.00555229
0.01087666
0.00895119
0.00705552
0.00600600
0.00552940
0.00682521
0.00565028
0.00555444
0.00591612
0.00543690
0.00567698
0.00562191
0.00560689
0.00621104
0.00596023
0.00569820
0.00619626
0.00573158
0.00587463
0.00628614
0.00551009
0.00558519
0.00615883
0.00589967
0.00570440
0.00611615
0.00545812
0.00566864
0.00562024
0.00582814
0.00561523
0.00582576
0.00537467
0.00585127
0.00600600
0.00542426
0.00582170
0.00619531
0.00545621
0.00564766
0.00609326
0.00548220
0.00615335
0.00603700
0.00548959
0.00597954
0.00590730
0.00553441
0.00610161
0.00584960
0.00551176
0.00666451
0.00575209
0.00550413
0.00553870
0.00557470
0.00544786
0.00611782
0.00545454
0.00549126
0.00681901
0.00553346
0.00576806
0.00566196
0.00544667
0.00557804
0.00550294
0.00548029
0.00556707
0.00567365
0.00560665
0.00607824
0.00547552
0.00548816
0.00607038
0.00548005
0.00602889
0.00595927
0.00547647
0.00626564
0.00577831
0.00549364
0.00540233
0.00552034
0.00551534
0.00564265
0.00529861
0.00550842
0.00659561
0.00543118
0.00560594
0.00570989
0.00539589
0.00569558
0.00555110
0.00543571
0.00563383
0.00559282
0.00552440
0.00596762
0.00553131
0.00543761
0.00600719
0.00542021
0.00548863
0.00552583
0.00547171
0.00638533
0.00560164
0.00556445
0.00538802
0.00556350
0.00544810
0.00601912
0.00555658
0.00579429
0.00598192
0.00557137
0.00552440
0.00534177
0.00550652
0.00552726
0.00528502
0.00546122
0.00585675
0.00536418
0.00571609
0.00575328
0.00540161
0.00542665
0.00547171
0.00542259
0.00559998
0.00535727
0.00544071
0.00589275
0.00551367
0.00585794
0.00568867
0.00554132
0.00563288
0.00558424
0.00545025
0.00604820
0.00546074
0.00567007
0.00607920
0.00601149
0.00544953
0.00582600
0.00547051
0.00553012
0.00541425
0.00556755
0.00604844
0.00557446
0.00556922
0.00558066
0.00539565
0.00556445
0.00550413
0.00545287
0.00569677
0.00559258
0.00583148
0.00623536
0.00556755
0.00563097
0.00572610
0.00556374
0.00546241
0.00594783
0.00545812
0.00561309
0.00579786
0.00544953
0.00556254
0.00537777
0.00540137
0.00545740
0.00536060
0.00539804
0.00581741
0.00528121
0.00580025
0.00547814
0.00515580
0.00557089
0.00518847
0.00522876
0.00565314
0.00518084
0.00595164
0.00530314
0.00517058
0.00515389
0.00507665
0.00525308
0.00513101
0.00514579
0.00539780
0.00512338
0.00538087
0.00560236
0.00523448
0.00530434
0.00533724
0.00549197
0.00595307
0.00530362
0.00541401
0.00588870
0.00542545
0.00591183
0.00534916
0.00531077
0.00556779
0.00524259
0.00527334
0.00583625
0.00529933
0.00546908
0.00574017
0.00551581
0.00541282
0.00539422
0.00543952
0.00560236
0.00540090
0.00610542
0.00630260
0.00594974
0.00547862
0.00565100
0.00549054
0.00557089
0.00591731
0.00545883
0.00547576
0.00558305
0.00555825
0.00653481
0.00555491
0.00547600
0.00552559
0.00536442
0.00558066
0.00589871
0.00539637
0.00631022
0.00581861
0.00545287
0.00576472
0.00553274
0.00549531
0.00599504
0.00541425
0.00544667
0.00601578
0.00549626
0.00558853
0.00573015
0.00540543
0.00547338
0.00548840
0.00545835
0.00572467
0.00583506
0.00555348
0.00617027
0.00551176
0.01095772
0.00905895
0.00688815
0.00569773
0.00575423
0.00588608
0.00555634
0.00546837
0.00560760
0.00562310
0.00577879
0.00554013
0.00552440
0.00629973
0.00576019
0.00588632
0.00553370
0.00549269
0.00558829
0.00616550
0.00557518
0.00561309
0.00580978
0.00887632
0.00649023
0.00603533
0.00596619
0.00581932
0.00585508
0.00612688
0.00603890
0.00601506
0.00693679
0.00610638
0.00586390
0.00596261
0.00575352
0.00591803
0.00619054
0.00622749
0.00592017
0.00647616
0.00570107
0.00573111
0.00581956
0.00565243
0.00587201
0.00591826
0.00604415
0.00586176
0.00680447
0.00559759
0.00574136
0.00594330
0.00562477
0.00575662
0.00617957
0.00568032
0.00572848
0.00653720
0.00550127
0.00548792
0.00610971
0.00552320
0.00588107
0.00612903
0.00569415
0.00570941
0.00593209
0.00558853
0.00627661
0.00598860
0.00558710
0.00661325
0.00604773
0.00562334
0.00663424
0.00603819
0.00562072
0.00598407
0.00585341
0.00564623
0.00633025
0.00598192
0.00600433
0.00661826
0.00615287
0.00627160
0.00584793
0.00596881
0.00567341
0.00627780
0.00597835
0.00566840
0.00704694
0.00602794
0.00560164
0.00635934
0.00570917
0.00564384
0.00608468
0.00597191
0.00559235
0.00652194
0.00603676
0.00570774
0.00616336
0.00575328
0.00560498
0.00586319
0.00570583
0.00559211
0.00648236
0.00577021
0.00555539
0.00574493
0.00549650
0.00564361
0.00631571
0.00561738
0.00560117
0.00619411
0.00568604
0.00580168
0.00542879
0.00563574
0.00558400
0.00550771
0.00565362
0.00599360
0.00561929
0.00571513
0.00600243
0.00545025
0.00560236
0.00601101
0.00551891
0.00603175
0.00594950
0.00586057
0.00622082
0.00596237
0.00578880
0.00614548
0.00611305
0.00587916
0.00580168
0.00560212
0.00583529
0.00661397
0.00575972
0.00580740
0.00562429
0.00572062
0.00589132
0.00588751
0.00569773
0.00588727
0.00712371
0.00571251
0.00573134
0.00564504
0.00565600
0.00582719
0.00598717
0.00552726
0.00586891
0.00709057
0.00589132
0.00587511
0.00581574
0.00563359
0.00587034
0.00631142
0.00568128
0.00594497
0.00721145
0.00612974
0.00624967
0.00636935
0.00586963
0.00617695
0.00615907
0.00581431
0.00595760
0.00692272
0.00623393
0.00601816
0.00606227
0.00629616
0.00615573
0.00621700
0.00601792
0.00611377
0.00631809
0.00626993
0.00615764
0.00611877
0.00684571
0.00611329
0.00606942
0.00615335
0.00606441
0.00606441
0.00658607
0.00605965
0.00596118
0.00618386
0.00643229
0.00595212
0.00605845
0.00598574
0.00598049
0.00599623
0.00596452
0.00602436
0.00630713
0.00665879
0.00606894
0.00595284
0.00688577
0.00643086
0.00601125
0.00611401
0.00598764
0.00605178
0.00612569
0.00593448
0.00601029
0.00681233
0.00639844
0.00598764
0.00612593
0.00645828
0.00605273
0.00613761
0.00655961
0.00628424
0.00617576
0.00664163
0.00591898
0.00601315
0.00613117
0.00594139
0.00611901
0.00608993
0.00599623
0.00618672
0.00658584
0.00586581
0.00611091
0.00668216
0.00604463
0.00612259
0.00619984
0.00644279
0.00620055
0.00646424
0.00601792
0.00604606
0.00608301
0.00652719
0.00623250
0.00620532
0.00700927
0.00646901
0.00622296
0.00597787
0.00652051
0.00606656
0.00602531
0.00639319
0.00606370
0.00613141
0.00694466
0.00612307
0.00605249
0.00643444
0.00615549
0.00609469
0.00628448
0.00629401
0.00615597
0.00682282
0.00606179
0.00602031
0.00678778
0.00611115
0.00634956
0.00628257
0.00653338
0.00612736
0.00658464
0.00636983
0.00608015
0.00628948
0.00683570
0.00623083
0.00623131
0.00717497
0.00662827
0.00624728
0.00613666
0.00659347
0.00599837
0.00620461
0.00676084
0.00658631
0.00625706
0.00659084
0.00613546
0.00592828
0.00610495
0.00622869
0.00602984
0.00603747
0.00632739
0.00627351
0.00644183
0.00614142
0.00615525
0.00642610
0.00676322
0.00675845
0.00613832
0.00758743
0.00648046
0.00643826
0.00662446
0.00591397
0.00572920
0.00584459
0.00583744
0.00583267
0.00593519
0.00634956
0.00567365
0.00581527
0.00584912
0.00573754
0.00594401
0.00608349
0.00623870
0.00601196
0.00658751
0.00581741
0.00585771
0.00612497
0.00588799
0.00604677
0.00612354
0.00601625
0.00600648
0.00660062
0.00601292
0.00587869
0.00608087
0.00580859
0.00594783
0.00683522
0.00630975
0.00614429
0.00639009
0.00569248
0.00579572
0.00582767
0.00573444
0.00587773
0.00588131
0.00626397
0.00595593
0.00644636
0.00572729
0.00584507
0.00610518
0.00571012
0.00599742
0.00626254
0.00619173
0.00599003
0.00654268
0.00579619
0.00591707
0.00597787
0.00594735
0.00609756
0.00614715
0.00607920
0.00621843
0.00654435
0.00592732
0.00616837
0.00648236
0.00610232
0.00632334
0.00625205
0.00681973
0.00636601
0.00620246
0.00615263
0.00633097
0.00617838
0.00632977
0.01241326
0.00829148
0.00675774
0.00730276
