0.00586748
0.00564337
0.00641894
0.00517011
0.00580859
0.00585818
0.00527167
0.00557852
0.00522614
0.00584602
0.00540757
0.00528812
0.00577903
0.00527167
0.00603104
0.00588846
0.00523782
0.00591898
0.00526237
0.00565553
0.00594044
0.00527501
0.00554824
0.00520515
0.00611377
0.00529432
0.00526142
0.00546503
0.00501847
0.00576401
0.00505924
0.00563216
0.00577903
0.00514245
0.00515556
0.00515652
0.00515985
0.00527668
0.00499988
0.00496602
0.00505590
0.00503135
0.00497818
0.00554705
0.00500131
0.00574255
0.00501966
0.00547957
0.00499558
0.00502849
0.00541854
0.00508904
0.00509953
0.00497770
0.00510192
0.00514007
0.00511503
0.00507760
0.00504827
0.00514650
0.00508332
0.00520897
0.00501108
0.00527382
0.00509238
0.00515437
0.00525188
0.00526786
0.00572729
0.00513601
0.00509095
0.00515056
0.00517964
0.00515652
0.00513363
0.00557733
0.00508404
0.00573206
0.00515819
0.00524092
0.00504375
0.00509429
0.00564361
0.00513005
0.00515437
0.00517559
0.00564528
0.00529695
0.00526953
0.00561142
0.00521231
0.00516748
0.00508189
0.00522089
0.00511241
0.00513983
0.00559592
0.00516057
0.00572753
0.00523639
0.00549793
0.00513434
0.00511408
0.00628567
0.00534630
0.00545216
0.00540471
0.00528073
0.00600767
0.00535154
0.00573874
0.00526023
0.00520563
0.00575280
0.00529838
0.00527048
0.00508595
0.00520396
0.00519013
0.00525570
0.00560546
0.00514817
0.00512528
0.00518084
0.00522161
0.00519776
0.00517750
0.00560069
0.00523782
0.00608301
0.00527287
0.00522065
0.00511408
0.00512362
0.00542092
0.00512648
0.00524020
0.00525856
0.00520062
0.00584269
0.00521302
0.00529861
0.00513196
0.00516582
0.00518489
0.00519085
0.00513482
0.00519514
0.00533724
0.00517964
0.00583100
0.00553775
0.00518417
0.00518370
0.00513649
0.00531006
0.00510979
0.00534415
0.00520873
0.00526237
0.00571966
0.00530839
0.00535560
0.00518465
0.00520468
0.00529265
0.00517750
0.00569892
0.00513101
0.00528908
0.00514269
0.00544190
0.00555515
0.00529146
0.00521326
0.00521684
0.00520015
0.00515223
0.00526166
0.00523114
0.00517797
0.00583816
0.00525737
0.00575805
0.00515795
0.00522041
0.00517344
0.00526643
0.00564766
0.00521183
0.00528026
0.00572205
0.00540853
0.00568581
0.00582838
0.00537753
0.00554395
0.00528383
0.00565004
0.00527811
0.00572491
0.00523591
0.00536871
0.00536180
0.00517058
0.00524044
0.00522423
0.00534415
0.00514650
0.00536275
0.00518823
0.00527239
0.00567842
0.00536132
0.00574493
0.00522184
0.00515175
0.00524521
0.00518966
0.00588846
0.00515580
0.00540757
0.00537610
0.00543022
0.00553536
0.00529218
0.00520635
0.00524092
0.00528741
0.00536752
0.00524473
0.00571585
0.00524330
0.00589776
0.00532389
0.00534844
0.00517297
0.00531912
0.00545835
0.00521445
0.00531578
0.00528145
0.00525570
0.00538111
0.00527263
0.00557065
0.00515270
0.00529981
0.00534487
0.00526619
0.00520325
0.00533891
0.00534320
0.00533390
0.00592661
0.00544548
0.00527167
0.00536966
0.00518799
0.00561476
0.00521636
0.00538683
0.00518823
0.00523591
0.00628543
0.00536442
0.00529170
0.00550056
0.00520492
0.00582957
0.00519609
0.00537086
0.00514579
0.00534010
0.00535893
0.00538564
0.00523424
0.00537133
0.00530648
0.00548577
0.00527024
0.00571465
0.00522161
0.00552368
0.00526643
0.00608087
0.00522900
0.00552511
0.00616741
0.00535250
0.00525069
0.00530243
0.00523949
0.00531387
0.00520396
0.00608420
0.00523019
0.00594544
0.00562692
0.00532413
0.00552750
0.00520468
0.00527668
0.00520205
0.00525260
0.00583982
0.00529099
0.00538707
0.00511169
0.00538063
0.00528049
0.00534010
0.00571370
0.00530052
0.00524592
0.00517178
0.00547624
0.00557971
0.00512028
0.00587344
0.00514078
0.00538158
0.00530314
0.00531602
0.00563121
0.00530457
0.00591660
0.00533843
0.00521684
0.00533986
0.00516868
0.00577283
0.00516844
0.00534630
0.00515056
0.00536966
0.00587344
0.00532436
0.00573969
0.00550961
0.00597596
0.00572586
0.00521922
0.00537252
0.00512218
0.00539494
0.00524187
0.00532079
0.00525856
0.00530457
0.00532150
0.00528955
0.00527525
0.00527358
0.00525713
0.00569415
0.00515938
0.00592113
0.00540423
0.00534654
0.00551105
0.00530052
