0.00318050
0.00521231
0.00628161
0.00502706
0.00672770
0.00524187
0.00485945
0.00564146
0.00504255
0.00528264
0.00485778
0.00584555
0.00489783
0.00554633
0.00547123
0.00510907
0.00494981
0.00488210
0.00525093
0.00498247
0.00540137
0.00506878
0.00517750
0.00505996
0.00568223
0.00499249
0.00598359
0.00521207
0.00514603
0.00503063
0.00505185
0.00551462
0.00510979
0.00560403
0.00517082
0.00576544
0.00490260
0.00617957
0.00499177
0.00520134
0.00499249
0.00498652
0.00488901
0.00519228
0.00543118
0.00497651
0.00557184
0.00496554
0.00567412
0.00501704
0.00545001
0.00493693
0.00513291
0.00503135
0.00500989
0.00500679
0.00495911
0.00496292
0.00491858
0.00544715
0.00499129
0.00496149
0.00484467
0.00546122
0.00490141
0.00509262
0.00484157
0.00508952
0.00500035
0.00513601
0.00516939
0.00541162
0.00494361
0.00505161
