0.00284266
0.00891089
0.00654745
0.00610757
0.00553751
0.00491667
0.00508356
0.00481987
0.00490594
0.00487041
0.00518775
0.00486088
0.00533581
0.00500488
0.00506401
0.00488710
0.00515985
0.00475693
0.00558329
0.00484490
0.00548077
0.00499701
0.00563455
0.00484228
0.00532961
0.00476480
0.00594831
0.00484300
0.00478792
0.00475001
0.00562096
0.00483966
0.00534177
0.00492835
0.00499654
0.00480223
0.00549746
0.00485611
0.00545812
0.00520611
0.00567532
0.00479960
0.00534344
0.00478029
0.00535464
0.00477529
0.00533938
0.00481725
0.00499558
0.00490856
0.00548744
0.00479412
0.00522614
0.00473595
0.00489378
0.00475526
0.00484204
0.00472140
0.00483394
0.00472593
0.00498843
0.00489521
0.00560570
0.00510049
0.00552869
0.00503349
0.00562620
0.00494933
0.00488520
0.00473714
0.00485325
0.00477982
0.00492644
0.00484633
0.00556231
0.00476742
0.00521088
0.00474715
0.00487375
0.00473332
0.00484824
0.00472212
0.00483322
0.00473905
0.00546598
0.00481081
0.00546265
0.00493407
0.00489497
0.00507784
0.00488520
0.00474477
0.00487852
0.00481749
0.00498796
0.00504637
0.00487423
0.00475597
0.00548649
0.00484061
0.00481057
0.00501657
0.00537610
0.00476956
0.00488949
0.00473666
0.00523090
0.00476217
0.00528049
0.00476694
0.00535274
0.00484467
0.00479102
0.00475216
0.00528812
0.00483441
0.00531626
0.00478220
0.00527501
0.00476408
0.00527525
0.00474954
0.00546622
0.00484347
0.00481129
0.00474095
0.00547910
0.00486016
0.00531125
0.00479054
0.00497866
0.00474715
0.00508595
0.00475335
0.00559402
0.00484467
0.00481939
0.00473452
0.00547004
0.00482345
0.00514102
0.00527430
0.00814295
0.00590420
0.00538993
0.00568461
0.00488567
0.00481415
0.00477028
0.00516534
0.00477386
0.00524759
0.00479126
0.00530767
0.00479460
0.00524712
0.00479770
0.00541639
0.00487089
0.00481844
0.00505090
0.00516582
0.00483179
0.00525784
0.00482035
0.00529003
0.00487971
0.00532794
0.00480890
0.00546312
0.00487375
0.00480628
0.00476456
0.00512362
0.00480866
0.00524902
0.00480700
0.00543165
0.00485730
0.00530767
0.00481248
0.00538158
0.00764728
0.00595927
0.00566816
0.00503254
0.00485826
0.00483894
0.00483251
0.00485992
0.00484443
0.00483131
0.00506592
0.00493503
0.00484490
0.00482345
0.00492811
0.00761104
0.00611401
0.00531435
0.00509071
0.00478387
0.00489640
0.00494599
0.00540590
0.00485516
0.00489593
0.00482678
0.00498462
0.00477529
0.00493479
0.00476813
0.00528407
0.00481081
0.00498438
0.00478005
0.00556564
0.00483990
0.00481153
0.00503707
0.00537634
0.00480080
0.00498796
0.00478840
0.00529814
0.00480700
0.00528789
0.00479007
0.00573730
0.00484276
0.00481796
0.00477433
0.00531507
0.00483465
0.00502467
0.00478244
0.00529504
0.00482893
0.00532126
0.00480580
0.00575805
0.00497174
0.00487661
0.00478983
0.00535965
0.00479794
0.00574923
0.00722313
0.00584793
0.00542116
0.00502920
0.00544953
0.00491095
0.00511599
0.00479484
0.00516033
0.00486398
0.00530648
0.00485897
0.00487947
0.00487995
0.00489068
0.00488043
0.00493646
0.00499725
0.00489426
0.00488973
0.00498962
0.00789142
0.00606418
0.00546765
0.00519490
0.00488663
0.00509834
0.00487399
0.00546718
0.00490212
0.00537109
0.00496507
0.00524807
0.00499320
0.00513315
0.00496507
