0.00281501
0.00517678
0.00555491
0.00488949
0.00548601
0.00510859
0.00489044
0.00502062
0.00491023
0.00525737
0.00480771
0.00471425
0.00479031
0.00508070
0.00535274
0.00476837
0.00517058
0.00478864
0.00483584
0.00470519
0.00480866
0.00472069
0.00481296
0.00470853
0.00480294
0.00470781
0.00535417
0.00485373
0.00525284
0.00469589
0.00488567
0.00487757
0.00496912
0.00485754
0.00493765
0.00470209
0.00479889
0.00470567
0.00579286
0.00478673
0.00474644
0.00470233
0.00561404
0.00474429
0.00482917
0.00468755
0.00633883
0.00470591
0.00515079
0.00472116
0.00597501
0.00480819
0.00519824
0.00469875
0.00533962
0.00473452
0.00563145
0.00477552
0.00528550
0.00476217
0.00543928
0.00480890
0.00569439
0.00502801
0.00542378
0.00505853
0.00524449
0.00515985
0.00507140
0.00504255
0.00502443
0.00529075
0.00498843
0.00508118
0.00517678
0.00527000
0.00487852
0.00496244
0.00486350
0.00481987
0.00478148
0.00483346
0.00484490
0.00496125
0.00486112
0.00511670
0.00489902
0.00479603
0.00519562
0.00485992
0.00749993
0.00597858
0.00525975
0.00501037
0.00474572
0.00484824
0.00476503
0.00536966
0.00482225
0.00481558
0.00476623
0.00493884
0.00472689
0.00526166
0.00473976
0.00495768
0.00471902
0.00497222
0.00469518
0.00579786
0.00479245
0.00473833
0.00469089
0.00731325
0.00591779
0.00534320
0.00543451
0.00477505
0.00526333
0.00489116
0.00528002
0.00761271
0.00597811
0.00538802
0.00498009
0.00480795
0.00477767
0.00478959
0.00477004
0.00477910
0.00478816
0.00513983
0.00489974
0.00475216
0.00518250
0.00485325
0.00483656
0.00472689
0.00483751
0.00476789
0.00488353
0.00478053
0.00492644
0.00489783
0.00583720
0.00484324
0.00529814
0.00480604
0.00526166
0.00486946
0.00862312
0.00645018
0.00554371
0.00508428
0.00495672
0.00487351
0.00476646
0.00474453
0.00483966
0.00483942
0.00485778
0.00481296
0.00476456
0.00499988
0.00486732
0.00486803
0.00483465
0.00558090
0.00519323
0.00515628
0.00549555
0.00503755
0.00478435
0.00479603
0.00479269
0.00477409
0.00479460
0.00479794
0.00501704
0.00530076
0.00478649
0.00517654
0.00481033
0.00481009
0.00473189
0.00482893
0.00472045
0.00483084
0.00473619
0.00482130
0.00472355
0.00577712
0.00480103
0.00523043
0.00475788
0.00528049
0.00474644
0.00486445
0.00472808
0.00483418
0.00473404
0.00482178
0.00474024
0.00537515
0.00482345
0.00477982
0.00471163
0.00516534
0.00477600
0.00533915
0.00481844
0.00529289
0.00476170
0.00526857
0.00474811
0.00532389
0.00485563
0.00477862
0.00472879
0.00518942
0.00478125
0.00524068
0.00478530
0.00528812
0.00477695
0.00522184
0.00478268
0.00534296
0.00483966
0.00506854
0.00476527
0.00507593
0.00478601
0.00525475
0.00480151
0.00523567
0.00486660
0.00529480
0.00479436
0.00530219
0.00767803
0.00644469
0.00541997
0.00506186
0.00481701
0.00480866
0.00480390
0.00480056
0.00482559
0.00480461
0.00488567
0.00493312
0.00480676
0.00482082
0.00490642
0.00771594
0.00637245
0.00534987
0.00506401
0.00484109
0.00496674
0.00490022
0.00563097
0.00481844
0.00523639
0.00479078
0.00503421
0.00483537
0.00493598
0.00483012
0.00492311
0.00481057
0.00493240
0.00482583
0.00543976
0.00489759
0.00492907
0.00490475
0.00503159
0.00487661
0.00512528
0.00502658
0.00513101
0.00525880
0.00509071
0.00498939
0.00558066
0.00507689
0.00549030
0.00532222
0.00554681
0.00555015
0.00516224
0.00508928
0.00509691
0.00508142
0.00506663
0.00578594
0.00510597
0.00488448
0.00510693
0.00493932
0.00489473
0.00487280
0.00486207
0.00487041
0.00486493
0.00486445
0.00486040
0.00512528
0.00497055
0.00484109
0.00496316
0.00489450
0.00784802
0.00632071
0.00543165
0.00514054
0.00486183
0.00495386
0.00479865
0.00560951
0.00485682
0.00529575
0.00479341
0.00495338
0.00481081
0.00492406
0.00480676
0.00491691
0.00479841
0.00490260
0.00480461
0.00543952
0.00492764
0.00485945
0.00484800
0.00532675
0.00499034
0.00524783
0.00523210
0.00506854
0.00495911
0.00503659
0.00494099
0.00555921
0.00506473
0.00538349
0.00485897
0.00499010
0.00485682
0.00495481
0.00485373
0.00495338
0.00484848
0.00552845
0.00645709
0.00569987
0.00490808
0.00488019
0.00523329
0.00495195
0.00492716
0.00491238
0.00492144
0.00492263
0.00493670
0.00492096
0.00507855
0.00501156
0.00491500
0.00490427
0.00532722
0.00501800
0.00500202
0.00493503
0.00495911
0.00494623
0.00497460
0.00494456
0.00528097
0.00507045
0.00495744
0.00492239
0.00561881
0.00551391
0.00503016
0.00498343
0.00497389
0.00498605
0.00500083
0.00497603
0.00509548
0.00508285
0.00503302
0.00505400
0.00504971
0.00506425
0.00499940
0.00498629
0.00502086
0.00499940
0.00503087
0.00500989
0.00557685
0.00514650
0.00529456
0.00523090
0.00528431
0.00500369
0.00500560
0.00502276
0.00499916
0.00498319
0.00499368
0.00497842
0.00512218
0.00519419
0.00534368
0.00496817
0.00526094
0.00500703
0.00500774
0.00499845
0.00541639
0.00498533
0.00552130
0.00504971
0.00553942
0.00504804
0.00522137
0.00494695
0.00621891
0.00513387
0.00512171
0.00493360
0.00502563
0.00493670
0.00507641
0.00494266
0.00557995
0.00502825
0.00497794
0.00498199
0.00512433
0.00497699
0.00505638
0.00493670
0.00502086
0.00490379
0.00511909
0.00501370
0.00558162
0.00499582
0.00497127
0.00498509
0.00570583
0.00501895
0.00573301
0.00503969
