0.00351620
0.00540257
0.00538254
0.00500035
0.00546861
0.00481367
0.00554037
0.00486946
0.00518847
0.00504732
0.00521016
0.00482488
0.00514531
0.00497794
0.00533700
0.00486517
0.00534153
0.00480437
0.00531721
0.00480080
0.00563192
0.00486636
0.00480366
0.00504851
0.00518370
0.00481725
0.00531960
0.00485992
0.00528359
0.00481915
0.00528479
0.00479102
0.00539470
0.00489736
0.00511408
0.00477219
0.00513601
0.00529814
0.00536156
0.00490189
0.00542688
0.00481796
0.00532365
0.00481415
0.00546050
0.00487542
0.00480342
0.00479341
0.00522137
0.00483513
0.00531459
0.00482917
0.00531340
0.00487423
0.00527477
0.00484180
0.00542593
0.00779271
0.00604892
0.00568008
0.00506639
0.00486135
0.00489140
0.00488544
0.00489783
0.00492883
0.00489950
0.00513005
0.00502968
0.00487447
0.00488782
0.00497055
0.00802660
0.00635171
0.00549316
0.00520372
0.00488520
0.00498557
0.00487351
0.00579071
0.00489259
0.00538373
0.00484395
0.00502276
0.00486970
0.00557184
0.00487590
0.00547099
0.00486755
0.00500536
0.00492120
0.00554943
0.00494719
0.00532603
0.00483084
0.00527239
0.00484848
0.00499821
0.00488091
0.00494695
0.00485563
0.00499558
0.00484705
0.00564742
0.00495505
0.00485015
0.00478697
0.00560760
0.00490928
0.00494051
0.00481534
0.00515842
0.00477934
0.00526261
0.00481176
0.00560308
0.00485945
0.00513434
0.00478649
0.00513864
0.00483775
0.00526214
0.00486183
0.00529313
0.00493407
0.00528336
0.00483823
0.00536871
0.00491142
0.00512147
0.00507331
0.00514984
0.00482941
0.00527096
0.00501037
0.00532055
0.00516200
0.00533962
0.00482535
0.00538015
0.00773978
0.00655794
0.00540996
0.00503278
0.00485826
0.00481319
0.00746703
0.00592780
0.00544548
0.00498009
0.00582337
0.00480938
0.00553441
0.00477886
0.00534368
0.00477052
0.00492811
0.00478745
0.00489593
0.00478268
0.00496531
0.00476813
0.00565696
0.00481844
0.00487304
0.00473332
0.00532365
0.00764322
0.00609446
0.00548649
0.00504279
0.00524282
0.00479889
0.00544262
0.00770688
0.00541806
0.00484300
0.00484443
0.00476027
0.00484252
0.00479412
0.00533962
0.00480938
0.00493073
0.00477481
0.00537038
0.00488973
0.00491047
0.00483727
0.00501299
0.00487351
0.00529838
0.00476432
0.00511432
0.00476003
0.00527573
0.00472999
0.00581765
0.00480342
0.00477743
0.00470996
0.00531483
0.00479364
0.00539064
0.00484562
0.00527596
0.00480056
0.00519538
0.00479603
0.00541282
0.00487781
0.00508237
0.00475168
0.00513458
0.00480056
0.00498939
0.00498724
0.00491667
0.00482011
0.00480938
0.00480342
0.00487971
0.00491738
0.00497985
0.00474858
0.00488901
0.00753498
0.00648022
0.00530434
0.00560760
0.00493026
0.00555563
0.00491452
0.00555062
0.00502419
0.00543737
0.00507188
0.00969505
0.00794125
0.00605416
0.00533509
0.00515652
0.00477624
0.00537801
0.00480294
0.00484991
0.00473356
0.00488234
0.00475955
0.00524044
0.00475860
0.00527644
0.00477171
0.00525427
0.00474191
0.00542665
0.00483656
0.00506616
0.00471830
0.00538683
0.00479794
0.00527024
0.00479674
0.00547194
0.00486803
0.00523281
0.00478840
0.00535655
0.00487685
0.00507736
0.00475192
0.00507808
0.00479817
0.00484109
0.00480366
0.00479102
0.00524187
0.00480819
0.00479698
0.00490737
0.00503111
0.00477242
0.00476289
0.00496197
0.00487518
0.00489187
0.00493526
0.00479507
0.00489116
0.00475812
0.00484610
0.00473976
0.00554919
0.00479221
0.00530457
0.00480938
0.00495315
0.00497651
0.00525165
0.00515532
0.00527573
0.00518060
0.00525880
0.00524426
0.00548434
0.00479078
0.00478029
0.00481343
0.00483131
0.00495243
0.00488353
0.00476360
0.00486612
0.00497603
0.00501466
0.00483322
0.00565052
0.00483179
0.00524592
0.00479460
0.00489736
0.00477600
0.00490975
0.00478983
0.00486517
0.00484490
