0.00143600
0.00540781
0.00553608
0.00517201
0.00534892
0.00510144
0.00511384
0.00510478
0.00509739
0.00512981
0.00899506
0.00661850
0.00577569
0.00519180
0.00552821
0.00488472
0.00486636
0.00480843
0.00532675
0.00486469
0.00490975
0.00486994
0.00489998
0.00488019
0.00512886
0.00492740
0.00482225
0.00554228
0.00485206
0.00495291
0.00487924
0.00506783
0.00483632
0.00534225
0.00485420
0.00486231
0.00487065
0.00488567
0.00486803
0.00508523
0.00546455
0.00481153
0.00489330
0.00482655
0.00493312
0.00489426
0.00542116
0.00490499
0.00537562
0.00493884
0.00540709
0.00497127
0.00549674
0.00498486
0.00521302
0.00485969
0.00499010
0.00497222
0.00495815
0.00495648
0.00480223
0.00497460
0.00495076
0.00490689
0.00478673
0.00533199
0.00490284
0.00481963
0.00497890
0.00519657
0.00482059
0.00487256
0.00485873
0.00483537
0.00485611
0.00475717
0.00499821
0.00477004
0.00556016
0.00492358
0.00484753
0.00504851
0.00544214
0.00480199
0.00526047
0.00499344
0.00553679
0.00506544
0.00534678
0.00488377
0.00542402
0.00518918
0.00520253
0.00482440
0.00487614
0.00484943
0.00475383
0.00489640
0.00479627
0.00487804
0.00478339
0.00527692
0.00480700
0.00542784
0.01002693
0.00816274
0.00516891
0.00493145
0.00484943
0.00483727
0.00486255
0.00484324
0.00478983
0.00500417
0.00483060
0.00569725
0.00485110
0.00501943
0.00484991
0.00515103
0.00480342
0.00526881
0.00488877
0.00524783
0.00485730
0.00493240
0.00484443
0.00517988
0.00498390
0.00486207
0.00525713
0.00479364
0.00493336
0.00479674
0.00499749
0.00481343
0.00533080
0.00494480
0.00536227
0.00489020
0.00493789
0.00493217
0.00489140
0.00485349
0.00485945
0.00486660
0.00479126
0.00490355
0.00480485
0.00516915
0.00479126
0.00535131
0.00482845
0.01067805
0.00942445
0.00661063
0.00641084
0.00532866
0.00506711
0.00498104
0.00495505
0.00489759
0.00493550
0.00478053
0.00536394
0.00489378
0.00546408
0.00482893
0.00523162
0.00481725
0.00579858
0.00490952
0.00510907
0.00484228
0.00489450
0.00490451
0.00542974
0.00538135
0.00491905
0.00480247
0.00492835
0.00557971
0.00522494
0.00537586
0.00507045
0.00552320
0.00493002
0.00552130
0.00503922
0.00575519
0.00492167
0.00503397
0.00489950
0.00543904
0.00485468
0.00585961
0.01044178
0.00979280
0.00769567
0.00749707
0.00745344
0.00677752
0.00497293
0.00556087
0.00511670
0.00579834
0.01012421
0.00772619
0.00656700
0.00643969
0.00698113
0.00641274
0.00630903
0.00632095
0.00595260
0.00547028
0.00511003
0.00492024
0.00512004
0.00496721
0.00483346
0.00564456
0.00485778
0.00495362
0.00486684
0.00526595
0.00483060
0.00532150
0.00487924
0.00529408
0.00504875
0.00535703
0.00488138
0.00516605
0.00497484
0.00516295
0.00505567
0.00516415
0.00791311
0.00695133
0.00566244
0.00517488
0.00490022
0.00502205
0.00484490
0.00545001
0.00495768
0.00513196
0.00486469
0.00503540
0.00497627
0.00503254
0.00529647
0.00495744
0.00487733
0.00481224
0.00487685
0.00478983
0.00549293
0.00486445
0.00481153
0.00505686
0.00512028
0.00489807
0.00484490
0.00483632
0.00493479
0.00494266
0.00475669
0.00486803
0.00478482
0.00540781
0.00485730
0.00515389
0.00478315
0.00511861
0.00487256
0.00484252
0.00483370
0.00495148
0.00487328
0.00477529
0.00487947
0.00478911
0.00538301
0.00483871
0.00515962
0.00478721
0.00522494
0.00482917
0.00486827
0.00484228
0.00490427
0.00497293
0.00484347
0.00488377
0.00477743
0.00537610
0.00485659
0.00482154
0.00477529
0.00527668
0.00480533
0.00485182
0.00486255
0.00483751
0.00534344
0.00509691
0.00492072
0.00480604
0.00536537
0.00489426
0.00483513
0.00479078
0.00513268
0.00483036
0.00526428
0.00481486
0.00484395
0.00481296
0.00482464
0.00494313
0.00485754
0.00543332
0.00491428
0.00482893
0.00494075
0.00539279
0.00507998
0.00550652
0.00504327
0.00553846
0.00507069
0.00507259
0.00492215
0.00498652
0.00526977
0.00504160
0.00504994
0.00506830
0.00483441
0.00502348
0.00508809
0.00500488
0.00506115
0.00478625
0.00528216
0.00481892
0.00564671
0.00487947
0.00519443
0.00480127
0.00531697
0.00483513
0.00494456
0.00538540
0.00488949
0.00508952
0.00514221
0.00494432
0.00480318
0.00559425
0.00485015
0.00492787
0.00478315
0.00534797
0.00480509
0.00533295
0.00485945
0.00550628
0.00502038
0.00560355
0.00488973
0.00549531
0.00507975
0.00524926
0.00484085
0.00486207
0.00485396
0.00479102
0.00489378
0.00479412
0.00488400
0.00479555
0.00533628
0.00483775
0.00549674
0.00791121
0.00667048
0.00552464
0.00522590
0.00489378
0.00489521
0.00480628
0.00492620
0.00481415
0.00532317
0.00485110
0.00541615
0.00492454
0.00513673
0.00486636
0.00498748
0.00487614
0.00512576
0.00489783
0.00487208
0.00540209
0.00482607
0.00490952
0.00479603
0.00570512
0.00490928
0.00480270
0.00480509
0.00528741
0.00484395
0.00493121
0.00497818
0.00492835
0.00485373
0.00476956
0.00489688
0.00477982
0.00546646
0.00487232
0.00505686
0.00479889
0.00514364
0.00487185
0.00485134
0.00482059
0.00493026
0.00497270
0.00771761
0.00614953
0.00601077
0.00513101
0.00520658
0.00507879
0.00516963
0.00486350
0.00490999
0.00494194
0.00488925
0.00514126
0.00482082
0.00492287
0.00481057
0.00542045
0.00487638
0.00518394
0.00488997
0.00523067
0.00494027
0.00538802
0.00494027
0.00494576
0.00498891
0.00487256
0.00532007
0.00483584
0.00570130
0.00486279
0.00534654
0.00479937
0.00505948
0.00486946
0.00540781
0.00488353
0.00546145
0.00494504
0.00535202
0.00491166
0.00493956
0.00493789
0.00512218
0.00503922
0.00513768
0.00504470
0.00486946
0.00783944
0.00618148
0.00547981
0.00553608
0.00495696
0.00548697
0.00498414
0.00511551
0.00486135
0.00489807
0.00489569
0.00485396
0.00487351
0.00477958
0.00489402
0.00480294
0.00531483
0.00481391
0.00543857
