0.00662303
0.00536895
0.00518012
0.00605011
0.00521016
0.00517607
0.00581622
0.00526881
0.00519228
0.00550270
0.00510144
0.00519180
0.00525284
0.00504136
0.00514817
0.00614381
0.00518537
0.00509048
0.00609016
0.00505781
0.00517344
0.00564027
0.00510573
0.00520992
0.00572014
0.00521040
0.00514412
0.00545669
0.00513673
0.00515270
0.00512481
0.00510073
0.00521922
0.00537467
0.00517654
0.00510955
0.00526476
0.00514507
0.00517249
0.00507641
0.00523424
0.00558162
0.00515532
0.00535941
0.00548434
0.00516176
0.00553870
0.00515532
0.00514126
0.00522470
0.00514865
0.00531292
0.00638819
0.00576878
0.00533628
0.00533152
0.00537491
0.00533700
0.00535059
0.00532913
0.00527048
0.00578260
0.00513554
0.00508189
0.00553250
0.00532842
0.00532317
0.00594211
0.00532365
0.00535178
0.00603008
0.00540519
0.00536704
0.00619793
0.00556087
0.00569463
0.00608468
0.00544095
0.00598717
0.00634980
0.00542402
0.00531554
0.00600529
0.00542521
0.00535893
0.00595617
0.00546741
0.00536871
0.00621986
0.00549293
0.00538349
0.00594521
0.00548124
0.00540519
0.00589585
0.00576282
0.00547767
0.00604963
0.00581837
0.00541949
0.00542331
0.00551176
0.00568199
0.00541663
0.00553608
0.00612330
0.00542808
0.00577879
0.00590992
0.00541401
0.00587893
0.00575328
0.00534248
0.00571680
0.00597882
0.00542784
0.00567961
0.00594997
0.00530386
0.00548768
0.00585485
0.00528479
0.00546718
0.00608969
0.00536227
0.00531387
0.00588155
0.00529146
0.00539970
0.00588584
0.00549793
0.00544524
0.00597429
0.00540423
0.00528884
0.00616693
0.00528979
0.00538278
0.00550437
0.00527453
0.00538731
0.00660610
0.00537968
0.00543594
0.00543404
0.00525212
0.00545239
0.00577927
0.00522304
0.00547051
0.00631714
0.00532913
0.00540853
0.00549889
0.00526285
0.00533462
0.00581574
0.00517416
0.00536036
0.00563502
0.00527978
0.00553703
0.00596881
0.00524592
0.00525975
0.00589371
0.00515652
0.00531912
0.00627971
0.00523615
0.00519323
0.00537968
0.00515270
0.00523973
0.00605845
0.00516105
0.00527954
0.00556374
0.00522852
0.00523305
0.00560832
0.00517225
0.00535154
0.00559855
0.00515008
0.00527501
0.00574684
0.00521612
0.00556612
0.00548339
0.00526047
0.00560546
0.00527883
0.00515413
0.00530434
0.00521302
0.00530505
0.00571156
0.00548506
0.00528955
0.00520611
0.00513768
0.00509524
0.00518847
0.00536156
0.00516582
0.00515270
0.00517797
0.00516510
0.00517416
0.00504041
0.00515223
0.00557661
0.00511885
0.00561142
0.00538087
0.00508022
0.00515628
0.00514603
0.00512624
0.00514102
0.00516415
0.00530076
0.00595474
0.00542617
0.00530457
0.00545883
0.00565100
0.00534034
0.00591111
0.00525308
0.00528073
0.00604391
0.00526428
0.00529552
0.00588632
0.00530219
0.00529146
0.00572515
0.00519776
0.00531435
0.00637984
0.00525403
0.00557256
0.00553250
0.00525570
0.00529814
0.00588560
0.00525665
0.00532770
0.00548983
0.00541854
0.00526786
0.00580883
0.00535917
0.00539684
0.00543380
0.00531673
0.00539184
0.00814247
0.00653529
0.00583601
0.00539565
0.00542045
0.00574684
0.00526667
0.00547957
0.00586677
0.00539994
0.00533915
0.00566173
0.00532532
0.00541401
0.00531650
0.00530291
0.00549960
0.00550222
0.00551701
0.00595236
0.00573969
0.00544906
0.00544834
0.00541973
0.00539160
0.00556278
0.00551414
0.00549388
0.00590658
0.00558472
0.00542545
0.00560188
0.00547051
0.00549817
0.00559163
0.00565314
0.00571847
0.00595713
0.00594592
0.00577259
0.00608468
0.00653696
0.00573897
0.00594878
0.00641298
0.00583172
0.00568318
0.00614595
0.00585341
0.00568223
0.00583410
0.00573397
0.00567961
0.00644493
0.00607681
0.00572848
0.00578237
0.00591850
0.00554800
0.00560522
0.00594330
0.00552368
0.00562692
0.00582099
0.00549269
0.00554919
0.00590086
0.00545883
0.00551534
0.00586796
0.00551796
0.00556636
0.00555015
0.00543714
0.00597286
0.00631499
0.00609326
0.00544405
0.00551319
0.00567698
0.00555396
0.00542402
0.00607347
0.00550961
0.00553608
0.00632524
0.00666881
0.00556278
0.00569034
0.00600410
0.00555015
0.00570512
0.00610280
0.00543332
0.00555587
0.00593257
0.00587273
0.00559616
0.00547075
0.00547481
0.00789881
0.00611520
0.00565624
0.00599313
0.00542569
0.00557399
0.00576687
0.00543690
0.00547647
0.00597310
0.00549793
0.00541091
0.00587511
0.00540614
0.00591922
0.00569725
0.00542068
0.00546789
0.00589824
0.00538540
0.00546193
0.00595784
0.00541759
0.00589466
0.00577259
0.00565863
0.00547409
0.00585222
0.00535536
0.00542545
0.00580072
0.00533748
0.00589108
0.00556827
0.00563717
0.00551867
0.00576425
0.00539374
0.00538659
0.00542331
0.00541973
0.00610232
0.00541019
0.00534034
0.00544095
0.00530219
0.00531650
0.00573826
0.00531077
0.00529838
0.00598145
0.00572515
0.00528502
0.00600624
0.00574398
0.00538301
0.00584602
0.00600123
0.00539899
0.00556159
0.00585842
0.00531316
0.00539279
0.00565290
0.00533128
0.00557899
0.00594974
0.00555468
0.00550532
0.00515962
0.00548267
0.00589490
0.00561333
0.00562024
0.00587225
0.00562191
0.00529218
0.00583005
0.00772119
0.00671411
0.00563097
0.00537872
0.00610924
0.00573015
0.00535274
0.00555849
0.00567269
0.00534201
0.00541186
0.00578856
0.00533581
0.00548983
0.00565314
0.00531793
0.00590968
0.00549674
0.00523138
0.00536966
0.00568533
0.00528193
0.00532413
0.00516915
0.00524235
0.00606918
0.00552273
0.00527120
0.00529933
0.00523734
0.00528359
0.00526285
0.00519276
0.00523472
0.00594473
0.00519300
0.00549006
0.00534225
0.00527620
0.00522828
0.00526977
0.00533462
0.00544572
0.00595999
0.00523281
0.00520897
0.00544667
0.00522852
0.00531864
0.00577021
0.00517201
0.00531936
0.00592089
0.00520658
0.00522089
0.00604701
0.00530028
0.00535274
0.00563121
0.00518370
0.00533986
0.00607133
0.00522900
0.00521326
0.00538039
0.00526595
0.00532103
0.00540400
0.00535202
0.00529337
0.00592375
0.00527453
0.00523710
0.00544286
0.00527120
0.00530267
0.00558543
0.00515699
0.00543690
0.00543594
0.00531149
0.00536942
0.00591421
0.00525784
0.00536537
0.00564075
0.00518775
0.00539064
0.00585413
0.00528979
0.00572753
0.00551391
0.00519824
0.00532365
0.00522947
0.00517964
0.00538731
0.00531602
0.00532675
0.00578189
0.00532746
0.00520515
0.00537157
0.00529647
0.00521731
0.00529695
0.00549150
0.00527716
0.00517893
0.00546551
0.00522423
0.00535274
0.00537252
0.00522685
0.00532603
0.00584221
0.00537395
0.00532722
0.00537419
0.00525188
0.00541377
0.00532460
0.00527024
0.00563169
0.00561905
0.00529933
0.00520349
0.00524735
0.00536346
0.00591302
0.00521159
0.00534201
0.00544643
0.00550747
0.00527596
0.00528193
0.00511336
0.00535798
0.00582433
0.00522423
0.00527191
0.00542212
0.00522590
0.00536013
0.00525665
0.00513434
0.00522566
0.00588465
0.00514746
0.00521421
0.00576305
0.00520086
0.00574613
0.00536108
0.00522375
0.00531840
0.00574517
0.00515342
0.00523496
0.00579953
0.00517917
0.00536180
0.00556087
0.00523758
0.00527787
0.00535631
0.00522470
0.00525594
0.00530481
0.00515461
0.00587559
0.00524092
0.00515389
0.00529122
0.00540733
0.00517488
0.00542021
0.00532985
0.00521469
0.00605941
0.00522900
0.00520921
0.00546384
0.00520706
0.00522184
0.00529408
0.00502610
0.00514579
0.00617123
0.00510836
0.00525928
0.00528407
0.00545311
0.00523829
0.00556922
0.00498295
0.00511599
0.00557446
0.00927806
0.00711799
0.00577641
0.00521183
0.00502110
0.00517440
0.00513196
0.00511003
0.00506854
0.00509238
0.00511336
0.00509334
0.00497174
0.00513744
0.00551987
0.00504708
0.00574636
0.00504804
0.00504160
0.00519633
0.00510740
0.00506997
0.00515723
0.00512028
0.00507045
0.00571823
0.00511837
0.00503469
0.00560594
0.00503278
0.00509763
0.00567031
0.00501704
0.00511646
0.00568151
0.01026058
0.00843453
0.00849366
0.00710201
0.00606370
0.00524759
0.00521517
0.00550246
0.00505042
0.00517154
0.00539398
0.00502992
0.00512600
0.00509501
0.00511646
0.00548816
0.00506783
0.00507379
0.00506926
0.00506902
0.00506449
0.00504303
0.00493717
0.00519538
0.00556779
0.00508237
0.00518751
0.00571632
0.00500011
0.00516677
0.00562525
0.00496840
0.00572705
0.00528145
0.00502563
0.00518918
0.00502157
0.00495887
0.00507903
0.00508523
0.00500226
0.00563860
0.00502801
0.00500774
0.00561905
0.00499201
0.00502419
0.00502491
0.00503445
0.00503659
0.00535417
0.00508070
0.00509334
0.00505900
0.00698829
0.00560069
0.00549650
0.00610709
0.00553155
0.00536346
0.00566864
0.00591636
0.00526977
0.00506520
0.00591969
0.00532055
0.00683069
0.00576830
0.00510383
0.00572538
0.00547695
0.00508714
0.00502539
0.00515342
0.00506735
0.00510430
0.00531554
0.00523090
0.00534296
0.00520396
0.00565147
0.00531340
0.00501513
0.00566292
0.00535536
0.00508595
0.00544000
0.00520730
0.00498223
0.00556874
0.00502658
0.00497842
0.00498796
0.00540829
0.00504613
0.00514984
0.00507236
0.00700164
0.00551009
0.00523090
0.00531387
0.00489354
0.00562048
0.00526643
0.00490618
0.00502348
0.00508571
0.00495243
0.00500512
0.00497460
0.00496721
0.00574470
0.00495386
0.00493193
0.00535393
0.00492668
0.00499654
0.00498390
0.00491548
0.00503850
0.00517988
0.00504255
0.00502610
0.00489020
0.00501609
0.00544953
0.00485778
0.00496006
0.00491214
0.00494742
0.00536871
0.00500917
0.00505853
0.00506115
0.00496864
0.00494623
0.00534058
0.00494671
0.00498295
0.00537562
0.00504589
0.00533175
0.00507927
0.00497317
0.00502062
0.00505304
0.00496078
0.00497484
0.00485349
0.00542736
0.00524545
0.00496459
0.00507951
0.00501394
0.00501728
0.00505590
0.00493741
0.00490332
0.00553036
0.00497389
0.00494194
0.00549531
0.00489831
0.00498462
0.00540543
0.00489736
0.00498343
0.00501871
0.00499535
0.00494957
0.00499845
0.00540519
0.00503039
0.00490880
0.00492334
0.00532746
0.00491762
0.00551081
0.00492024
0.00488329
0.00553560
0.00496769
0.00497699
0.00498033
0.00493360
0.00493956
0.00555396
0.00489974
0.00493670
0.00565314
0.00485182
0.00502896
0.00492144
0.00488257
0.00497842
0.00514221
0.00502419
0.00492692
0.00519633
0.00509286
0.00541186
0.00489926
0.00500035
0.00541019
0.00492311
0.00562739
0.00529623
0.00516987
0.00500131
0.00509381
0.00518084
0.00497699
0.00504827
0.00492740
0.00555873
0.00502181
0.00521064
0.00542474
0.00491333
0.00492311
0.00548863
0.00489950
0.00501704
0.00545168
0.00723648
0.00550818
0.00510907
0.00500369
0.00502896
0.00490165
0.00522876
0.00496888
0.00512338
0.00510049
0.00499439
0.00507951
0.00537300
0.00493836
0.00494027
0.00505209
0.00490546
0.00566983
0.00495005
0.00488710
0.00512385
0.00488520
0.00500321
0.00540447
0.00490904
0.00500011
0.00564909
0.00498247
0.00501585
0.00535846
0.00490260
0.00495100
0.00492048
0.00496578
0.00492477
0.00527477
0.00506973
0.00497603
0.00484371
0.00503826
0.00547862
0.00488257
0.00506639
0.00534058
0.00489473
0.00569081
0.00526977
0.00487733
0.00504375
0.00494623
0.00492883
0.00550556
0.00486708
0.00494504
0.00566840
0.00498486
0.00532579
0.00525331
0.00502062
0.00501442
0.00500202
0.00493646
0.00506353
0.00489902
0.00508165
0.00492311
0.00498343
0.00497103
0.00489879
0.00490689
0.00494218
0.00506330
0.00497818
0.00557852
0.00498414
0.00494552
0.00549269
0.00487804
0.00501966
0.00491810
0.00488997
0.00501347
0.00521302
0.00499630
0.00510645
0.00491118
0.00501776
0.00540471
0.00491667
0.00500274
0.00561833
0.00485826
0.00541878
0.00522852
0.00489283
0.00499296
0.00500870
0.00489664
0.00494862
0.00507689
0.00502348
0.00577521
0.00500774
0.00504923
0.00527930
0.00496268
0.00497198
0.00490141
0.00499415
0.00500274
0.00520134
0.00510406
0.00489974
0.00483584
0.00506401
0.00538158
0.00493002
0.00506401
0.00492454
0.00495076
0.00557303
0.00493932
0.00490165
0.00519896
0.00492620
0.00512886
0.00568318
0.00505161
0.00522041
0.00567150
0.01026011
0.00660181
0.00604630
0.00515985
0.00592542
0.00550294
0.00523615
0.00587940
0.00520849
0.00513339
0.00536251
0.00562644
0.00511861
0.00519371
0.00518107
0.00515485
0.00622630
0.00557423
0.00515175
0.00536752
0.00527263
0.00513864
0.00534916
0.00529528
0.00978541
0.01025915
0.00726700
0.00593519
0.00547743
0.00513005
0.00527811
0.00604630
0.00529003
0.00514507
0.00553465
0.00528860
0.00521684
0.00538802
0.00518608
0.00531387
0.00619769
0.00562811
0.00518394
0.00571012
0.00774813
0.00634241
0.00528216
0.00536609
0.00637245
0.00542688
0.00551581
0.00628257
0.00570679
0.00565481
0.00583601
0.00540280
0.00531888
0.00610399
0.00567245
0.00528550
0.00599432
0.00603986
0.00542116
0.00531912
0.00642562
0.00529623
0.00532770
0.00562215
0.00519776
0.00530720
0.00564384
0.00521684
0.00535536
0.00567698
0.00600362
0.00531268
0.00575590
0.00624466
0.00534773
0.00584388
0.00565290
0.00520182
0.00532246
0.00578618
0.00527430
0.00567508
0.00557685
0.00523353
0.00532579
0.00562072
0.00520992
0.00546193
0.00580215
0.00523901
0.00551009
0.00545835
0.00497842
0.00499368
0.00509191
0.00503254
0.00500679
0.00528884
0.00515699
0.00500274
0.00503922
0.00504088
0.00547695
0.00495744
0.00505018
0.00547957
0.00501895
0.00576496
0.00531960
0.00498676
0.00505948
0.00502491
0.00498796
0.00507832
0.00500846
0.00499320
0.00554514
0.00501990
0.00501657
0.00564575
0.00494552
0.00506043
0.00544262
0.00496817
0.00503993
0.00559592
0.00879335
0.00880599
0.00779128
0.00611877
0.00628519
0.00591183
0.00538874
0.00496244
0.00507832
0.00503850
0.00501895
0.00503087
0.00500631
0.00507498
0.00567007
0.00503659
0.00548458
0.00529146
0.00505948
0.00530314
0.00569916
0.00527620
0.00528336
0.00658226
0.00531268
0.00515461
0.00591874
0.00511360
0.00519705
0.00573421
0.00502944
0.00514317
0.00528979
0.00515914
0.00559425
0.00544190
0.00528264
0.00535297
0.00520182
0.00524712
0.00525498
0.00530601
0.00539923
0.00571370
0.00534201
0.00534606
0.00536203
0.00524187
0.00532150
0.00537586
0.00547028
0.00546598
0.00560737
0.00529575
0.00744557
0.00599456
0.00532460
0.00541162
0.00541115
0.00539732
0.00531697
0.00531125
0.00530314
0.00582623
0.00523543
0.00526047
0.00560975
0.00532722
0.00534511
0.00540304
0.00530505
0.00529099
0.00556493
0.00523949
0.00528526
0.00570321
0.00549054
0.00534248
0.00535512
0.00561547
0.00527883
0.00576854
0.00524688
0.00526977
0.00585246
0.00536203
0.00532937
0.00537038
0.00541949
0.00550938
0.00608039
0.00530219
0.00528407
0.00574541
0.00528717
0.00594020
0.00566292
0.00522399
0.00533819
0.00538564
0.00529075
0.00538874
0.00525808
0.00533319
0.00553465
0.00548506
0.00533485
0.00631714
0.00548387
0.00552154
0.00610542
0.00536108
0.00541902
0.00703526
0.00576472
0.00534058
0.00543714
0.00559807
0.00534868
0.00535750
0.00547767
0.00541615
0.00608230
0.00584054
0.00596070
0.00600624
0.00542831
0.00538993
0.00538445
0.00590825
0.00668621
0.00545573
0.00565147
0.00595093
0.00530672
0.00543833
0.00603676
0.00530434
0.00540900
0.00606513
0.00533533
0.00537324
0.00583410
0.00538993
0.00550127
0.00586295
0.00534272
0.00546336
0.00608063
0.00542378
0.00540686
0.00554514
0.00536084
0.00545192
0.00550008
0.00529742
0.00545025
0.00599957
0.00540590
0.00538063
0.00599217
0.00546789
0.00548100
0.00555944
0.00532842
0.00542641
0.00606418
0.00534773
0.00563860
0.00552392
0.00537014
0.00542855
0.00546646
0.00532293
0.00539541
0.00624800
0.00568223
0.00537443
0.00553727
0.00580406
0.00538707
0.00550556
0.00574374
0.00533628
0.00615311
0.00563526
0.00529408
0.00545049
0.00536036
0.00539565
0.00545502
0.00573826
0.00535822
0.00605893
0.00559402
0.00532556
0.00556850
0.00539684
0.00535083
0.00542593
0.00532246
0.00537157
0.00608945
0.00566220
0.00534296
0.00542331
0.00534439
0.00535774
0.00537467
0.00528550
0.00534558
0.00615525
0.00529313
0.00599265
0.00546002
0.00533032
0.00535917
0.00540972
0.00527859
0.00535607
0.00587416
0.00561166
0.00530457
0.00543237
0.00552630
0.00543213
0.00588727
0.00586939
0.00550628
0.00607204
0.00608039
0.00537992
0.00542402
0.00637484
0.00567365
0.00545812
0.00592732
0.00558734
0.00542688
0.00577879
0.00545859
0.00536180
0.00573969
0.00540781
0.00533605
0.00581884
0.00538683
0.00533772
0.00566220
0.00539422
0.00526762
0.00613236
0.00555110
0.00521278
0.00593567
0.00534391
0.00528240
0.00598240
0.00556827
0.00527740
0.00607514
0.00556517
0.00523019
0.00527358
0.00571251
0.00521731
0.00551796
0.00552392
0.00512886
0.00564337
0.00509357
0.00505042
0.00511050
0.00510120
0.00514317
0.00502443
0.00528336
0.00504375
0.00509000
0.00494766
0.00510383
0.00549865
0.00497341
0.00556135
0.00531840
0.00525570
0.00524187
0.00502777
0.00504446
0.00506163
0.00504875
0.00498176
0.00565457
0.00522184
0.00569701
0.00548625
0.00507450
0.00499296
0.00558662
0.00494957
0.00509787
0.00522804
0.00504375
0.00545144
0.00542665
0.00507212
0.00514841
0.00509167
0.00502896
0.00509548
0.00543213
0.00516939
0.00498199
0.00535464
0.00704646
0.00561380
0.00534892
0.00555873
0.00511169
0.00542402
0.00541544
0.00538254
0.00525475
0.00544238
0.00501132
0.00514483
0.00508308
0.00507927
0.00596094
0.00503159
0.00501537
0.00509858
0.00510669
0.00500393
0.00522542
0.00495458
0.00502586
0.00662684
0.00503397
0.00502634
0.00552845
0.00499058
0.00504470
0.00548744
0.00494075
0.00510359
