0.00318480
0.00527358
0.00546312
0.00501251
0.00581217
0.00527382
0.00517035
0.00519490
0.00515270
0.00594807
0.00518894
0.00518870
0.00504398
0.00523639
0.00501847
0.00523973
0.00505137
0.00520301
0.00506401
0.00505447
0.00557423
0.00518847
0.00515509
0.00501394
0.00524759
0.00506783
0.00518060
0.00502801
0.00514102
0.00505614
0.00520444
0.00530052
0.00521135
0.00541091
0.00533247
0.00582695
0.00510097
0.00520515
0.00504971
0.00558805
0.00505781
0.00566220
0.00524664
0.00526309
0.00544333
0.00505400
0.00539851
0.00509095
0.00515628
0.00504184
0.00515103
0.00501490
0.00518680
0.00500345
0.00587893
0.00508618
0.00507545
0.00517011
0.00516200
0.00553179
0.00506401
0.00547457
0.00506830
0.00522804
0.00500345
0.00567055
0.00513577
0.00555015
0.00539780
0.00523114
0.00526261
0.00520253
0.00529027
0.00515628
0.00566816
0.00509548
0.00575471
0.00521588
0.00552773
0.00510812
0.00517106
0.00521564
0.00514865
0.00511813
0.00557494
0.00566912
0.00512433
0.00560713
0.00523663
0.00562954
0.00520730
0.00521302
0.00520325
0.00506997
0.00513864
0.00508285
0.00564194
0.00513387
0.00571704
0.00514674
0.00563073
0.00511456
0.00514460
0.00513124
0.00513482
0.00511050
0.00506020
0.00552320
0.00516176
0.00595641
0.00538325
0.00570536
0.00539160
0.00515699
0.00521088
0.00506401
0.00507998
0.00508857
0.00563192
0.00510073
0.00566792
0.00510979
0.00552416
0.00508451
0.00516772
0.00512528
0.00517464
0.00504899
0.00512624
0.00555277
0.00537443
0.00582147
0.00516677
0.00510812
0.00501800
0.00546741
0.00510526
0.00518751
0.00517368
0.00509524
0.00549984
0.00506711
0.00525069
0.00511861
0.00515556
0.00504398
0.00581503
0.00506139
0.00526190
0.00505924
0.00517726
0.00510764
0.00508499
0.00575256
0.00522184
0.00513101
0.00505972
0.00519443
0.00507641
0.00527978
0.00501800
0.00516701
0.00507569
0.00521994
0.00519061
0.00522089
0.00539279
0.00510907
0.00554323
0.00511861
0.00524020
0.00508881
0.00523400
0.00506616
0.00578618
0.00548434
0.00580335
0.00554705
0.00516057
0.00552249
0.00523448
0.00519300
0.00509763
0.00517273
0.00510621
0.00524664
0.00555515
0.00563622
0.00540304
0.00510430
0.00561428
0.00508499
0.00543094
0.00503612
0.00519300
0.00505161
0.00519180
0.00553179
0.00573921
0.00520396
0.00520205
0.00548077
0.00512242
0.00524354
0.00514054
0.00525808
0.00507498
0.00526333
0.00556326
0.00574231
0.00510764
0.00523591
0.00553346
0.00515652
0.00547910
0.00512123
0.00520968
0.00506449
0.00523615
0.00555658
0.00582170
0.00557995
0.00520492
0.00566912
0.00510907
0.00527000
0.00512743
0.00520849
0.00504422
0.00522041
0.00524879
0.00529289
0.00537968
0.00525212
0.00558686
0.00511551
0.00531197
0.00507975
0.00522113
0.00507474
0.00520492
0.00537229
0.00581670
0.00544047
0.00511003
0.00546575
0.00508571
0.00563455
0.00523067
0.00525284
0.00507021
0.00525808
0.00522470
0.00585699
0.00511909
0.00511217
0.00541615
0.00515485
0.00541735
0.00510001
0.00529075
0.00507116
0.00525737
0.00517178
0.00615501
0.00513744
0.00541353
0.00546288
0.00513506
0.00578952
0.00523877
0.00531745
0.00514197
0.00589514
0.00568843
0.00531936
0.00513268
0.00512671
0.00564814
0.00516367
0.00557351
0.00508285
0.00565219
0.00507879
0.00570035
0.00529718
0.00526404
0.00516415
0.00509548
0.00588655
0.00513482
0.00602293
0.00549269
0.00519514
0.00551820
0.00524712
0.00604463
0.00519347
0.00540566
0.00516224
0.00568724
0.00554800
0.00573969
0.01044726
0.00706100
0.00588274
0.00589323
0.00508499
0.00515103
0.00583839
0.00523591
0.00528240
0.00512600
0.00529528
0.00507617
0.00527024
0.00532746
0.00522494
0.00546026
0.00539136
0.00558639
0.00514054
0.00533485
0.00509286
0.00521183
0.00508785
0.00523019
0.00537348
0.00525975
0.00542617
0.00517416
0.00549459
0.00514078
0.00518799
0.00511336
0.00518942
0.00508189
0.00517869
0.00538063
0.00572920
0.00542688
0.00508213
0.00557399
0.00511742
0.00581741
0.00511718
0.00524902
0.00505066
0.00523043
0.00539851
0.00530219
0.00541043
0.00519896
0.00526619
0.00513601
0.00523090
0.00513935
0.00518417
0.00507641
0.00521302
0.00519776
0.00536680
0.00547481
0.00537300
0.00566864
0.00508595
0.00531387
0.00506520
0.00518942
0.00505495
0.00521493
0.00554395
0.00571895
0.00542212
0.00513363
0.00543904
0.00513744
0.00521517
0.00508451
0.00517964
0.00505662
0.00519776
0.00568557
0.00570369
0.00511479
0.00513220
0.00559616
0.00519371
0.00536847
0.00513172
0.00520730
0.00508404
0.00521827
0.00554562
0.00576663
0.00544572
0.00566316
0.00601077
0.00518894
0.00533652
0.00514650
0.00522017
0.00514627
0.00517964
0.00522041
0.00522137
0.00548720
0.00539184
0.00563955
0.00509357
0.00529075
0.00511885
0.00526023
0.00502300
0.00520349
0.00544572
0.00566888
0.00540757
0.00517011
0.00543332
0.00516415
0.00574470
0.00514555
0.00525665
0.00506115
0.00519228
0.00551748
0.00578046
0.00540805
0.00520420
0.00564408
0.00514555
0.00553584
0.00510478
0.00521922
0.00508523
0.00521636
0.00561595
0.00533819
0.00548434
0.00553131
0.00573325
0.00513244
0.00521159
0.00501800
0.00518513
0.00507331
0.00517702
0.00546002
0.00571823
0.00544167
0.00526810
0.00571561
0.00518298
0.00531840
0.00509024
0.00515890
0.00508881
0.00521135
0.00547194
0.00535059
0.00541067
0.00591445
0.00526381
0.00515652
0.00520229
0.00513554
0.00520396
0.00510263
0.00525498
0.00519753
0.00528073
0.00539970
0.00518274
0.00551271
0.00517130
0.00526476
0.00513053
0.00523567
0.00508356
0.00526643
0.00546622
0.00568771
0.00537491
0.00517893
0.00556064
0.00516605
0.00577784
0.00511026
0.00518513
0.00506902
0.00525665
0.00556278
0.00569129
0.00542879
0.00511885
0.00548792
0.00514507
0.00569749
0.00507712
0.00519204
0.00504518
0.00522161
0.00555301
0.00556946
0.00509024
0.00526524
0.00548768
0.00513673
0.00520420
0.00517440
0.00518918
0.00509977
0.00524306
0.00519872
0.00584984
0.00572062
0.00532269
0.00548005
0.00511694
0.00565696
0.00509000
0.00522685
0.00505996
0.00521255
0.00552082
0.00578809
0.00512362
0.00524902
0.00565982
0.00558782
0.00559425
0.00513530
0.00521326
0.00506663
0.00524259
0.00522971
0.00566292
0.00545859
0.00513482
0.00580168
0.00514841
0.00518584
0.00506330
0.00526643
0.00506306
0.00517893
0.00518274
0.00566411
0.00506711
0.00516701
0.00547171
0.00510216
0.00557780
0.00520039
0.00520492
0.00506520
0.00520039
0.00509405
0.00595045
0.00513434
0.00554180
0.00547433
0.00514507
0.00755739
0.00611758
0.00552583
0.00524282
0.00506282
0.00571251
0.00522780
0.00557065
0.00513244
0.00820518
0.00626636
0.00654197
0.00591993
0.00600314
0.00559306
0.00527668
0.00549531
0.00510192
0.00547385
0.00506926
0.00518942
0.00511932
0.00525093
0.00506496
0.00516987
0.00550842
0.00565124
0.00509787
0.00512385
0.00546384
0.00510812
0.00566959
0.00519824
0.00525093
0.00506759
0.00521874
0.00540400
0.00532961
0.00538397
0.00546002
0.00555515
0.00508618
0.00527620
0.00531340
0.00532675
0.00509119
0.00523710
0.00543427
0.00528526
0.00542331
0.00520253
0.00555778
0.00517011
0.00533485
0.00519300
0.00563598
0.00509119
0.00521874
0.00523973
0.00569940
0.00542712
0.00511670
0.00544906
0.00514960
0.00535607
0.00514317
0.00524449
0.00506806
0.00520992
0.00558877
0.00569773
0.00537205
0.00516844
0.00558257
0.00518298
0.00530171
0.00507808
0.00518775
0.00507927
0.00523925
0.00526381
0.00525832
0.00538802
0.00544786
0.00566912
0.00515580
0.00522923
0.00508571
0.00572348
0.00517225
0.00567102
0.00521111
0.00522256
0.00549459
0.00528073
0.00606680
0.00515819
0.00575233
0.00519037
0.00611401
0.00534320
0.00544071
0.00561380
0.00526381
0.00554204
0.00525284
0.00530887
0.00510859
0.00587630
0.00520301
0.00520825
0.00521183
0.00524354
0.00563598
0.00519800
0.00597858
0.00529432
0.00599265
0.00550580
0.00532246
0.00583482
0.00518513
0.00608420
0.00539088
0.00585270
0.00523281
0.00573039
0.00585485
0.00563025
0.00572681
0.00528836
0.00571656
0.00525379
0.00567317
0.00521278
0.00539017
0.00532007
0.00525689
0.00527263
0.00509596
0.00531960
0.00507712
0.00530219
0.00520372
0.00549507
0.00514817
0.00522184
0.00527644
0.00527906
0.00596738
0.00514746
0.00547695
0.00508642
0.00527740
0.00518465
0.00516939
0.00515723
0.00519586
0.00527787
0.00521159
0.00572348
0.00512123
0.00530744
0.00508332
0.00520325
0.00507092
0.00518036
0.00517559
0.00530934
0.00512719
0.00540924
0.00577021
0.00546145
0.00559115
0.00511360
0.00527430
0.00506091
0.00529194
0.00518298
0.00513029
0.00514960
0.00540495
0.00550199
0.00520062
0.00531054
0.00514150
0.00521779
0.00517702
0.00567079
0.00519347
0.00519180
0.00519753
0.00528932
0.00550890
0.00520444
0.00550866
0.00516391
0.00528884
0.00506735
0.00522757
0.00507665
0.00525022
0.00512505
