0.00692320
0.00629902
0.00581408
0.00570536
0.00571322
0.00565934
0.00568175
0.00588965
0.00598764
0.00571823
0.00618100
0.00568366
0.00563931
0.00593376
0.00607061
0.00560546
0.00641322
0.00613332
0.00568962
0.00590825
0.00580382
0.00569224
0.00582194
0.00578284
0.00616145
0.00612879
0.00577593
0.00575304
0.00605416
0.00585818
0.00578403
0.00654936
0.00579166
0.00579238
0.00632143
0.00622582
0.00569248
0.00604343
0.00619173
0.00595927
0.00586009
0.00651169
0.00606775
0.00595117
0.00583124
0.00638080
0.00601292
0.00586820
0.00595808
0.00601125
0.00606942
0.00599694
0.00598717
0.00576019
0.00577879
0.00592351
0.00625300
0.00573683
0.00614047
0.00601697
0.00576925
0.00588655
0.00575256
0.00601935
0.00574970
0.00573277
0.00623775
0.00589967
0.00572801
0.00574899
0.00571561
0.00570321
0.00581264
0.00663233
0.00578332
0.00578332
0.00655198
0.00661206
0.00571537
0.00602198
0.00594521
0.00562787
0.00587201
0.00662661
0.00647545
0.00635123
0.00576425
0.00573015
0.00636792
0.00744343
0.00626183
0.00656676
0.00652885
0.00606775
0.00613618
0.00616312
0.00635433
0.00617528
0.00614643
0.00699401
0.00655627
0.00613236
0.00612879
0.00629830
0.00602818
0.00608253
0.00679398
0.00724292
0.00849771
0.00690222
0.00679564
0.00624275
0.00620985
0.00622845
0.00617313
0.00626802
0.00625134
0.00617695
0.00602221
0.00607038
0.00609255
0.00659919
0.00594449
0.00604606
0.00656533
0.00656652
0.00600910
0.00601292
0.00601482
0.00624084
0.00593925
0.00622702
0.00596523
0.00596213
0.00595403
0.00595307
0.00660825
0.00607681
0.00643134
0.00704312
0.00667644
0.00600791
0.00619745
0.00627518
0.00641966
0.00619173
0.00627542
0.00703645
0.00666523
0.00662589
0.00619841
0.00627661
0.00654292
0.00640392
0.00623322
0.00712442
0.00699091
0.00649238
0.00619602
0.00613689
0.00662661
0.00634813
0.00613141
0.00692749
0.00660396
0.00629544
0.00629163
0.00621009
0.00637960
0.00615764
0.00659752
0.00699878
0.00655365
0.00625253
0.00606894
0.00631762
0.00642800
0.00611591
0.00601196
0.00677967
0.00648355
0.00622034
0.00627446
0.00619745
0.00609612
0.00613546
0.00615096
0.00696325
0.00625730
0.00611401
0.00626183
0.00659537
0.00618792
0.00604725
0.00608134
0.00597525
0.00621533
0.00621176
0.00593901
0.00589204
0.00590444
0.00591969
0.00639009
0.00592566
0.00592113
0.00586152
0.00590110
0.00576591
0.00586700
0.00622201
0.00593495
0.00577116
0.00653529
0.00628424
0.00575495
0.00601006
0.00649238
0.00587916
0.00587821
0.00584292
0.00577235
0.00590920
0.00619888
0.00660968
0.00609708
0.00591302
0.00655961
0.00618529
0.00631356
0.00606155
0.00658774
0.00647211
0.00610662
0.00620174
0.00668454
0.00674009
0.00616932
0.00601649
0.00691700
0.00627351
0.00656724
0.00618410
0.00664091
0.00683975
0.00642037
0.00605822
0.00654984
0.00604010
0.00615621
0.00589347
0.00640178
0.00641322
0.00586152
0.00579262
0.00589538
0.00603366
0.00569344
0.00627947
0.00630403
0.00571036
0.00581241
0.00641847
0.00609016
0.00587845
0.00589371
0.00659204
0.00602841
0.00579190
0.00601649
0.00587082
0.00591660
0.00643516
0.00610137
0.00586915
0.00595641
0.00592613
0.00624442
0.00593162
0.00612903
0.00605726
0.00590968
0.00591063
0.00596166
0.00651288
0.00592685
0.00576043
0.00668859
0.00617003
0.00570250
0.00576639
0.00618458
0.00577259
0.00561857
0.00585938
0.00576758
0.00568676
0.00618601
0.00621581
0.00563359
0.00571561
0.00568175
0.00555539
0.00562048
0.00635695
0.00592327
0.00613785
0.00571513
0.00569034
0.00563192
0.00560093
0.00575113
0.00582790
0.00574493
0.00605059
0.00624752
0.00562501
0.00554276
0.00562692
0.00561357
0.00553989
0.00635266
0.00600028
0.00562072
0.00591731
0.00625467
0.00579429
0.00578713
0.00574875
0.00565815
0.00585318
0.00623155
0.00636601
0.00582695
0.00579214
0.00570107
0.00580645
0.00571585
0.00632524
0.00624108
0.00610566
0.00565481
0.00633812
0.00615692
0.00561213
0.00581026
0.00619102
0.00577092
0.00609422
0.00576425
0.00616813
0.00570774
0.00577068
0.00576544
0.00580978
0.00574017
0.00619030
0.00638652
0.00578332
0.00571442
0.00583434
0.00626850
0.00587058
0.00639153
0.00592971
0.00590777
0.00577855
0.00589395
0.00633025
0.00580430
0.00579095
0.00652456
0.00592065
0.00576878
0.00576925
0.00623035
0.00594306
0.00568557
0.00580454
0.00564981
0.00562024
0.00617218
0.00603890
0.00551915
0.00560713
0.00598860
0.00561070
0.00548673
0.00594521
0.00560093
0.00551581
0.00580311
0.00565219
0.00564837
0.00569272
0.00614429
0.00562501
0.00571918
0.00565028
0.00559211
0.00558329
0.00554252
0.00553489
0.00555182
0.00567627
0.00565362
0.00557375
0.00602412
0.00608373
0.00569439
0.00568628
0.00577283
0.00576806
0.00567174
0.00626493
0.00611806
0.00573969
0.00567746
0.00572109
0.00571156
0.00562119
0.00569630
0.00580716
0.00564170
0.00619936
0.00600314
0.00566149
0.00566125
0.00563502
0.00571108
0.00565767
0.00631833
0.00600719
0.00571084
0.00575256
0.00588870
0.00580573
0.00564289
0.00581074
0.00585079
0.00570846
0.00590158
0.00624776
0.00564098
0.00567722
0.00621915
0.00584507
0.00565171
0.00636601
0.00590873
0.00591516
0.00566006
0.00574112
0.00573874
0.00565457
0.00574660
0.00584555
0.00574279
0.00575638
0.00606322
0.00567961
0.00573230
0.00587273
0.00573611
0.00570560
0.00653481
0.00653315
0.00578976
0.00583291
0.00593209
0.00568128
0.00576854
0.00582886
0.00587177
0.00588512
0.00587106
0.00583220
0.00588632
0.00589967
0.00622725
0.00651503
0.00584698
0.00591254
0.00596690
0.00590682
0.00570631
0.00595641
0.00638556
0.00588131
0.00588727
0.00599980
0.00611854
0.00591922
0.00583720
0.00649881
0.00591564
0.00580287
0.00580239
0.00578499
0.00582767
0.00620961
0.00624371
0.00583315
0.00572467
0.00590158
0.00573349
0.00568557
0.00651050
0.00639296
0.00577712
0.00584030
0.00575900
0.00586629
0.00586176
0.00599480
0.00588703
0.00596070
0.00584292
0.00642037
0.00586152
0.00585294
0.00639081
0.00652552
0.00592947
0.00588584
0.00644088
0.00615525
0.00572658
0.00576448
0.00587010
0.00614071
0.00559115
0.00642252
0.00625873
0.00589395
0.00570560
0.00578141
0.00561571
0.00804758
0.00612879
0.00565052
0.00617409
0.00645232
0.00577188
0.00612116
0.00607514
0.00603652
0.00554085
0.00632811
0.00615859
0.00565505
0.00567079
0.00641251
0.00596499
0.00567603
0.00568008
0.00630522
0.00571465
0.00574708
0.00575614
0.00609756
0.00578952
0.00577044
0.00571966
0.00583053
0.00575590
0.00625610
0.00629187
0.00575686
0.00564957
0.00578880
0.00571036
0.00568581
0.00644445
0.00649905
0.00579381
0.00579429
0.00577402
0.00569940
0.00596452
0.00623798
0.00673294
0.00603080
0.00845528
0.00666261
0.00582957
0.00579882
0.00611854
0.00576735
0.00573254
0.00615764
0.00626397
0.00567842
0.00583625
0.00631785
0.00591278
0.00563669
0.00651121
0.00608683
0.00585961
0.00594354
0.00580931
0.00567317
0.00577569
0.00590849
0.00578594
0.00594449
0.00588226
0.00585938
0.00583339
0.00567436
0.00571513
0.00619006
0.00571585
0.00621271
0.00591969
0.00569916
0.00557446
0.00575447
0.00563431
0.00559521
0.00580716
0.00577211
0.00568652
0.00642729
0.00580454
0.00566030
0.00570273
0.00574327
0.00559282
0.00571346
0.00632882
0.00603080
0.00595307
0.00573564
0.00574446
0.00587130
0.00823474
0.00618052
0.00595808
0.00585699
0.00615883
0.00578785
0.00572634
0.00564218
0.00577903
0.00566721
0.00647116
0.00616145
0.00601649
0.00554585
0.00578117
0.00557542
0.00552726
0.00576186
0.00570512
0.00554514
0.00588703
0.00601053
0.00555348
0.00560522
0.00560045
0.00548482
0.00558400
0.00612760
0.00556326
0.00561357
0.00561237
0.00589943
0.00553179
0.00555992
0.00569129
0.00559902
0.00565243
0.00556850
0.00561404
0.00546432
0.00552082
0.00564337
0.00555754
0.00558877
0.00581431
0.00573730
0.00566626
0.00686312
0.00567651
0.00560451
0.00573015
0.00607014
0.00555134
0.00617385
0.00582576
0.00563192
0.00573778
0.00564361
0.00557899
0.00567269
0.00570345
0.00565386
0.00569057
0.00606108
0.00572467
0.00554895
0.00557852
0.00558257
0.00554371
0.00555205
0.00620389
0.00587773
0.00553274
0.00561070
0.00598598
0.00559688
0.00550747
0.00557613
0.00564528
0.00556517
0.00605369
0.00632787
0.00545335
0.00564432
0.00589919
0.00550127
0.00560713
0.00571036
0.00550938
0.00552797
0.00555778
0.00602627
0.00551033
0.00566912
0.00577903
0.00563383
0.00567579
0.00614285
0.00608277
0.00559521
0.00560331
0.00567007
0.00569606
0.00561428
0.00578642
0.00599933
0.00567007
0.00579000
0.00612330
0.00591564
0.00593162
0.00590897
0.00589418
0.00595760
0.00585699
0.00573039
0.00584292
0.00576854
0.00571632
0.00626278
0.00578594
0.00630641
0.00589061
0.00578594
0.00573897
0.00590348
0.00627565
0.00580549
0.00590611
0.00640249
0.00582433
0.00598216
0.00586128
0.00604558
0.00594831
0.00592446
0.00584793
0.00603771
0.00597095
0.00575924
0.00617409
0.00581956
0.00581169
0.00605941
0.00654936
0.00594854
0.00603104
0.00652456
0.00670981
0.00604010
0.00589180
0.00584555
0.00622463
0.00583410
0.00646067
0.00612712
0.00638318
0.00599051
0.00603271
0.00614476
0.00578880
0.00591564
0.00653362
0.00604439
0.00637317
0.00588655
0.00611138
0.00583601
0.00583315
0.00588083
0.00662398
0.00597453
0.00610185
0.00605488
0.00586009
0.00604105
0.00606704
0.00610971
0.00602078
0.00605035
0.00641441
0.01587701
0.00608230
0.00616527
0.00605869
0.00599861
0.00659180
0.00620532
0.00625134
0.00594831
0.00593853
0.00591159
0.00586557
0.00591755
0.00632811
0.00600457
0.00611472
0.00607443
0.00664425
0.00591207
0.00642323
0.00617933
0.00598288
0.00614643
0.00682163
0.00688028
0.00634217
0.00647354
0.00653791
0.00623417
0.00568008
0.00603795
0.00627446
0.00649905
0.00632739
0.00591493
0.00618267
0.00590086
0.00577569
0.00634170
0.00639319
0.00834870
0.00673485
0.00643635
0.00591850
0.00586224
0.00694919
0.00649214
0.00597477
0.00606108
0.00634384
0.00610495
0.00607157
0.00883627
0.00698757
0.00680494
0.00661778
0.00641346
0.00608826
0.00633574
0.00576258
0.00599599
0.00583458
0.00570750
0.00598478
0.00624180
0.00647497
0.00588703
0.00579262
0.00634575
0.00616932
0.00599694
0.00588894
0.00602579
0.00585294
0.00565577
0.00585604
0.00632787
0.00590158
0.00580668
0.00589132
0.00563622
0.00584435
0.00582242
0.00618601
0.00583863
0.00596118
0.00626040
0.00630355
0.00577784
0.00577331
0.00627542
0.00577855
0.00568867
0.00669789
0.00626564
0.00585985
0.00647712
0.00641298
0.00611353
0.00588322
0.00590944
0.00662255
0.00638509
0.00593066
0.00615788
0.00648618
0.00590491
0.00853443
0.00662804
0.00604248
0.00594258
0.00609112
0.00580812
0.00590873
0.00594163
0.00629449
0.00584984
0.00609756
0.00647545
0.00626016
0.00597191
0.00596094
0.00592566
0.00585461
0.00589275
0.00645614
0.00683665
0.00614524
0.00589633
0.00668812
0.00685215
0.00593400
0.00598311
0.00664878
0.00674319
0.00605440
0.00591469
0.00586963
0.00686932
0.00793290
0.00597525
0.00597548
0.00630093
0.00643539
0.00606728
0.00595236
0.00585938
0.00633168
0.00606275
0.00593162
0.00645161
0.00635481
0.00580120
0.00604057
0.00597358
0.00618577
0.00594306
0.00647759
0.00610685
0.00665307
0.00604248
0.00594759
0.00672674
0.00609732
0.00585818
0.00657606
0.00669646
0.00594378
0.00595140
0.00593376
0.00618458
0.00604248
0.00627899
0.00679445
0.00656533
0.00633788
0.00632000
0.00637531
0.00649238
0.00617576
0.00629735
0.00694394
0.00653100
0.00652289
0.00616908
0.00619841
0.00649619
0.00618362
0.00621200
0.00700045
0.00663638
0.00671053
0.00629902
0.00625229
0.00652599
0.00654268
0.00619626
0.00696063
0.00688529
0.00637984
0.00613356
0.00626397
0.00677967
0.00629210
0.00625134
0.00697875
0.00725365
0.00643587
0.00622249
0.00638199
0.00682902
0.00628734
0.00609875
0.00697708
0.00653887
0.00610256
0.00634027
0.00633311
0.00675154
0.00622582
0.00623274
0.00691104
0.00706410
0.00645232
0.00622487
0.00650835
0.00683737
0.00640821
0.00629759
0.00698352
0.00637960
0.00696325
0.00636792
0.00627303
0.00646949
0.00617409
0.00632548
0.00668812
0.00678158
0.00683999
0.00657487
0.00638437
0.00637937
0.00694871
0.00643182
0.00637341
0.00685954
0.00686860
0.00631952
0.00651336
0.00648189
0.00672245
0.00643468
0.00654244
0.00643134
0.00744319
0.00634551
0.00646925
0.00727272
0.00707054
0.00750470
0.00671268
0.00667572
0.00660419
0.00739360
0.00646067
0.00651574
0.00674009
0.00751472
0.00710797
0.00716376
0.00681090
0.00676417
0.00768900
0.00662804
0.00659776
0.00702286
0.00742245
0.00723696
0.00689554
0.00681400
0.00678730
0.00767326
0.00690246
0.00686717
0.00692368
0.00726104
0.00754833
0.00691319
0.00741100
0.00676751
0.00775886
0.00777674
0.00701451
0.00670719
0.00682926
0.00678015
0.00710917
0.00742412
0.00667763
0.00709438
0.00816464
0.00700259
0.00680351
0.00683284
0.00697279
0.00774503
0.00707507
0.00640392
0.00669932
0.00704718
