0.00709701
0.00568819
0.00624990
0.00619602
0.00565791
0.00559783
0.00656152
0.00571728
0.00566339
0.00595641
0.00623798
0.00559950
0.00555229
0.00562501
0.00557899
0.00553870
0.00604820
0.00626230
0.00529909
0.00563550
0.00549245
0.00542641
0.00513005
0.00522900
0.00526094
0.00511122
0.00529075
0.00516558
0.00531077
0.00526571
0.00515175
0.00506544
0.00521660
0.00510597
0.00513935
0.00516939
0.00515103
0.00515461
0.00574493
0.00557113
0.00514174
0.00520587
0.00549769
0.00505209
0.00517106
0.00512934
0.00516176
0.00560355
0.00578260
0.00514793
0.00537205
0.00573325
0.00520229
0.00535631
0.00582647
0.00547123
0.00540853
0.00545931
0.00541115
0.00537634
0.00555086
0.00583720
0.00543404
0.00617695
0.00559878
0.00534534
0.00521803
0.00527191
0.00535440
0.00526953
0.00541306
0.00546503
0.00542045
0.00586486
0.00611639
0.00528073
0.00540280
0.00534534
0.00538230
0.00529599
0.00596523
0.00573301
0.00537705
0.00547242
0.00574970
0.00534678
0.00555325
0.00606537
0.00537372
0.00547481
0.00541139
0.00543094
0.00532770
0.00542808
0.00540209
0.00534844
0.00547934
0.00548124
0.00553513
0.00602865
0.00579882
0.00544930
0.00546145
0.00549102
0.00544047
0.00536251
0.00608110
0.00579906
0.00598145
0.00547004
0.00619626
0.00548124
0.00542498
0.00541091
0.00550389
0.00543523
0.00606370
0.00585222
0.00545979
0.00554800
0.00607800
0.00548530
0.00545430
0.00584030
0.00554729
0.00537658
0.00550270
0.00578904
0.00546408
0.00552130
0.00599623
0.00541592
0.00594521
0.00546193
0.00571227
0.00533175
0.00547075
0.00537086
0.00542140
0.00544834
0.00558972
0.00543165
0.00556278
0.00560975
0.00536966
0.00539780
0.00545764
0.00534511
0.00541043
0.00557351
0.00548172
0.00538731
0.00549102
0.00529051
0.00534773
0.00537539
0.00578141
0.00527573
0.00587726
0.00544357
0.00550079
0.00528455
0.00546646
0.00539351
0.00534654
0.00540328
0.00536537
0.00539923
0.00622225
0.00614381
0.00534034
0.00545907
0.00562239
0.00540543
0.00549102
0.00603771
0.00596786
0.00551391
0.00562000
0.00590420
0.00546932
0.00548840
0.00568986
0.00554442
0.00553346
0.00555086
0.00559044
0.00545406
0.00552392
0.00584459
0.00549102
0.00549936
0.00619054
0.00562429
0.00568080
0.00563025
0.00562644
0.00559473
0.00570393
0.00615978
0.00567794
0.00566006
0.00555563
0.00554228
0.00563765
0.00578427
0.00598979
0.00544548
0.00557256
0.00614834
0.00563192
0.00544834
0.00561213
0.00543141
0.00552344
0.00550866
0.00591350
0.00540638
0.00604033
0.00559950
0.00553179
0.00545931
0.00553989
0.00540209
0.00551629
0.00554442
0.00555205
0.00548649
0.00617790
0.00581503
0.00545168
0.00547647
0.00561452
0.00542808
0.00549722
0.00569034
0.00556588
0.00613689
0.00607252
0.00648832
0.00561571
0.00546050
0.00554895
0.00545430
0.00551271
0.00597119
0.00647640
0.00538516
0.00555182
0.00556588
0.00570083
0.00544977
0.00574780
0.00550485
0.00555968
0.00551796
0.00595999
0.00541186
0.00555348
0.00559974
0.00557160
0.00557232
0.00560474
0.00547981
0.00555515
0.00550866
0.00586963
0.00547576
0.00560117
0.00606513
0.00563025
0.00545669
0.00590205
0.00546956
0.00560498
0.00564027
0.00578022
0.00540304
0.00600553
0.00583410
0.00552869
0.00540924
0.00544286
0.00546575
0.00536394
0.00543189
0.00568700
0.00541520
0.00558305
0.00550818
0.00550580
0.00539494
0.00552464
0.00541902
0.00545979
0.00588799
0.00580764
0.00555301
0.00559402
0.00555849
0.00541258
0.00539684
0.00559473
0.00548911
0.00550199
0.00589991
0.00596762
0.00551200
0.00602674
0.00621581
0.00622773
0.00551057
0.00617647
0.00605369
0.00553536
0.00581694
0.00587416
0.00565553
0.00554776
0.00583291
0.00585222
0.00549912
0.00628233
0.00651979
0.00568318
0.00548363
0.00622296
0.00602984
0.00543189
0.00600433
0.00560474
0.00563526
0.00540948
0.00545239
0.00584626
0.00533199
0.00591683
0.00579524
0.00540423
0.00597000
0.00559330
0.00636458
0.00549889
0.00581503
0.00578046
0.00524497
0.00595450
0.00550079
0.00523210
0.00531077
0.00579166
0.00515699
0.00521278
0.00523520
0.00533056
0.00535607
0.00538135
0.00515985
0.00521421
0.00517225
0.00522971
0.00513959
0.00523472
0.00514531
0.00522709
0.00561094
0.00581145
0.00510478
0.00530863
0.00555229
0.00508356
0.00521040
0.00539494
0.00518656
0.00571299
0.00570655
0.00519609
0.00567985
0.00534439
0.00547409
0.00544357
0.00537920
0.00536227
0.00547123
0.00533438
0.00514317
0.00510836
0.00517631
0.00510311
0.00514865
0.00576663
0.00554562
0.00522208
0.00594950
0.00582290
0.00520229
0.00524187
0.00526762
0.00533772
0.00520444
0.00570512
0.00568008
0.00519753
0.00520706
0.00564194
0.00514603
0.00533891
0.00533271
0.00522208
0.00576520
0.00585270
0.00512362
0.00559568
0.00536895
0.00563121
0.00518179
0.00587058
0.00527048
0.00534296
0.00524616
0.00524902
0.00512171
0.00523305
0.00508785
0.00520802
0.00540590
0.00526357
0.00518823
0.00530577
0.00512815
0.00512743
0.00519753
0.00510311
0.00510049
0.00536132
0.00555110
0.00510907
0.00522327
0.00512195
0.00516891
0.00517058
0.00508952
0.00506735
0.00570440
0.00554490
0.00512838
0.00523353
0.00599074
0.00565886
0.00516653
0.00545073
0.00551701
0.00543380
0.00533366
0.00518084
0.00516272
0.00532317
0.00513029
0.00519848
0.00522900
0.00525689
0.00521660
0.00570869
0.00562644
0.00509858
0.00519991
0.00564170
0.00510573
0.00534487
0.00591493
0.00528812
0.00528193
0.00560403
0.00522065
0.00528431
0.00518322
0.00528169
0.00515175
0.00568414
0.00529933
0.00522995
0.00526214
0.00536871
0.00516653
0.00577164
0.00599170
0.00534534
0.00577068
0.00550890
0.00546718
0.00509977
0.00526977
0.00526786
0.00512290
0.00520682
0.00514698
0.00517535
0.00565434
0.00558019
0.00511861
0.00527310
0.00556993
0.00519586
0.00520205
0.00618768
0.00537109
0.00564647
0.00542331
0.00545192
0.00531197
0.00542307
0.00528407
0.00531983
0.00567722
0.00542903
0.00528026
0.00542164
0.00572562
0.00537372
0.00543499
0.00607729
0.00534272
0.00614667
0.00541067
0.00569677
0.00527215
0.00539112
0.00526690
0.00537229
0.00533128
0.00534654
0.00532269
0.00585651
0.00583482
0.00534987
0.00540876
0.00576496
0.00535321
0.00706077
0.00601649
0.00611925
0.00542927
0.00540161
0.00527883
0.00540018
0.00573659
0.00533438
0.00600529
0.00555515
0.00536084
0.00538540
0.00540924
0.00540328
0.00530624
0.00546527
0.00537038
0.00544500
0.00587821
0.00603914
0.00534534
0.00550342
0.00619841
0.00555420
0.00534892
0.00610447
0.00550175
0.00556231
0.00541687
0.00580287
0.00530601
0.00550318
0.00591898
0.00547600
0.00587130
0.00563598
0.00544310
0.00539351
0.00544047
0.00579000
0.00532770
0.00548720
0.00564957
0.00552797
0.00541520
0.00574136
0.00543714
0.00540209
0.00540733
0.00534725
0.00578880
0.00606251
0.00589705
0.00543928
0.00549793
0.00559163
0.00539660
0.00538874
0.00545526
0.00542784
0.00544691
0.00552249
0.00541949
0.00540566
0.00542736
0.00583005
0.00531793
0.00546646
0.00556755
0.00546503
0.00572085
0.00554681
0.00536466
0.00541329
0.00541401
0.00551605
0.00540471
0.00612950
0.00602341
0.00553846
0.00548649
0.00597620
0.00569582
0.01059222
0.00741267
0.00657678
0.00701308
0.00650907
0.00620842
0.00546980
0.00570345
0.00655317
0.00564814
0.00818992
0.00716448
0.00571465
0.00553489
0.00561190
0.00573564
0.00569582
0.00620723
0.00576377
0.00556278
0.00560236
0.00547004
0.00575185
0.00532556
0.00598598
0.00645733
0.00554609
0.00538945
0.00546265
0.00535226
0.00532937
0.00544953
0.00540376
0.00538754
0.00590849
0.00595784
0.00530195
0.00542259
0.00608397
0.00544572
0.00694180
0.00596786
0.00535941
0.00530648
0.00538397
0.00535488
0.00536418
0.00536728
0.00517941
0.00551891
0.00522661
0.00504589
0.00516295
0.00553417
0.00512671
0.00556779
0.00554895
0.00506592
0.00565219
0.00547671
0.00543761
0.00517321
0.00565052
0.00505757
0.00514221
0.00557804
0.00520086
0.00550556
0.00541115
0.00519896
0.00512576
0.00511551
0.00522137
0.00508857
0.00519061
0.00508046
0.00515461
0.00554705
0.00542569
0.00528240
0.00547767
0.00574994
0.00534010
0.00536847
0.00556445
0.00538921
0.00535774
0.00547695
0.00519156
0.00537443
0.00545311
0.00552869
0.00530219
0.00556254
0.00545001
0.00536036
0.00539851
0.00536776
0.00525641
0.00533319
0.00569677
0.00533938
0.00594759
0.00605583
0.00544500
0.00574374
0.00552464
0.00541782
0.00533962
0.00535870
0.00529885
0.00540376
0.00556827
0.00537300
0.00528407
0.00548124
0.00527477
0.00527167
0.00536561
0.00540829
0.00529552
0.00578165
0.00594330
0.00524211
0.00542021
0.00605655
0.00535774
0.00533128
0.00600934
0.00549912
0.00529361
0.00544786
0.00533485
0.00527096
0.00536752
0.00529122
0.00524759
0.00555301
0.00566888
0.00542974
0.00592923
0.00580287
0.00547457
0.00544739
0.00546455
0.00538230
0.00591564
0.00545883
0.00538659
0.00535321
0.00542784
0.00530577
0.00538468
0.00543046
0.00541162
0.00537109
0.00592375
0.00588369
0.00533438
0.00604677
0.00618720
0.00607896
0.00548029
0.00588012
0.00552154
0.00563407
0.00548387
0.00543904
0.00543523
0.00535893
0.00547433
0.00539756
0.00545311
0.00584936
0.00604367
0.00539041
0.00554872
0.00607133
0.00541878
0.00533390
0.00590396
0.00546217
0.00532341
0.00545120
0.00530481
0.00527120
0.00538778
0.00527048
0.00526023
0.00556827
0.00571084
0.00531626
0.00544477
0.00534296
0.00535035
0.00547457
0.00575948
0.00530076
0.00596809
0.00551677
0.00551128
0.00536108
0.00544381
0.00552750
0.00529051
0.00536871
0.00533390
0.00537539
0.00539422
0.00623655
0.00596595
0.00589871
0.00604320
0.00536370
0.00535417
0.00590849
0.00544953
0.00560880
0.00538063
0.00541973
0.00525832
0.00544453
0.00574589
0.00529361
0.00586295
0.00566483
0.00531888
0.00569963
0.00566816
0.00527167
0.00541282
0.00557685
0.00547028
0.00553393
0.00553441
0.00546074
0.00541806
0.00546575
0.00541759
0.00537634
0.00551128
0.00538230
0.00542331
0.00590730
0.00614405
0.00535321
0.00594878
0.00562382
0.00577641
0.00541186
0.00568843
0.00548458
0.00552130
0.00548863
0.00588632
0.00536609
0.00552869
0.00591207
0.00545454
0.00605178
0.00557685
0.00538206
0.00544047
0.00545979
0.00549674
0.00533891
0.00550485
0.00538015
0.00541544
0.00588560
0.00582027
0.00533366
0.00554204
0.00617552
0.00536752
0.00545716
0.00602746
0.00550222
0.00544524
0.00547290
0.00550818
0.00587964
0.00597668
0.00649095
0.00549626
0.00675297
0.00563359
0.00597358
0.00551581
0.00550246
0.00596213
0.00536585
0.00612974
0.00621390
0.00570512
0.00572586
0.00553727
0.00580478
0.00542688
0.00551677
0.00616336
0.00549150
0.00563121
0.00550580
0.00547481
0.00539041
0.00544930
0.00536752
0.00538468
0.00546169
0.00553536
0.00541925
0.00592422
0.00629544
0.00542450
0.00555491
0.00567985
0.00578785
0.00548673
0.00604582
0.00552011
0.00538230
0.00584435
0.00572920
0.00545859
0.00611162
0.00620174
0.00591946
0.00550127
0.00522399
0.00541592
0.00531554
0.00524831
0.00539160
0.00516033
0.00516772
0.00514150
0.00509310
0.00579715
0.00540829
0.00516391
0.00573444
0.00581479
0.00523567
0.00531149
0.00580287
0.00533533
0.00498056
0.00520658
0.00504732
0.00505471
0.00575805
0.00531697
0.00516081
0.00607538
0.00527692
0.00520515
0.00523734
0.00539804
0.00517011
0.00523329
0.00513196
0.00518489
0.00536370
0.00528884
0.00517869
0.00530076
0.00524545
0.00515413
0.00518370
0.00525093
0.00514221
0.00580239
0.00554204
0.00516176
0.00520635
0.00551581
0.00504160
0.00515509
0.00540590
0.00491548
0.00548053
0.00913119
0.00618649
0.00528765
0.00495410
0.00502825
0.00492883
0.00557685
0.00509620
0.00509691
0.00532746
0.00525165
0.00510693
0.00527310
0.00509953
0.00520515
0.00538659
0.00525594
0.00510669
0.00534058
0.00518727
0.00511289
0.00519252
0.00514102
0.00506759
0.00542212
0.00517893
0.00519204
0.00521278
0.00527048
0.00511360
0.00526333
0.00510573
0.00524116
0.00544643
0.00525045
0.00713158
0.00578022
0.00502753
0.00510025
0.00510502
0.00495863
0.00570822
0.00506473
0.00496721
0.00514889
0.00497317
0.00496006
0.00503755
0.00497317
0.00493407
0.00554204
0.00504565
0.00497627
0.00526786
0.00490260
0.00499034
0.00520825
0.00486875
0.00499082
0.00548530
0.00503898
0.00498772
0.00512266
0.00488019
0.00504351
0.00550103
0.00491452
0.00496316
0.00546050
0.00495315
0.00502276
0.00507832
0.00489187
0.00492263
0.00533986
0.00484633
0.00541759
0.00504375
0.00498486
0.00545812
0.00543165
0.00490260
0.00503302
0.00491595
0.00491142
0.00499678
0.00494432
0.00498724
0.00502348
0.00490260
0.00490117
0.00508022
0.00504279
0.00492859
0.00504589
0.00490141
0.00550199
0.00506496
0.00504375
0.00492692
0.00501347
0.00484514
0.00502610
0.00549340
0.00493407
0.00555539
0.00536895
0.00505519
0.00502586
0.00501037
0.00504804
0.00492620
0.00509667
0.00493360
0.00562835
0.00514102
0.00505280
0.00501609
0.00505114
0.00485945
0.00497699
0.00503302
0.00496888
0.00550890
0.00518036
0.00498939
0.00509453
0.00507569
0.00491357
0.00505137
0.00544000
0.00493097
0.00567818
0.00591826
0.00533414
0.00881290
0.00617886
0.00552225
0.00514007
0.00579095
0.00556493
0.00521994
0.00527406
0.00568223
0.00527263
0.00537562
0.00617027
0.00584006
0.00548768
0.00540185
0.00531745
0.00528240
0.00532889
0.00520611
0.00536132
0.00534439
0.00533581
0.00527477
0.00582361
0.00581717
0.00531697
0.00534868
0.00618219
0.00537944
0.00538421
0.00575209
0.00550151
0.00531626
0.00548625
0.00534129
0.00537014
0.00534868
0.00575590
0.00531602
0.00602651
0.00611258
0.00544667
0.00531626
0.00548840
0.00534654
0.00533366
0.00539684
0.00539446
0.00541925
0.00546455
0.00540757
0.00522757
0.00535655
0.00526333
0.00527549
0.00540686
0.00533462
0.00538683
0.00581765
0.00586748
0.00532722
0.00553560
0.00596404
0.00545645
0.00535011
0.00602937
0.00546694
0.00568080
0.00544477
0.00546217
0.00528193
0.00537491
0.00573397
0.00527239
0.00606775
0.00591564
0.00538540
0.00614333
0.00556731
0.00550342
0.00535703
0.00548124
0.00539613
0.00546932
0.00596189
0.00601292
0.00539017
0.00553989
0.00620508
0.00555277
0.00535178
0.00617647
0.00545382
0.00539017
0.00543094
0.00544739
0.00535870
0.00547218
0.00575852
0.00536513
0.00606751
0.00612998
0.00550342
0.00850749
0.00656414
0.00557971
0.00530577
0.00603032
0.00560236
0.00544333
0.00590682
0.00586390
0.00533152
0.00567412
0.00622964
0.00566006
0.00547290
0.00658417
0.00581717
0.00542116
0.00624394
0.00616789
0.00566220
0.00531793
0.00554657
0.00549865
0.00808239
0.00592160
0.00573421
0.00635457
0.00578642
0.00598788
0.00533342
0.00609565
0.00558162
0.00608754
0.00565839
0.00532699
0.00533986
0.00534034
0.00584555
0.00570798
0.00535703
0.00537825
0.00574088
0.00524211
0.00533390
0.00614166
0.00528312
0.00575924
0.00536084
0.00534058
0.00578213
0.00538731
0.00528002
0.00528812
0.00532913
0.00532556
0.00532937
0.00569129
0.00588369
0.00523973
0.00540638
0.00587773
0.00529337
0.00706863
0.00594950
0.00540090
0.00531626
0.00533700
0.00533867
0.00536537
0.00528574
0.00533390
0.00542808
0.00565791
0.00582266
0.00537491
0.00563121
0.00524378
0.00539494
0.00581002
0.00538516
0.00588346
0.00530648
0.00524807
0.00524759
0.00543046
0.00527287
0.00528193
0.00534582
0.00531483
0.00527430
0.00573969
0.00562382
0.00525141
0.00534511
0.00571752
0.00516915
0.00534558
0.00583410
0.00548196
0.00524354
0.00535583
0.00525808
0.00528264
0.00532961
0.00533843
0.00518966
0.00541806
0.00529742
0.00528216
0.00545192
0.00547576
0.00535035
0.00542712
0.00569057
0.00524759
0.00592470
0.00556350
0.00529432
0.00531745
0.00546288
0.00545812
0.00565886
0.00547361
0.00528073
0.00528860
0.00578451
0.00573921
0.00526667
0.00534582
0.00569367
0.00537348
0.00527406
0.00592709
0.00542164
0.00534534
0.00564289
0.00529957
0.00616026
0.00534606
0.00565004
0.00515556
0.00569010
0.00570226
0.00521994
0.00527930
0.00573492
0.00526381
0.00520849
0.00544930
0.00516820
0.00573897
0.00533509
0.00529838
0.00523019
0.00556493
0.00539112
0.00559926
0.00536561
0.00534081
0.00529623
0.00591063
0.00569677
0.00527382
0.00531697
0.00582814
0.00525618
0.00529170
0.00586700
0.00540519
0.00528765
0.00563025
0.00523853
0.00545621
0.00530577
0.00527430
0.00520849
0.00555015
0.00532484
0.00529742
0.00555372
0.00544882
0.00542092
0.00554347
0.00589609
0.00541973
0.00608373
0.00568080
0.00548458
0.00547218
0.00548029
0.00550365
0.00540733
0.00605321
0.00577211
0.00552821
0.00590634
0.00554872
0.00548029
0.00543928
0.00546336
0.00553250
0.00535202
0.00590682
0.00602913
0.00560331
0.00557137
0.00565124
0.00537395
0.00544977
0.00550079
0.00544453
0.00543737
0.00597262
0.00605249
0.00548029
0.00543857
0.00573564
0.00548482
0.00545907
0.00566101
0.00563216
0.00571895
0.00557137
0.00584888
0.00546074
0.00554419
0.00616598
0.00545645
0.00606275
0.00552750
0.00547314
0.00547552
0.00550222
0.00537467
0.00544405
0.00549889
0.00551033
0.01000190
0.00958252
0.00814080
0.00646377
0.00555134
0.00604057
0.00613737
0.00579810
0.00548077
0.00577474
0.00557446
0.00559449
0.00557923
0.00566554
0.00551724
0.00591874
0.00598264
0.00544167
0.00546670
0.00555348
0.00560188
0.00578833
0.00596094
0.00755477
0.00609016
0.00605512
0.00547385
0.00562644
0.00626349
0.00576830
0.00585508
0.00567913
0.00596428
0.00547838
0.00553679
0.00601673
0.00553203
0.00552154
0.00603986
0.00562096
0.00546837
0.00605750
0.00555253
0.00555849
0.00550771
0.00595808
0.00548816
0.00612998
0.00558448
0.00563049
0.00544333
0.00559616
0.00553131
0.00557423
0.00555110
0.00562596
0.00561190
0.00604725
0.00581861
0.00545096
0.00553083
0.00567865
0.00551486
0.00549960
0.00565124
0.00555944
0.00896955
0.00660539
0.00632906
0.00604606
0.00541925
0.00601053
0.00553012
0.00547552
0.00539398
0.00554323
0.00544429
0.00546217
0.00549698
0.00550938
0.00545764
0.00600338
0.00666118
0.00544524
0.00547433
0.00553250
0.00551939
0.00559759
0.00571632
0.00632524
0.00545740
0.00567484
0.00577879
0.00576305
0.00555754
0.00606561
0.00663853
0.00576758
0.00548697
0.00562239
0.00546312
0.00551629
0.00556111
0.00579834
0.00609016
0.00617194
0.00565863
0.00561500
0.00595665
0.00545406
0.00558448
0.00530648
0.00583434
0.00619674
0.00536561
0.00591683
0.00567436
0.00540829
0.00542474
0.00591230
0.00584960
0.00532079
0.00590301
0.00576901
0.00541472
0.00530243
0.00542903
0.00536156
0.00521541
0.00534797
0.00518608
0.00539374
0.00570154
0.00570083
0.00521302
0.00528097
0.00565767
0.00521421
0.00525427
0.00602746
0.00527740
0.00545144
0.00537729
0.00528884
0.00527167
0.00533843
0.00521040
0.00522852
0.00598407
0.00541234
0.00521564
0.00565577
0.00538158
0.00525236
0.00522804
0.00563169
0.00515914
0.00572729
0.00614476
0.00562644
0.00523686
0.00541711
0.00530171
0.00524592
0.00529909
0.00525546
0.00524902
0.00586343
0.00565505
0.00526810
0.00527048
0.00581455
0.00534987
0.00538492
0.00574470
0.00532889
0.00545192
0.00534987
0.00523281
0.00521111
0.00527859
0.00524378
0.00515366
0.00548291
0.00554800
0.00523591
0.00529552
0.00565886
0.00520086
0.00534964
0.00607920
0.00522971
0.00577116
0.00534153
0.00535297
0.00521874
0.00537825
0.00531745
0.00520253
0.00531816
0.00521517
0.00531077
0.00573087
0.00578284
0.00522470
0.00525475
0.00567794
0.00523233
0.00529385
0.00590587
0.00540805
0.00538301
0.00530338
0.00528073
0.00522614
0.00537777
0.00520492
0.00523782
0.00599194
