0.00712514
0.00516772
0.00512552
0.00525546
0.00498700
0.00501537
0.00566864
0.00552607
0.00510645
0.00582170
0.00509596
0.00508070
0.00515389
0.00501418
0.00502992
0.00520515
0.00541472
0.00507784
0.00528002
0.00517988
0.00517440
0.00525880
0.00522995
0.00513148
0.00561595
0.00529051
0.00575137
0.00514698
0.00509071
0.00512981
0.00505662
0.00503230
0.00543261
0.00551677
0.00514388
0.00512624
0.00506401
0.00515604
0.00508738
0.00508976
0.00502014
0.00534892
0.00596833
0.00521445
0.00562954
0.00508928
0.00520754
0.00558043
0.00512123
0.00507569
0.00533199
0.00514054
0.00557923
0.00543046
0.00507092
0.00520396
0.00523877
0.00507164
0.00506067
0.00566959
0.00525498
0.00507975
0.00518179
0.00511026
0.00511456
0.00522947
0.00501037
0.00503612
0.00568485
0.00519562
0.00506115
0.00520229
0.00510812
0.00503445
0.00516963
0.00500822
0.00504112
0.00565243
0.00525832
0.00539470
0.00514793
0.00510120
0.00512743
0.00521278
0.00505090
0.00500345
0.00527477
0.00544453
0.00519967
0.00567365
0.00562978
0.00510550
0.00519633
0.00502610
0.00499725
0.00525808
0.00545740
0.00514531
0.00562882
0.00573874
0.00530601
0.00516224
0.00534153
0.00536728
0.00574112
0.00517035
0.00555015
0.00512338
0.00519013
0.00541830
0.00526643
0.00565720
0.00571656
0.00527954
0.00501442
0.00507069
0.00521398
0.00501013
0.00508094
0.00493789
0.00514483
0.00543618
0.00510001
0.00563478
0.00506830
0.00501704
0.00535536
0.00492334
0.00502467
0.00532484
0.00503707
0.00535417
0.00491548
0.00607777
0.00545931
0.00488520
0.00492859
0.00487304
0.00491285
0.00498271
0.00526357
0.00486708
0.00502419
0.00490475
0.00487423
0.00495815
0.00490379
0.00483298
0.00512719
0.00501633
0.00494576
0.00501180
0.00495172
0.00487185
0.00494790
0.00484395
0.00485921
0.00545359
0.00514293
0.00500154
0.00501347
0.00486279
0.00493670
0.00493670
0.00490594
0.00548768
0.00542426
0.00503492
0.00498962
0.00496340
0.00497842
0.00491953
0.00500703
0.00489998
0.00486088
0.00546122
0.00502300
0.00494051
0.00503159
0.00502062
0.00497985
0.00500250
0.00488901
0.00485158
0.00558376
0.00508308
0.00551224
0.00499344
0.00516868
0.00494003
0.00498700
0.00491214
0.00485206
0.00545287
0.00529933
0.00496912
0.00501370
0.00495911
0.00499105
0.00498676
0.00490928
0.00493312
0.00551867
0.00495911
0.00525880
0.00498700
0.00491166
0.00667930
0.00551558
0.00535750
0.00610805
0.00503421
0.00500607
0.00511122
0.00493836
0.00492907
0.00498223
0.00493622
0.00491643
0.00580072
0.00493002
0.00548100
0.00534964
0.00490379
0.00507808
0.00541615
0.00491190
0.00491047
0.00539923
0.00496793
0.00551724
0.00554109
0.00493431
0.00503516
0.00498962
0.00489163
0.00494933
0.00504541
0.00548100
0.00507498
0.00496817
0.00497818
0.00521278
0.00486231
0.00507927
0.00504088
0.00485611
0.00508118
0.00531530
0.00494027
0.00507426
0.00494194
0.00491023
0.00506330
0.00489640
0.00487638
0.00552034
0.00502348
0.00504494
0.00506735
0.00485158
0.00497437
0.00531745
0.00501943
0.00485778
0.00496888
0.00549960
0.00495887
0.00518847
0.00492716
0.00499582
0.00497603
0.00499654
0.00488067
0.00481033
0.00508571
0.00527787
0.00522923
0.00511098
0.00488997
0.00490880
0.00499940
0.00484538
0.00488305
0.00550723
0.00519109
0.00523424
0.00505114
0.00490952
0.00495911
0.00555897
0.00488734
0.00486588
0.00551248
0.00502110
0.00548315
0.00557566
0.00502157
0.00545359
0.00547242
0.00502205
0.00501728
0.00552511
0.00525403
0.00500417
0.00506115
0.00492716
0.00505280
0.00499058
0.00494623
0.00491524
0.00491905
0.00549722
0.00501990
0.00524378
0.00496650
0.00504446
0.00486398
0.00505185
0.00496197
0.00486541
0.00504184
0.00525808
0.00811529
0.00572729
0.00573492
0.00514865
0.00513911
0.00578070
0.00517416
0.00504827
0.00505328
0.00513172
0.00506544
0.00500274
0.00499868
0.00493217
0.00571322
0.00519967
0.00501275
0.00525331
0.00498199
0.00497437
0.00539613
0.00490212
0.00492954
0.00554252
0.00500154
0.00545287
0.00557065
0.00502706
0.00499272
0.00538445
0.00495338
0.00491261
0.00557256
0.00729537
0.00597930
0.00503373
0.00507140
0.00543094
0.00491619
0.00498652
0.00500250
0.00546288
0.00517154
0.00498581
0.00495291
0.00516009
0.00494576
0.00495625
0.00503397
0.00525093
0.00568628
0.00528193
0.00517392
0.00516653
0.00545788
0.00518894
0.00525165
0.00522685
0.00527358
0.00596237
0.00531268
0.00572872
0.00529051
0.00529575
0.00563312
0.00522709
0.00517607
0.00516081
0.00503969
0.00508714
0.00542116
0.00498366
0.00509071
0.00498247
0.00502038
0.00499558
0.00504351
0.00509048
0.00503445
0.00497031
0.00497317
0.00517201
0.00506306
0.00561237
0.00499821
0.00520802
0.00545812
0.00513721
0.00495219
0.00497270
0.00510812
0.00500751
0.00505280
0.00505233
0.00509882
0.00558519
0.00511241
0.00512886
0.00503588
0.00516176
0.00504541
0.00507808
0.00496435
0.00506353
0.00571442
0.00534153
0.00539446
0.00519872
0.00526786
0.00508952
0.00501943
0.00502658
0.00542831
0.00564146
0.00513458
0.00514364
0.00517964
0.00525355
0.00519109
0.00574708
0.00506568
0.00521946
0.00569558
0.00505328
0.00506163
0.00544858
0.00518131
0.00530863
0.00585079
0.00530744
0.00582194
0.00524998
0.00592065
0.00596738
0.00530601
0.00591350
0.00528812
0.00525522
0.00572968
0.00599146
0.00581765
0.00528574
0.00572705
0.00589609
0.00536132
0.00577950
0.00538969
0.00548530
0.00582385
0.00528812
0.00544810
0.00516844
0.00534225
0.00517774
0.00513315
0.00519991
0.00543618
0.00567150
0.00527143
0.00520539
0.00516224
0.00525236
0.00518298
0.00511646
0.00522423
0.00545859
0.00567985
0.00521326
0.00515914
0.00518632
0.00522518
0.00521541
0.00515580
0.00510788
0.00553417
0.00584960
0.00531983
0.00521183
0.00516915
0.00541520
0.00522780
0.00516438
0.00524282
0.00574684
0.00575686
0.00535297
0.00599337
0.00521278
0.00530005
0.00521946
0.00517774
0.00518513
0.00535274
0.00594759
0.00541282
0.00568414
0.00518179
0.00532699
0.00563931
0.00519586
0.00525069
0.00573015
0.00535679
0.00579381
0.00579906
0.00516844
0.00529861
0.00563622
0.00520134
0.00524521
0.00682425
0.00520849
0.00531554
0.00528550
0.00516129
0.00529075
0.00526285
0.00508952
0.00514650
0.00600481
0.00536442
0.00528264
0.00554681
0.00521398
0.00531554
0.00529480
0.00515008
0.00521111
0.00595641
0.00547361
0.00525951
0.00591755
0.00518942
0.00531697
0.00528812
0.00515103
0.00513601
0.00553513
0.00538898
0.00529051
0.00535655
0.00527072
0.00510120
0.00523949
0.00504470
0.00505757
0.00582099
0.00553131
0.00525355
0.00522375
0.00510073
0.00507402
0.00517702
0.00505590
0.00509429
0.00603437
0.00519586
0.00535059
0.00558400
0.00522852
0.00519753
0.00518727
0.00505519
0.00510168
0.00571299
0.00530052
0.00512242
0.00521040
0.00500178
0.00525641
0.00517964
0.00500822
0.00506687
0.00573349
0.00526810
0.00512552
0.00520420
0.00507164
0.00513005
0.00543690
0.00503039
0.00513434
0.00637007
0.00525808
0.00522923
0.00524998
0.00511336
0.00522637
0.00519800
0.00502110
0.00510740
0.00618052
0.00510168
0.00584078
0.00518870
0.00516057
0.00509596
0.00530887
0.00506949
0.00507140
0.00569701
0.00525570
0.00567269
0.00557280
0.00519800
0.00512075
0.00529528
0.00506353
0.00508332
0.00595570
0.00579572
0.00523853
0.00536203
0.00533295
0.00530887
0.00536370
0.00522065
0.00523877
0.00543523
0.00563192
0.00534797
0.00530386
0.00524235
0.00532460
0.00531912
0.00521564
0.00519943
0.00548053
0.00570130
0.00531435
0.00537872
0.00527358
0.00530052
0.00527430
0.00521445
0.00523114
0.00542831
0.00564122
0.00574112
0.00585103
0.00663900
0.00541139
0.00521183
0.00515771
0.00610709
0.00542521
0.00523806
0.00563788
0.00527191
0.00523949
0.00536251
0.00521278
0.00515604
0.00589061
0.00540185
0.00522017
0.00536323
0.00527859
0.00521994
0.00532794
0.00516820
0.00512338
0.00624108
0.00538301
0.00523686
0.00540161
0.00527740
0.00533843
0.00545955
0.00521326
0.00517488
0.00636744
0.00549221
0.00549316
0.00540614
0.00536084
0.00530624
0.00534582
0.00517249
0.00513792
0.00583529
0.00541711
0.00521803
0.00535727
0.00529218
0.00523376
0.00539517
0.00518560
0.00520015
0.00612688
0.00564122
0.00523019
0.00564623
0.00527287
0.00523782
0.00537968
0.00519872
0.00513721
0.00623822
0.00548434
0.00521755
0.00540757
0.00528932
0.00520945
0.00585866
0.00522685
0.00516462
0.00627136
0.00536704
0.00532079
0.00538826
0.00531816
0.00552320
0.00587130
0.00522184
0.00518847
0.00605369
0.00554967
0.00533104
0.00536799
0.00531626
0.00520325
0.00539517
0.00517154
0.00514817
0.00589180
0.00570107
0.00521135
0.00603867
0.00531530
0.00523496
0.00574398
0.00523853
0.00528860
0.00602746
0.00536752
0.00586390
0.00538635
0.00549078
0.00575018
0.00538683
0.00574517
0.00533676
0.00540113
0.00592160
0.00526381
0.00576544
0.00584078
0.00562024
0.00588775
0.00539374
0.00571084
0.00594640
0.00530386
0.00524974
0.00581098
0.00512147
0.00523400
0.00578332
0.00516391
0.00524783
0.00583553
0.00521231
0.00524139
0.00517750
0.00524640
0.00507545
0.00516248
0.00501394
