0.00250411
0.00520062
0.00502467
0.00495219
0.00521398
0.00507593
0.00513697
0.00530887
0.00565767
0.00550866
0.00591016
0.00575376
0.00515914
0.00517488
0.00513029
0.00555873
0.00528812
0.00515604
0.00523257
0.00509644
0.00582290
0.01045847
0.00695038
0.00566959
0.00520635
0.00588989
0.00505853
0.00517344
0.00545335
0.00518298
0.00508475
0.00543308
0.00526571
0.00570488
0.00528646
0.00504112
0.00631046
0.00812364
0.00671887
0.00602555
0.00510716
0.00555849
0.00525451
0.00553060
0.00512528
0.00511241
0.00522304
0.00579405
0.00580573
0.01147795
0.00933981
0.00652766
0.00574183
0.00526619
0.00499511
0.00557423
0.00570297
0.00542212
0.00503826
0.00517559
0.00503397
0.00511050
0.00520921
0.00511742
0.00505042
0.00509191
0.00501370
0.00526381
0.00511312
0.00518274
0.00514150
0.00524402
0.00514507
0.00512052
0.00514364
0.00506210
0.00501370
0.00503945
0.00521398
0.00553608
0.00545096
0.00507855
0.00557852
0.00504613
0.00551152
0.00503612
0.00512099
0.00499582
0.00499916
0.00499845
0.00579572
0.00508499
0.00517249
0.00503802
0.00532770
0.00510192
0.00514627
0.00503731
0.00506639
0.00500846
0.00496316
0.00516486
0.00518870
0.00508714
0.00548720
0.00558829
0.00502419
0.00555778
0.00502181
0.00550580
0.00500798
0.00500512
0.00496483
0.00575686
0.00510120
0.00508928
0.00505877
0.00510788
0.00498366
0.00511265
0.00494218
0.00503016
0.00504804
0.00500059
0.00493550
0.00518298
0.00498939
0.00506401
0.00508070
0.00506306
0.00510359
0.00517702
0.00505877
0.00509071
0.00507665
0.00506616
0.00517988
0.00525689
0.00544620
0.00504684
0.00548196
0.00508308
0.00550961
0.00502443
0.00547838
0.00496268
0.00498128
0.00492001
0.00556135
0.00505614
0.00506139
0.00492978
0.00574327
0.00493813
0.00511980
0.00505114
0.00515914
0.00496387
0.00498819
0.00494981
0.00516033
0.00518990
0.00506186
0.00537205
0.00508404
0.00504684
0.00505328
0.00513601
0.00503373
0.00504422
0.00505328
0.00557804
0.00564265
0.00560546
0.00551367
0.00516081
0.00531983
0.00514698
0.00502110
0.00519848
0.00502133
0.00503373
0.00500178
0.00521541
0.00510526
0.00525522
0.00514817
0.00507164
0.00513768
0.00507975
0.00507641
0.00508404
0.00502634
0.00504160
0.00521302
0.00576472
0.00544810
0.00514531
0.00536776
0.00502634
0.00518775
0.00504160
0.00512266
0.00502515
0.00502324
0.00504327
0.00584769
0.00505376
0.00510907
0.00507903
0.00518966
0.00506258
0.00518250
0.00510216
0.00512552
0.00505638
0.00502801
0.00521755
0.00556421
0.00551939
0.00512910
0.00576162
0.00518870
0.00566864
0.00512838
0.00517225
0.00505376
0.00509739
0.00505972
0.00544620
0.00517035
0.00523353
0.00509930
0.00530910
0.00521803
0.00519443
0.00515699
0.00514698
0.00506806
0.00510073
0.00525022
0.00575447
0.00550961
0.00818133
0.00641513
0.00619030
0.00525594
0.00523520
0.00514269
0.00519347
0.00514340
0.00541234
0.00520420
0.00529552
0.00550342
0.00538683
0.00518823
0.00522804
0.00517464
0.00524044
0.00514507
0.00776505
0.00595951
0.00556755
0.00519013
0.00564384
0.00581813
0.00534964
0.00518250
0.00527954
0.00515556
0.00516200
0.00511742
0.00540423
0.00523067
0.00531268
0.00524068
0.00526476
0.00522614
0.00518370
0.00515413
0.00517392
0.00513506
0.00511408
0.00576377
0.00579476
0.00579667
0.00515819
0.00526333
0.00513434
0.00531459
0.00513935
0.00537324
0.00515771
0.00512218
0.00539184
0.00531840
0.00531197
0.00557828
0.00560689
0.00517058
0.00563359
0.00515604
0.00544500
0.00509048
