0.00261664
0.00546408
0.00513840
0.00504732
0.00514221
0.00497842
0.00547123
0.00503159
0.00505018
0.00502133
0.00496960
0.00518036
0.00512338
0.00504637
0.00543904
0.00557184
0.00501108
0.00551319
0.00504565
0.00547767
0.00495720
0.00498867
0.00495934
0.00565720
0.00505042
0.00507283
0.00495434
0.00511003
0.00493479
0.00502419
0.00494766
0.00507927
0.00494289
0.00497174
0.00492048
0.00513768
0.00489593
0.00494289
0.00531912
0.00506163
0.00496745
0.00492525
0.00495243
0.00492907
0.00484228
0.00482869
0.00512695
0.00496864
0.00518274
0.00550032
0.00495386
0.00524116
0.00496364
0.00494719
0.00495315
0.00502324
0.00492048
0.00490284
0.00545120
0.00552630
0.00537109
0.00501490
0.00509501
0.00490117
0.00544977
0.00492454
0.00501418
0.00486040
0.00486875
0.00509620
0.00554991
0.00495195
0.00513339
0.00496507
0.00515270
0.00510073
0.00510216
0.00494385
0.00509667
0.00495195
0.00490141
0.00523257
0.00506353
0.00506806
0.00540090
0.00525260
0.00497127
0.00498247
0.00493431
0.00499201
0.00526285
0.00489926
0.00489020
0.00561023
0.00558543
0.00557542
0.00554180
0.00505042
0.00488949
0.00499749
0.00489306
0.00498343
0.00495839
0.00501776
0.00487423
0.00550699
0.00495028
0.00500393
0.00489950
0.00524306
0.00486970
0.00513864
0.00484562
0.00497270
0.00483823
0.00486064
0.00605893
0.00551915
0.00511909
0.00529051
0.00547600
0.00485373
0.00538468
0.00486851
0.00537682
0.00719166
0.00585318
0.00585580
0.00551176
0.00548458
0.00483394
0.00491810
0.00480938
0.00487924
0.00480986
0.00501704
0.00491524
0.00500202
0.00496936
0.00544000
0.00485253
0.00496387
0.00522137
0.00490355
0.00482154
0.00488734
0.00478673
0.00495982
0.00488377
0.00482178
0.00478840
0.00524569
0.00485086
0.00492668
0.00478029
0.00486588
0.00480390
0.00487924
0.00477552
0.00490379
0.00478578
0.00477266
0.00478721
0.00538588
0.00484753
0.00491905
0.00475240
0.00513554
0.00476408
0.00486588
0.00476217
0.00486135
0.00473642
0.00476050
0.00473475
0.00541425
0.00483036
0.00490618
0.00474787
0.00489998
0.00476336
0.00487947
0.00476336
0.00487828
0.00497580
0.00479698
0.00486183
0.00533628
0.00485778
0.00493360
0.00482845
0.00489926
0.00480819
0.00485516
0.00476456
0.00488949
0.00479960
0.00480127
0.00484586
0.00525641
0.00481367
0.00488353
0.00501919
0.00485492
0.00477862
0.00481844
0.00472903
0.00486875
0.00473571
0.00474906
0.00476360
0.00534964
0.00479770
0.00492072
0.00474286
0.00485516
0.00489879
0.00507855
0.00527310
0.00544763
0.00533795
0.00531769
0.00548363
0.00607276
0.00561309
0.00495005
0.00493264
0.00476027
0.00534248
0.00478578
0.00486588
0.00520205
0.00482035
0.00475955
0.00559616
0.00492072
0.00492382
0.00479507
0.00488138
0.00477672
0.00490522
0.00478244
0.00485921
0.00479579
0.00480914
0.00475359
0.00540733
0.00486255
0.00488257
0.00507450
