0.00249910
0.00517559
0.00569630
0.00558662
0.00529695
0.00498056
0.00497627
0.00576138
0.00549293
0.00510955
0.00497127
0.00513029
0.00486994
0.00509238
0.00497723
0.00508618
0.00502944
0.00502729
0.00498414
0.00524688
0.00504541
0.00514889
0.00495744
0.00535393
0.00502157
0.00513172
0.00497460
0.00507784
0.00494957
0.00492740
0.00553465
0.00519705
0.00560212
0.00547481
0.00557780
0.00500703
0.00568008
0.00504637
0.00574303
0.00495028
0.00499701
0.00497246
0.00571728
0.00492668
0.00510764
0.00522518
0.00503802
0.00499296
0.00507832
0.00501823
0.00516915
0.00498867
0.00493431
0.00504875
0.00532722
0.00506687
0.00538802
0.00521970
0.00507760
0.00515842
0.00986981
0.00663757
0.00565648
0.00526094
0.00573015
0.00510192
0.00513744
0.00493765
0.00539207
0.01118016
0.00765467
0.00604033
0.00543261
0.00526261
0.00516152
0.00516510
0.00534511
0.00502157
0.00490713
0.00493383
0.00491166
0.00506616
0.00498128
0.00496936
0.00495291
0.00513363
0.00551867
0.00539398
0.00504184
0.00557590
0.00506067
0.00547004
0.00500464
0.00525355
0.00497746
0.00498748
0.00540400
0.00567412
0.00534868
0.00516057
0.00563622
0.00514555
0.00506759
0.00509310
0.00507545
0.00507379
0.00499249
0.00497508
0.00518203
0.00517297
0.00506997
0.00548434
0.00545716
0.00534129
0.00545573
0.00502634
0.00553560
0.00498438
0.00495529
0.00495982
0.00573945
0.00505567
0.00511456
0.00497770
0.00524068
0.00482678
0.00498557
0.00484180
