0.00701571
0.00539780
0.00505376
0.00502706
0.00505924
0.00503516
0.00531220
0.00514579
0.00502634
0.00511670
0.00507689
0.00502682
0.00503016
0.00536323
0.00497532
0.00568795
0.00584364
0.00518441
0.00503182
0.00508738
0.00512815
0.00497627
0.00506854
0.00500965
0.00519586
0.00522280
0.00514865
0.00500393
0.00547290
0.00542569
0.00499582
0.00507426
0.00519252
0.00501394
0.00550842
0.00550556
0.00492930
0.00501180
0.00544286
0.00495934
0.00505114
0.00504375
0.00502062
0.00554323
0.00550890
0.00495625
0.00503993
0.00498796
0.00496697
0.00507593
0.00501084
0.00503659
0.00506067
0.00509620
0.00499678
0.00507379
0.00503874
0.00497818
0.00502086
0.00499225
0.00512815
0.00506902
0.00527525
0.00554943
0.00519657
0.00524378
0.00518489
0.00528502
0.00521755
0.00512981
0.00556040
0.00563788
0.00508761
0.00508142
0.00558662
0.00505376
0.00512671
0.00516415
0.00509191
0.00556922
0.00550127
0.00503707
0.00515699
0.00554299
0.00506449
0.00514174
0.00517178
0.00510240
0.00568032
0.00608850
0.00503397
0.00527477
0.00578880
0.00510311
0.00507259
0.00587869
0.00523281
0.00505424
0.00522852
0.00529099
0.00509644
0.00520945
0.00520587
0.00504518
0.00537944
0.00546360
0.00536036
0.00521445
0.00550842
0.00506496
0.00520468
0.00563049
0.00505066
0.00565577
0.00552249
0.00511169
0.00514793
0.00540662
0.00515223
0.00506854
0.00521684
0.00520015
0.00543499
0.00532651
0.00516486
0.00508451
0.00516200
0.00520730
0.00506783
0.00515556
0.00505924
0.00514865
0.00554037
0.00565577
0.00504875
0.00534558
0.00558829
0.00520396
0.00530553
0.00584102
0.00523520
0.00516844
0.00522423
0.00514913
0.00507426
0.00514269
0.00515866
0.00505328
0.00582528
0.00522876
0.00536919
0.00518489
0.00510430
0.00505853
0.00513339
0.00509405
0.00505280
0.00521207
0.00520158
0.00510359
0.00541091
0.00522208
0.00517678
0.00514293
0.00556469
0.00503445
0.00522614
0.00546741
0.00504923
0.00508571
0.00518084
0.00548792
0.00558352
0.00595164
0.00500965
0.00565290
0.00574660
0.00580597
0.00518703
0.00520444
0.00519013
0.00529647
0.00516701
0.00510240
0.00526118
0.00528240
0.00513220
0.00565410
0.00514889
0.00521684
0.00490403
0.00512266
0.00524664
0.00496817
0.00565624
0.00531316
0.00493336
0.00509167
0.00524402
0.00503588
0.00552773
0.00545692
0.00508833
0.00555205
0.00570226
0.00513268
0.00515580
0.00508785
0.00539064
0.00509191
0.00515866
0.00512815
0.00503135
0.00508428
0.00500035
0.00488114
0.00498509
0.00487924
0.00494075
0.00502920
0.00496292
0.00520086
0.00503278
0.00489497
0.00490832
0.00497842
0.00489902
0.00488377
0.00537300
0.00499678
0.00494623
0.00505996
0.00482702
0.00502110
0.00498748
0.00484085
0.00499344
0.00549579
0.00493598
0.00497007
0.00537610
0.00481272
0.00503802
0.00581908
0.00503564
0.00504947
0.00551939
0.00502181
0.00497317
0.00495315
0.00491953
0.00494218
0.00503612
0.00489640
0.00497794
0.00542283
0.00495434
0.00523949
0.00498438
0.00488281
0.00494552
0.00501466
0.00492024
0.00496149
0.00534916
0.00507784
0.00491524
0.00496173
0.00482607
0.00502443
0.00530028
0.00487590
0.00502205
0.00499272
0.00488329
0.00534701
0.00562501
0.00486970
0.00493908
0.00636148
0.00546336
0.00511169
0.00492382
0.00504565
0.00519371
0.00492859
0.00493789
0.00492430
0.00486469
0.00492787
0.00504637
0.00542521
0.00496411
0.00491977
0.00486469
0.00496054
0.00491762
0.00485945
0.00540590
0.00490403
0.00549436
0.00492954
0.00495124
0.00489664
0.00497794
0.00487494
0.00491238
0.00537658
0.00485110
0.00554299
0.00496602
0.00490952
0.00509167
0.00536942
0.00486970
0.00499582
0.00533938
0.00506902
0.00551271
0.00527811
0.00493908
0.00489855
0.00507426
0.00494409
0.00487900
0.00494385
0.00491476
0.00549507
0.00496364
0.00517583
0.00489378
0.00496721
0.00483990
0.00497317
0.00506163
0.00484347
0.00555611
0.00506687
0.00566363
0.00490475
0.00535369
0.00489879
0.00493741
0.00495148
0.00482225
0.00551128
0.00518560
0.00494289
0.00495362
0.00531363
0.00487852
0.00492072
0.00499558
0.00501680
0.00551105
0.00503469
0.00491238
0.00496340
0.00495481
0.00495648
0.00487709
0.00499415
0.00483108
0.00556707
0.00498343
0.00498891
0.00491691
0.00491643
0.00506210
0.00500488
0.00503302
0.00509214
0.00560403
0.00508118
0.00531507
0.00507617
0.00505543
0.00505495
0.00501561
0.00505614
0.00514674
0.00553131
0.00506568
0.00501156
0.00498819
0.00506592
0.00506258
0.00497317
0.00511837
0.00561929
0.00561619
0.00513721
0.00503445
0.00499868
0.00504422
0.00501585
0.00496840
0.00508118
0.00503588
0.00504208
0.00505543
0.00498939
0.00498056
0.00505972
0.00509381
0.00502110
0.00506663
0.00514746
0.00551987
0.00507927
0.00534010
0.00500178
0.00510955
0.00507903
0.00498080
0.00510693
0.00526786
0.00566173
0.00508690
0.00507069
0.00502563
0.00509596
0.00507236
0.00500703
0.00502372
0.00504780
0.00565457
0.00511479
0.00517130
0.00547576
0.00505137
0.00559378
0.00509334
0.00507665
0.00511813
0.00513172
0.00519013
0.00522327
0.00502992
0.00510406
0.00512433
0.00526595
0.00501513
0.00522542
0.00516605
0.00501990
0.00523782
0.00503373
0.00500703
0.00513077
0.00508618
0.00498819
0.00541806
0.00509143
0.00504851
0.00514674
0.00505471
0.00501990
0.00515914
0.00517869
0.00499272
0.00573897
0.00547624
0.00514793
0.00570369
0.00546575
0.00505280
0.00516272
0.00547171
0.00501299
0.00529337
0.00560403
0.00502372
0.00514722
0.00553846
0.00498629
0.00517917
0.00551271
0.00496125
0.00562143
0.00571132
0.00523162
0.00519538
0.00525665
0.00521493
0.00502419
0.00505972
0.00506806
0.00528359
0.00514627
0.00564456
0.00508428
0.00522900
0.00517321
0.00522280
0.00522470
0.00525761
0.00530982
0.00573635
0.00586128
0.00534606
0.00533581
0.00580621
0.00523329
0.00525618
0.00585651
0.00537038
0.00544691
0.00537777
0.00528169
0.00525045
0.00544095
0.00534844
0.00526357
0.00553703
0.00610948
0.00533199
0.00583911
0.00644803
0.00536966
0.00540042
0.00546074
0.00561213
0.00539804
0.00585318
0.00634575
0.00540972
0.00604415
0.00538325
0.00568795
0.00515842
0.00584817
0.00554061
0.00521517
0.00556731
0.00583005
0.00547457
0.00581956
0.00517941
0.00527072
0.00521398
0.00531554
0.00520897
0.00566483
0.00529337
0.00549698
0.00507784
0.00580359
0.00605512
0.00524497
0.00523782
0.00531435
0.00516343
0.00520492
0.00514841
0.00525260
0.00517535
0.00538087
0.00527954
0.00515366
0.00553179
0.00524211
0.00515008
0.00519919
0.00551605
0.00511169
0.00528693
0.00542951
0.00513148
0.00516582
0.00560665
0.00520539
0.00517941
0.00566244
0.00508642
0.00558567
0.00519109
0.00552845
0.00511789
0.00514507
0.00511789
0.00508952
0.00514150
0.00499845
0.00568891
0.00513625
0.00504422
0.00503206
0.00512981
0.00506663
0.00501084
0.00500369
0.00557804
0.00515699
0.00510263
0.00490212
0.00491881
0.00506639
0.00503206
0.00491071
0.00497770
0.00491071
0.00497842
0.00499988
0.00497890
0.00497103
0.00513959
0.00507283
0.00489259
0.00492215
0.00497246
0.00547171
0.00506353
0.00545669
0.00491524
0.00497103
0.00502896
0.00490212
0.00497699
0.00488806
0.00520706
0.00504732
0.00496030
0.00493312
0.00503421
0.00495124
0.00488162
0.00499988
0.00498343
0.00542736
0.00514531
0.00494838
0.00487375
0.00507307
0.00498962
0.00496697
0.00503206
0.00497293
0.00554800
0.00498438
0.00489712
0.00493264
0.00496101
0.00494885
0.00490665
0.00514126
0.00489211
0.00562358
0.00497556
0.00516796
0.00495744
0.00492978
0.00489616
0.00495815
0.00495028
0.00481606
0.00557637
0.00542665
0.00515223
0.00492120
0.00516057
0.00484681
0.00501418
0.00508094
0.00483799
0.00556564
0.00520086
