0.00678158
0.00506449
0.00505424
0.00495267
0.00503659
0.00500798
0.00544882
0.00504589
0.00498176
0.00495243
0.00501728
0.00501657
0.00496387
0.00509763
0.00498796
0.00565577
0.00502896
0.00508595
0.00496912
0.00494671
0.00497508
0.00497532
0.00508380
0.00491834
0.00559425
0.00506186
0.00533772
0.00495601
0.00537086
0.00493717
0.00499940
0.00514746
0.00497961
0.00561357
0.00504541
0.00498796
0.00496507
0.00507975
0.00490475
0.00504804
0.00505996
0.00502944
0.00567865
0.00514627
0.00510931
0.00507569
0.00525808
0.00500822
0.00502968
0.00509167
0.00503349
0.00562334
0.00504589
0.00501895
0.00501966
0.00514221
0.00505638
0.00505042
0.00521398
0.00501442
0.00571728
0.00512409
0.00529838
0.00503874
0.00513768
0.00572038
0.00504112
0.00508189
0.00521588
0.00573468
0.00509715
0.00504327
0.00501800
0.00508547
0.00502872
0.00500202
0.00505567
0.00499415
0.00565481
0.00511742
0.00502086
0.00508881
0.00505257
0.00506401
0.00501490
0.00509381
0.00515866
0.00564528
0.00511932
0.00525212
0.00516868
0.00520611
0.00511146
0.00504017
0.00660372
0.00625372
0.00553632
0.00602746
0.00506115
0.00512433
0.00552177
0.00505018
0.00555754
0.00560069
0.00526047
0.00506258
0.00511456
0.00501680
0.00505590
0.00512815
0.00510478
0.00508380
0.00559592
0.00520635
0.00539970
0.00514269
0.00515223
0.00505185
0.00511622
0.00512910
0.00505590
0.00564384
0.00513673
0.00506949
0.00549078
0.00509953
0.00508642
0.00514340
0.00504494
0.00509024
0.00518250
0.00515985
0.00508690
0.00516510
0.00505328
0.00504565
0.00513864
0.00515938
0.00508642
0.00527692
0.00545907
0.00507402
0.00522017
0.00548601
0.00508976
0.00512791
0.00549078
0.00500917
0.00521827
0.00561976
0.00535274
0.00517154
0.00561142
0.00500321
0.00523090
0.00515294
0.00506830
0.00570393
0.00535655
0.00527525
0.00512815
0.00533891
0.00547481
0.00511479
0.00542974
0.00538564
0.00513959
0.00554395
0.00568080
0.00505733
0.00556421
0.00593758
0.00527072
0.00570893
0.00577235
0.00539184
0.00547981
0.00519061
0.00551009
0.00509882
0.00520134
0.00548744
0.00511885
0.00558686
0.00598001
0.00541115
0.00523520
0.00525093
0.00551987
0.00537729
0.00502801
0.00504827
0.00503802
0.00506043
0.00538635
0.00493979
0.00500154
0.00497937
0.00489640
0.00497770
0.00492454
0.00505972
0.00509763
0.00492430
0.00489306
0.00513315
0.00493121
0.00488925
0.00497937
0.00505948
0.00549483
0.00502300
0.00520277
0.00489521
0.00500774
0.00492930
0.00493813
0.00497532
0.00502157
0.00557303
0.00499964
0.00491929
0.00497985
0.00513792
0.00514841
0.00537586
0.00504041
0.00503826
0.00544882
0.00503659
0.00490952
0.00491095
0.00500679
0.00492287
0.00491309
0.00498009
0.00513411
0.00536346
0.00500941
0.00492382
0.00496054
0.00497675
0.00492811
0.00490832
0.00508118
0.00571990
0.00550175
0.00500393
0.00490761
0.00490999
0.00509024
0.00493097
0.00489736
0.00497794
0.00489330
0.00553250
0.00501084
0.00523782
0.00497174
0.00495315
0.00486040
0.00496030
0.00500131
0.00492549
0.00542998
0.00496864
0.00492477
0.00491953
0.00505662
0.00493479
0.00492263
0.00504994
0.00497437
0.00542164
0.00510931
0.00495052
0.00495219
0.00500631
0.00494838
0.00491929
0.00512791
0.00499129
0.00561881
0.00501728
0.00498104
0.00494170
0.00511169
0.00495791
0.00497723
0.00501728
0.00491858
0.00540447
0.00507331
0.00492978
0.00500846
0.00502324
0.00487924
0.00499368
0.00507307
0.00495172
0.00552917
0.00502944
0.00551057
0.00495315
0.00501609
0.00484967
0.00494599
0.00504231
0.00488281
0.00543022
0.00544429
0.00510931
0.00493693
0.00539684
0.00485206
0.00497699
0.00500178
0.00495005
0.00552535
0.00513268
0.00504470
0.00490880
0.00539231
0.00502253
0.00499344
0.00503349
0.00498915
0.00545669
0.00512028
0.00513721
0.00489783
0.00509930
0.00499439
0.00489736
0.00485396
0.00531268
0.00548315
0.00501347
0.00532460
0.00497270
0.00514150
0.00492501
0.00493622
0.00486445
0.00512528
0.00555420
0.00517297
0.00500345
0.00496936
0.00502419
0.00499320
0.00499725
0.00486708
0.00485921
0.00545573
0.00520515
0.00510645
0.00528479
0.00499201
0.00495744
0.00490689
0.00502634
0.00554514
0.00558114
0.00523400
0.00515199
0.00505447
0.00506783
0.00507879
0.00503492
0.00499725
0.00533891
0.00561380
0.00509429
0.00503016
0.00497794
0.00595760
0.00576258
0.00510669
0.00501060
0.00517631
0.00509167
0.00503111
0.00519180
0.00500083
0.00500154
0.00509810
0.00498581
0.00494361
0.00555491
0.00511527
0.00537109
0.00514221
0.00506854
0.00507808
0.00512290
0.00497842
0.00500989
0.00558448
0.00522113
0.00561810
0.00507236
0.00498843
0.00514030
0.00546789
0.00498033
0.00498557
0.00509429
0.00507879
0.00554776
0.00567031
0.00499296
0.00506568
0.00546861
0.00501180
0.00511670
0.00506210
0.00511909
0.00512433
0.00533247
0.00504375
0.00518179
0.00503230
0.00501251
0.00501537
0.00548434
0.00564790
0.00512433
0.00506568
0.00553441
0.00511956
0.00506926
0.00507569
0.00505280
0.00544691
0.00568104
0.00529718
0.00512981
0.00509119
0.00527549
0.00511050
0.00504351
0.00505781
0.00558591
0.00561571
0.00529218
0.00513363
0.00504637
0.00517654
0.00507164
0.00503802
0.00515223
0.00551510
0.00570154
0.00532222
0.00516725
0.00506949
0.00533462
0.00521040
0.00512099
0.00506902
0.00532627
0.00574708
0.00517440
0.00536966
0.00549173
0.00519681
0.00542545
0.00507474
0.00507641
0.00513935
0.00523877
0.00517440
0.00510836
0.00510597
0.00513840
0.00505757
0.00506592
0.00500822
0.00514340
0.00558829
0.00521898
0.00508428
0.00509930
0.00516272
0.00512552
0.00504065
0.00504947
0.00511789
0.00554967
0.00523114
0.00550961
0.00517845
0.00519013
0.00550485
0.00502586
0.00506043
0.00585866
0.00510716
0.00521159
0.00579071
0.00519586
0.00566101
0.00516129
0.00540161
0.00504279
0.00540757
0.00551605
0.00689149
0.00573444
0.00517988
0.00516462
0.00540280
0.00515604
0.00561547
0.00579381
0.00511312
0.00567222
0.00577617
0.00520325
0.00584030
0.00512290
0.00533557
0.00512743
0.00511003
0.00537419
0.00506973
0.00545907
0.00542164
0.00501990
0.00537395
0.00592923
0.00495458
0.00543094
0.00544286
0.00490618
0.00503063
0.00510025
0.00491571
0.00492787
0.00566769
0.00521564
0.00508046
0.00508380
0.00505638
0.00491571
0.00501680
0.00488639
0.00485444
0.00558639
0.00504756
0.00504017
0.00503755
0.00484324
0.00504375
0.00522375
0.00486636
0.00486922
0.00577450
0.00509477
0.00497556
0.00509095
0.00485349
0.00500298
0.00541377
0.00484729
0.00487733
0.00599909
0.00492549
0.00502181
0.00519466
0.00495052
0.00498319
0.00511575
0.00484276
0.00491834
0.00567198
0.00516176
0.00496650
0.00502205
0.00486565
0.00498271
0.00497317
0.00486708
0.00489545
0.00530815
0.00496840
0.00543237
0.00547552
0.00489306
0.00508070
0.00564694
0.00490952
0.00490665
0.00579786
0.00492096
0.00549316
0.00503826
0.00485277
0.00503922
0.00506186
0.00487208
0.00484443
0.00571084
0.00534892
0.00492334
0.00524235
0.00498271
0.00498748
0.00498629
0.00491691
0.00484967
0.00554562
0.00502467
0.00496340
0.00558567
0.00493646
0.00495052
0.00500917
0.00486517
0.00487304
0.00548387
0.00514269
0.00493908
0.00503063
0.00489664
0.00499272
0.00506473
0.00490165
0.00485277
0.00551939
0.00521302
0.00498581
0.00502825
0.00498557
0.00494766
0.00497842
0.00493002
0.00491357
0.00548816
0.00495911
0.00525880
0.00502205
0.00496984
0.00494146
0.00499415
0.00490808
0.00486541
0.00568962
0.00506258
0.00496435
0.00526857
0.00496697
0.00495195
0.00496507
0.00485468
0.00486851
0.00565958
0.00505948
0.00492620
0.00507188
0.00500274
0.00495028
0.00501108
0.00491285
0.00488830
0.00518346
0.00506496
0.00506353
0.00502038
0.00499535
0.00490737
0.00500965
0.00487924
0.00484705
0.00555348
0.00502729
0.00556207
0.00498295
0.00497651
0.00492835
0.00504351
0.00536633
0.00490522
0.00574923
0.00518870
0.00517750
0.00525403
0.00518489
0.00504971
0.00514889
0.00508404
0.00502372
0.00539041
0.00552750
0.00505042
0.00512695
0.00518823
0.00506496
0.00511765
0.00499582
0.00498939
0.00512743
0.00543690
0.00530148
0.00526810
0.00508904
0.00501394
0.00510502
0.00498962
0.00498796
0.00520158
0.00545311
