0.00522375
0.00581288
0.00577402
0.00569153
0.00495601
0.00539637
0.00505543
0.00519204
0.00510883
0.00506449
0.00530505
0.00562620
0.00516152
0.00529885
0.00513148
0.00520563
0.00551891
0.00501919
0.00500488
0.00523496
0.00553608
0.00514126
0.00542402
0.00504875
0.00558877
0.00510073
0.00509167
0.00498366
0.00494504
0.00571156
0.00519609
0.00517678
0.00513601
0.00513148
0.00555539
0.00501585
0.00512528
0.00500631
0.00498390
0.00569892
0.00501251
0.00561285
0.00556254
0.00516891
0.00512648
0.00520158
0.00514364
0.00528359
0.00504160
0.00540090
0.00529265
0.00523353
0.00524354
0.00496221
0.00509119
0.00497866
0.00507665
0.00499821
0.00495291
0.00521588
0.00520253
0.00548220
0.00589442
0.00501347
0.00510216
0.00533772
0.00501299
0.00499010
0.00493932
0.00516701
0.00513649
0.00504732
0.00511980
0.00498390
0.00507951
0.00502253
0.00501275
0.00492859
0.00497150
0.00510550
0.00515485
0.00532055
0.00513244
0.00492978
0.00514960
0.00512838
0.00577283
0.00513315
0.00507879
0.00544596
0.00532985
0.00507450
0.00540257
0.00512433
0.00513363
0.00595427
0.00512218
0.00554466
0.00511956
0.00568700
0.00515366
0.00555110
0.00543475
0.00624776
0.00534749
0.00559473
0.00598645
0.00539708
0.00587392
0.00663018
0.00568748
0.00594473
0.00614643
0.00536394
0.00584745
0.00539923
0.00527596
0.00562859
0.00544667
0.00538373
0.00553608
0.00532603
0.00587201
0.00561380
0.00528407
0.00529051
0.00545740
0.00594306
0.00542164
0.00546432
0.00534058
0.00580525
0.00527668
0.00538611
0.00527644
0.00761962
0.00604200
0.00601768
0.00563002
0.00526357
0.00539517
0.00542378
0.00533581
0.00565147
0.00513649
0.00535798
0.00561810
0.00520086
0.00550008
0.00509334
0.00514340
0.00549436
0.00501323
0.00502777
0.00528622
0.00565791
0.00547123
0.00514746
0.00529695
0.00518942
0.00522518
0.00527716
0.00512004
0.00516677
0.00571704
0.00592303
