0.00312543
0.00558996
0.00549293
0.00505686
0.00502753
0.00556827
0.00500870
0.00505137
0.00492239
0.00590324
0.00513434
0.00522995
0.00497293
0.00528693
0.00499249
0.00518012
0.00505233
0.00503492
0.00496864
0.00495148
0.00509906
0.00557780
0.00553989
0.00508451
0.00550461
0.00504112
0.00506949
0.00498271
0.00508523
0.00496888
0.00491548
0.00490236
0.00519729
0.00514603
0.00548172
0.00533986
0.00500035
0.00500870
0.00509453
0.00561166
0.00507474
0.00509787
0.00501490
0.00575972
0.00523543
0.00532508
0.00519228
0.00519943
0.00509691
0.00509071
0.00511813
0.00519824
0.00506258
0.00499701
0.00581193
0.00529289
0.00520658
0.00503206
0.00520968
0.00502706
0.00507855
0.00513339
0.00500226
0.00501418
0.00501204
0.00555754
0.00539780
0.00542784
0.00496197
0.00518131
0.00489259
0.00506616
0.00487757
0.00502348
0.00490952
0.00491500
0.00484157
0.00527120
0.00496912
0.00546980
0.00501299
0.00494957
0.00496125
0.00497913
0.00544381
0.00555420
0.00498724
0.00489187
0.00572419
0.00516009
0.00508976
0.00515461
0.00502181
0.00497985
0.00499058
0.00502539
0.00498986
0.00491095
0.00490761
0.00509548
0.00540352
0.00530839
0.00552106
0.00507426
0.00486088
0.00501227
0.00492334
0.00500202
0.00489211
0.00488615
0.00487471
0.00545907
0.00509906
0.00546622
0.00499964
0.00506973
0.00496864
0.00498462
0.00544953
0.00501418
0.00511575
0.00508142
0.00561452
0.00504470
0.00511622
0.00492811
0.00509834
0.00492859
0.00505781
0.00500417
0.00501847
0.00498533
0.00540495
0.00568509
0.00562668
0.00527167
0.00495744
0.00507665
0.00490189
0.00512338
0.00491261
0.00516725
0.00484300
0.00494528
0.00519943
0.00515652
0.00514126
0.00553060
0.00536585
0.00498915
0.00539470
0.00494909
0.00566483
0.00630593
0.00523090
0.00508499
0.00543857
0.00526023
0.00491238
0.00515532
0.00492263
0.00508881
0.00490499
0.00501919
0.00490093
0.00493193
0.00507259
0.00509930
0.00507402
0.00543737
0.00505567
0.00497127
0.00540161
0.00502348
0.00534868
0.00493193
0.00493002
0.00535631
0.00559211
0.00505829
0.00515223
0.00532413
0.00501919
0.00500059
0.00497913
0.00498986
0.00497413
0.00492525
0.00494552
0.00551462
0.00546169
0.00542784
0.00528288
0.00508881
0.00493169
0.00510120
0.00490761
0.00516248
0.00490689
0.00498319
0.00496674
0.00514507
0.00513601
0.00548744
0.00502086
0.00508165
0.00501156
0.00507212
0.00544310
0.00499129
0.00497580
0.00494194
0.00569081
0.00506544
0.00527072
0.00495768
0.00517607
0.00509048
0.00521541
0.00516462
0.00506949
0.00503063
0.00505233
0.00567293
0.00572586
0.00531220
0.00508380
0.00521660
0.00504470
0.00520158
0.00511146
0.00509477
0.00498462
0.00499082
0.00512147
0.00515532
0.00536060
0.00511312
0.00571346
0.00498915
0.00553322
0.00497222
0.00499749
0.00494695
0.00497770
0.00491643
0.00519872
0.00506759
0.00511432
0.00503778
0.00508952
0.00515127
0.00503516
0.00507760
0.00502491
0.00509000
0.00499105
0.00563741
0.00566483
0.00530005
0.00505352
0.00548100
0.00498962
0.00517178
0.00505543
0.00511336
0.00501037
0.00501084
0.00573039
0.00581956
0.00665021
0.00505304
0.00513482
0.00501895
0.00509501
0.00502086
0.00514269
0.00502658
0.00501013
0.00529575
0.00518751
0.00517821
0.00555372
0.00564766
0.00504684
0.00522876
0.00500035
0.00521851
0.00504398
0.00510287
0.00511479
0.00527763
0.00519538
0.00560260
0.00513673
0.00535440
0.00546145
0.00504184
0.00559163
0.00505495
0.00499821
0.00503778
0.00520372
0.00511718
0.00519037
0.00511312
0.00537682
