0.00340438
0.00570846
0.00559664
0.00510645
0.00539660
0.00504708
0.00570011
0.00518060
0.00515079
0.00545239
0.00509882
0.00511432
0.00512528
0.00509381
0.00515580
0.00507259
0.00499725
0.00583410
0.00521517
0.00527573
0.00530791
0.00526190
0.00516295
0.00558162
0.00516105
0.00514960
0.00530291
0.00513554
0.00542068
0.00565267
0.00533462
0.00514007
0.00533462
0.00559020
0.01286745
0.00877166
0.00709176
0.00644827
0.00586677
0.00557637
0.00573111
0.00504255
0.00549555
0.00509286
0.00521278
0.00517130
0.00504208
0.00540471
0.00529337
0.00553155
0.00506902
0.00591636
0.00547123
0.00529838
0.00501513
0.00541639
0.00505733
0.00509024
0.00634575
0.00617647
0.00613737
0.00565481
0.00546837
0.00530505
0.00514936
0.00522685
0.00513697
0.00517941
0.00508428
0.00643659
0.00530767
0.00520420
0.00503182
0.00527930
0.00503397
0.00524807
0.00509071
0.00511050
0.00499511
0.00500846
0.00515342
0.00560594
0.00566483
0.00521111
0.00524879
0.00507903
0.00523472
0.00507188
0.00513005
0.00503230
0.00503826
0.00524664
0.00514364
0.00528860
0.00554538
0.00572634
0.00510979
0.00597119
0.00507784
0.00516796
0.00512123
0.00506401
0.00501895
0.00525999
0.00523448
0.00569916
0.00564718
0.00522256
0.00563455
0.00512505
0.00521231
0.00505304
0.00506592
0.00502563
0.00522566
0.00513840
0.00513697
0.00523329
0.00509953
0.00507689
0.00506687
0.00509477
0.00521398
0.00506091
0.00500250
0.00525737
0.00607252
0.00519824
0.00504065
0.00527048
0.00504827
0.00516868
0.00517011
0.00502825
0.00500512
0.00506568
0.00560570
0.00560594
0.00537324
0.00546908
0.00571656
0.00501847
0.00518250
0.00509667
0.00516701
0.00503993
0.00500607
0.00520921
0.00511169
0.00552249
0.00502396
0.00565886
0.00507760
0.00518537
0.00499392
0.00515747
0.00508571
0.00504470
0.00508046
0.00529051
0.00524712
0.00565434
0.00559163
0.00518847
0.00560474
0.00513482
0.00515771
0.00503922
0.00503826
0.00502276
0.00544643
0.00511098
0.00560188
0.00509286
0.00516367
0.00511932
0.00519085
0.00561500
0.00501609
0.00513458
0.00502086
0.00568652
0.00511479
0.00519156
0.00575304
0.00549793
0.00514150
0.00512147
0.00553083
0.00509238
0.00504661
0.00499940
0.00573969
0.00524330
0.00516033
0.00525808
0.00519633
0.00513005
0.00512195
0.00513816
0.00509048
0.00513577
0.00503969
0.00569987
0.00553036
0.00533271
0.00509715
0.00522995
0.00510049
0.00533915
0.00539923
0.00527573
0.00518560
0.00513625
0.00565624
0.00559354
0.00541329
0.00508118
0.00518322
0.00505877
0.00518394
0.00521183
0.00512266
0.00507212
0.00504398
0.00521207
0.00550890
0.00545406
0.00510669
0.00560355
0.00544620
0.00525880
0.00501561
0.00588560
0.00498796
0.00504231
0.00523353
0.00528979
0.00543141
0.00538445
0.00565290
0.00515413
0.00557232
0.00512695
0.00515914
0.00510812
0.00511265
0.00503874
0.00540042
0.00519753
0.00554657
0.00524473
0.00506020
0.00514793
0.00512409
0.00560760
0.00505233
0.00508451
0.00500202
0.00577188
0.00514627
0.00524783
0.00508976
0.00523639
0.00506949
0.00518012
0.00505710
0.00512409
0.00504899
0.00502229
0.00522017
0.00578189
0.00529599
0.00504875
0.00523806
0.00571156
0.00519848
0.00511837
0.00539255
0.00505185
0.00503278
0.00565743
0.00552487
0.00558782
0.00510240
0.00539660
0.00502205
0.00523996
0.00506568
0.00518227
0.00505733
0.00507355
0.00531387
0.00527644
0.00546789
0.00513887
0.00589323
0.00508237
0.00514627
0.00506330
0.00513291
0.00510764
0.00503182
0.00529504
0.00523281
0.00522089
0.00550795
