0.00323939
0.00561976
0.00541925
0.00535178
0.00526237
0.00528288
0.00523400
0.00540280
0.00538611
0.01072764
0.00688553
0.00592971
0.00542307
0.00570464
0.00517440
0.00514627
0.00512838
0.00586104
0.00522780
0.00533223
0.00527787
0.00534415
0.00525045
0.00520682
0.00521088
0.00525904
0.00518918
0.00515127
0.00605488
0.00544858
0.00530148
0.00514150
0.00546575
0.00585222
0.00594926
0.00593972
0.00543666
0.00534272
0.00522113
0.00589991
0.00525451
0.00529575
0.00547457
0.00519300
0.00519776
0.00519967
0.00571966
0.00519538
0.00516105
0.00513458
0.00581813
0.00524950
0.00528097
0.00526452
0.00528049
0.00522757
0.00519156
0.00517845
0.00520563
0.00521040
0.00511193
0.00597525
0.00569606
0.00526714
0.00511765
0.00527692
0.00510764
0.00537586
0.00519848
0.00516796
0.00510216
0.00507832
0.00527310
0.00523973
0.00553298
0.00516129
0.00554585
0.00510406
0.00523329
0.00553370
0.00524282
0.00512862
0.00511336
0.00547051
0.00535202
0.00559950
0.00538492
0.00574350
0.00522304
0.00565052
0.00509381
0.00527835
0.00523162
0.00522304
0.00539470
0.00539351
0.00547862
0.00565553
0.00566316
0.00533700
0.00556540
0.00563860
0.00558877
0.00560880
0.00534916
0.00544333
0.00593877
0.00634122
0.00590968
0.00576377
0.00565219
0.00537968
0.00563669
0.00594091
0.00537133
0.00560069
0.00608063
0.00531125
0.00539160
0.00541782
0.00532389
0.00553918
