0.00312567
0.00503659
0.00536299
0.00518703
0.00547004
0.00941014
0.00691509
0.00572395
0.00535798
0.00528598
0.00503802
0.00486827
0.00533819
0.00494957
0.00568295
0.00494671
0.00507784
0.00487351
0.00500369
0.00487804
0.00502205
0.00492954
0.00506806
0.00481486
0.00490212
0.00484037
0.00548530
0.00493312
0.00494838
0.00487423
0.00498772
0.00483203
0.00491571
0.00479579
0.00491190
0.00480103
0.00482368
0.00479436
0.00552058
0.00527287
0.00502658
0.00482893
0.00499129
0.00483108
0.00499010
0.00480533
0.00500107
0.00487661
0.00491190
0.00484133
0.00534773
0.00539613
0.00503469
0.00481248
0.00508690
0.00482011
0.00500083
0.00485611
0.00500417
0.00481749
0.00481176
0.00477576
0.00559807
0.00763750
0.00669312
0.00628805
0.00594378
0.01016068
0.00900841
0.00623345
0.00600839
0.00580692
0.00501800
0.00487256
0.00504303
0.00483513
0.00537324
0.00494957
0.00504327
0.00483394
0.00492978
0.00485587
0.00558615
0.00541210
0.00512290
0.00498986
0.00496221
0.00482416
0.00493574
0.00486398
0.00493789
0.00480986
0.00494862
0.00529432
0.00555754
0.01053500
0.00667906
0.00594068
0.00563717
0.00502014
0.00544620
0.00484228
0.00489402
0.00481224
0.00554895
0.00536823
0.00505137
0.00484943
0.00524282
0.00483513
0.00500870
0.00486135
0.00500321
0.00484037
0.00488877
0.00477886
0.00544810
0.00589681
0.00499177
0.00481558
0.00502896
0.00482869
0.00494552
0.00483584
0.00496626
0.00482678
0.00484705
0.00482416
0.00552344
0.00528932
0.00518775
0.00484371
0.00504279
0.00481248
0.00505590
0.00481391
0.00511789
0.00479889
0.00488973
0.00528383
0.00559139
0.00546694
0.00506711
0.00509071
0.00508523
0.00481200
0.00494528
0.00487590
0.00497675
0.00490451
0.00492668
0.00482631
0.00555563
0.00489378
0.00504279
0.00487995
0.00497055
0.00482082
0.00493073
0.00485206
0.00494289
0.00486326
0.00490522
0.00490785
0.00548553
0.00489545
0.00495768
0.00481367
0.00498748
0.00485277
0.00496030
0.00484657
0.00493073
0.00483370
0.00488758
0.00483418
0.00546074
0.00493550
0.00496125
0.00478458
0.00500798
0.00481892
0.00496507
0.00482988
0.00493217
0.00484991
0.00484586
0.00485611
0.00582743
0.00556946
0.00498891
0.00480509
0.00504923
0.00482750
0.00492191
0.00483036
0.00491691
0.00503135
0.00486040
0.00488782
0.00557423
0.00491858
0.00494647
0.00489759
0.00504923
0.00498414
0.00500178
0.00477457
0.00496650
0.00486064
0.00485039
0.00475764
0.00542140
0.00491595
0.00493360
0.00483131
0.00499249
0.00481749
0.00490260
0.00479531
0.00493622
0.00482059
0.00485992
0.00482225
0.00568199
0.00535727
0.00499201
0.00488329
0.00505757
0.00489402
0.00509572
0.00489616
0.00497651
0.00488973
0.00490093
0.00485539
0.00542808
0.00542164
0.00525451
0.00480247
0.00530744
0.00479627
0.00502729
0.00485897
0.00499678
0.00484085
0.00485468
0.00485492
0.00546527
0.00495410
0.00510955
0.00493956
0.00502586
0.00493264
0.00502062
0.00490546
0.00503325
0.00477529
0.00483322
0.00481772
0.00548720
0.00497437
0.00497389
0.00513411
0.00500846
0.00480008
0.00494051
0.00488949
0.00493288
0.00482368
0.00485635
0.00486660
0.00550771
0.00497794
0.00498939
0.00483179
0.00493312
0.00485635
0.00492764
0.00483918
0.00493217
0.00485301
0.00490403
0.00480700
0.00559497
0.00537872
0.00495100
0.00478125
0.00498915
0.00479817
0.00494409
0.00480080
0.00506186
0.00478077
0.00482798
0.00481772
0.00553942
0.00535464
0.00501394
0.00482869
0.00550365
0.00481248
0.00492525
0.00479794
0.00493765
0.00480056
0.00482154
0.00482798
0.00547743
0.00529742
0.00505924
0.00480461
0.00493813
