0.00350499
0.00508571
0.00540376
0.00488210
0.00483561
0.00507164
0.00537038
0.00531888
0.00505495
0.00506449
0.00487828
0.00498104
0.00485492
0.00496531
0.00487113
0.00483274
0.00475860
0.00524569
0.00499439
0.00504160
0.00502729
0.00516820
0.00495887
0.00492883
0.00534654
0.00489950
0.00488281
0.00479031
0.00543833
0.00536680
0.00505757
0.00488162
0.00528479
0.00489259
0.00507903
0.00500178
0.00490284
0.00493455
0.00486732
0.00504589
0.00494885
0.00529146
0.00545406
0.00521588
0.00485015
0.00503612
0.00483537
0.00500679
0.00487494
0.00491309
0.00478554
0.00509405
0.00492144
0.00497699
0.00518537
0.00491500
0.00487447
0.00487065
0.00484872
0.00488830
0.00486422
0.00483751
0.00541043
0.00549769
0.00504732
0.00550652
0.00495553
0.00483370
0.00489044
0.00479603
0.00493479
0.00485682
0.00483799
0.00490355
0.00499105
0.00505137
0.00531197
0.00489950
0.00484157
0.00491405
0.00484586
0.00534558
0.00484109
0.00482845
