0.00680232
0.00592732
0.00539136
0.00538874
0.00574112
0.00539637
0.00540996
0.00526786
0.00531363
0.00545549
0.00571585
0.00542760
0.00542831
0.00577736
0.00568008
0.00549412
0.00560832
0.00570083
0.00557280
0.00564432
0.00584054
0.00553226
0.00564480
0.00534534
0.00588512
0.00540304
0.00575781
0.00653911
0.00544000
0.00570893
0.00528026
0.00568533
0.00571918
0.00537300
0.00561619
0.00542927
0.00594544
0.00541496
0.00581408
0.00575614
0.00547242
0.00584960
0.00591946
0.00537133
0.00596404
0.00580955
0.00582361
0.00648642
0.00543380
0.00536251
0.00555253
0.00539279
0.00527430
0.00609922
0.00537753
0.00531936
0.00547504
0.00537086
0.00531673
0.00536823
0.00527477
0.00528073
0.00612617
0.00540328
0.00556350
0.00544906
0.00519085
0.00527835
0.00538921
0.00515103
0.00511265
0.00588822
0.00513387
0.00562978
0.00585365
0.00566864
0.00560713
0.00575161
0.00504947
0.00508189
0.00583720
0.00512123
0.00555372
0.00532603
0.00504208
0.00510263
0.00558901
0.00507569
0.00509882
0.00521612
0.00570703
0.00512791
0.00507736
0.00509286
0.00519729
0.00518107
0.00513196
0.00508189
0.00504208
0.00519681
0.00555873
0.00508666
0.00526524
0.00518036
0.00508022
0.00525784
0.00506783
0.00521803
0.00599599
0.00550485
0.00548887
0.00570369
0.00586534
0.00531578
0.00553536
0.00520396
0.00525260
0.00580740
0.00586081
0.00531960
0.00547194
0.00534534
0.00531578
0.00541615
0.00521731
0.00532675
0.00604582
0.00551891
0.00533700
0.00543523
0.00538993
0.00521541
0.00533080
0.00517344
0.00524259
0.00594997
0.00544167
0.00551653
0.00530624
0.00520587
0.00518465
0.00524807
0.00510025
0.00514388
0.00586057
0.00526023
0.00515366
0.00524998
0.00505781
0.00517321
0.00559950
0.00507879
0.00519776
0.00577688
0.00563145
0.00562215
0.00594759
0.00507045
0.00516391
0.00576425
0.00505018
0.00506544
0.00575924
0.00514531
0.00519657
0.00555396
0.00511217
0.00516725
0.00508761
0.00505900
0.00508285
0.00534225
0.00517154
0.00546885
0.00506616
0.00514174
0.00574470
0.00514841
0.00513434
0.00517249
0.00503135
0.00516462
0.00545621
0.00514030
0.00531626
0.00519204
0.00522208
0.00614834
0.00595021
0.00543761
0.00530577
0.00559306
0.00507164
0.00513506
0.00563884
0.00504136
0.00518084
0.00501943
0.00501537
0.00527740
0.00514817
0.00509715
0.00516129
0.00518847
0.00513935
0.00548816
0.00508428
0.00507784
0.00573778
0.00521088
0.00557876
0.00524354
0.00500178
0.00520086
0.00583887
0.00523233
0.00516844
0.00610805
0.00533962
0.00579190
0.00531936
0.00516009
0.00534368
0.00556636
0.00540853
0.00530601
0.00651169
0.00563288
0.00550914
0.00570512
0.00548196
0.00541019
0.00550437
0.00536370
0.00534081
0.00609970
0.00560784
0.00542116
0.00577402
0.00545120
0.00544953
0.00538969
0.00534439
0.00532651
0.00591421
0.00553989
0.00539875
0.00540185
0.00553370
0.00551558
0.00539112
0.00538468
0.00540614
0.00614047
0.00570345
0.00568914
0.00558662
0.00557590
0.00540113
0.00581670
0.00551891
0.00551009
0.00595975
0.00595593
0.00548840
0.00593591
0.00595236
0.00544381
0.00564981
0.00546861
0.00536180
0.00552320
0.00582933
0.00539660
0.00555921
0.00543904
0.00539923
0.00545907
0.00539231
0.00533891
0.00559235
0.00579405
0.00547814
0.00548553
0.00549555
0.00549579
0.00543880
0.00536489
0.00534177
0.00573373
0.00602555
0.00571799
0.00553298
0.00543118
0.00537825
0.00548697
0.00570083
0.00547361
0.00568533
0.00598741
0.00539470
0.00572658
0.00613308
0.00542402
0.00546098
0.00540900
0.00532126
0.00549984
0.00584555
0.00537968
0.00583720
0.00595021
0.00536895
0.00544047
0.00545239
0.00528312
0.00549889
0.00568771
0.00535727
0.00537372
0.00596666
0.00538802
0.00543976
0.00533819
0.00530744
0.00544262
0.00572658
0.00534129
0.00539732
0.00531816
0.00532818
0.00547791
0.00565362
0.00590539
0.00552797
0.00583410
0.00601172
0.00548744
0.00586987
0.00556087
0.00540709
0.00584674
0.00585437
0.00586390
0.00646710
0.00542927
0.00590682
0.00623965
0.00544286
0.00574493
0.00526857
0.00533438
0.00566936
0.00524330
0.00529242
0.00550032
0.00511003
0.00563884
0.00510669
0.00507021
0.00498366
0.00519252
0.00563192
0.00513983
0.00521588
0.00564861
0.00556087
0.00518823
0.00537705
0.00506878
0.00525761
0.00563550
0.00507092
0.00521398
0.00509644
0.00505829
0.00523090
0.00500846
0.00503087
0.00573969
0.00532699
0.00561357
0.00556660
0.00504756
0.00513196
0.00505924
0.00501871
0.00511384
0.00513840
0.00560451
0.00517035
0.00508976
0.00533628
0.00570369
0.00503755
0.00512838
0.00506473
0.00494695
0.00513983
0.00564623
0.00558043
0.00565982
0.00505733
0.00516152
0.00524068
0.00508618
0.00499177
0.00565267
0.00536323
0.00505757
0.00517654
0.00499606
0.00512671
0.00558090
0.00507951
0.00500989
0.00511622
0.00557184
0.00517416
0.00551128
0.00502944
0.00507069
0.00504255
0.00511551
0.00502419
0.00539446
0.00515819
0.00525212
0.00500894
0.00511336
0.00555634
0.00500250
0.00509334
0.00500512
0.00496721
0.00551558
0.00517154
0.00506663
0.00522494
0.00495195
0.00509143
0.00560427
0.00497723
0.00499511
0.00511265
0.00553870
0.00512004
0.00564075
0.00506139
0.00514364
0.00506949
0.00503397
0.00506878
0.00516200
0.00553131
0.00517750
0.00514197
0.00504613
0.00511312
0.00500131
0.00506520
0.00508761
0.00501156
0.00520992
0.00541949
0.00538206
0.00511551
0.00506067
0.00504732
0.00512862
0.00500870
0.00498509
0.00607896
0.00761938
0.00615287
0.00513148
0.00514078
0.00503922
0.00503469
0.00506949
0.00511050
0.00555992
0.00519395
0.00515723
0.00549936
0.00556183
0.00505733
0.00508595
0.00505447
0.00501490
0.00518775
0.00541353
0.00508237
0.00509024
0.00504231
0.00503278
0.00520873
0.00498271
0.00499701
0.00586843
0.00504732
0.00553560
0.00558329
0.00513268
0.00513387
0.00552726
0.00504327
0.00508666
0.00514388
0.00564599
0.00513554
0.00509548
0.00510287
0.00514436
0.00510788
0.00504708
0.00501680
0.00500846
0.00513959
0.00542235
0.00544500
0.00541925
0.00508976
0.00512624
0.00512314
0.00502324
0.00498557
0.00566554
0.00515628
0.00553799
0.00519824
0.00495124
0.00512362
0.00522709
0.00506282
0.00505471
0.00561404
0.00516725
0.00511217
0.00557423
0.00508976
0.00518394
0.00504422
0.00505137
0.00510120
0.00538826
0.00546741
0.00521564
0.00514650
0.00516224
0.00572324
0.00506306
0.00519323
0.00501490
0.00503111
0.00519013
0.00541377
0.00505185
0.00526261
0.00513172
0.00508547
0.00514412
0.00505376
0.00500441
0.00577378
0.00553870
0.00566959
0.00565219
0.00495291
0.00502348
0.00545144
0.00494599
0.00498295
0.00504708
0.00541830
0.00507951
0.00534892
0.00499701
0.00522208
0.00496936
0.00500870
0.00501609
0.00488639
0.00505066
0.00538325
0.00524020
0.00507331
0.00501227
0.00496769
0.00516152
0.00495195
0.00494623
0.00573969
0.00500154
0.00507021
0.00540257
0.00554156
0.00508428
0.00495458
0.00495791
0.00492764
0.00538731
0.00505519
0.00529909
0.00496531
0.00500727
0.00552392
0.00492382
0.00864100
0.00796080
0.00662374
0.00630665
0.00558281
0.00516796
0.00504136
0.00492358
0.00490808
0.00503516
0.00557375
0.00505567
0.00498080
0.00495291
0.00666070
0.00570512
0.00562191
0.00613785
0.00573206
0.00591063
0.00521278
0.00552320
0.00515056
0.00517464
0.00508475
0.00506234
0.00606418
0.00717950
0.00621629
0.00520492
0.00518680
0.00566411
0.00511503
0.00513530
0.00531316
0.00592637
0.00539851
0.00591803
0.00531912
0.00555754
0.00591111
0.00535560
0.00543284
0.00591373
0.00585294
0.00552940
0.00584626
0.00542498
0.00552750
0.00587940
0.00535393
0.00539112
0.00590014
0.00591230
0.00557232
0.00586891
0.00538468
0.00547791
0.00588202
0.00535345
0.00539207
0.00593591
0.00586605
0.00594878
0.00597072
0.00549126
0.00554228
0.00566602
0.00548458
0.00556183
0.00627184
0.00557923
0.00591946
0.00552416
0.00552702
0.00604820
0.00569797
0.00605369
0.00597143
0.00555444
0.00596213
0.00542951
0.00563145
0.00580430
0.00548196
0.00551414
0.00544596
0.00532103
0.00547218
0.00569582
0.00548720
0.00561833
0.00590730
0.00614285
0.00598168
0.00625372
0.00597978
0.00611329
0.00573277
0.00584412
0.00553274
0.00575876
0.00580359
0.00541019
0.00562024
0.00600028
0.00597239
0.00610614
0.00589895
0.00545192
0.00568271
0.00564957
0.00540876
0.00552559
0.00625515
0.00597072
0.00563431
0.00561309
0.00546217
0.00568056
0.00563669
0.00542498
0.00553322
0.00581551
0.00585246
0.00574279
0.00567722
0.00547004
0.00560856
0.00565243
0.00549054
0.00552368
0.00569105
0.00588202
0.00587487
0.00564051
0.00585294
0.00553107
0.00559926
0.00542593
0.00549388
0.00568748
0.00589538
0.00557971
0.00584912
0.00592995
0.00561690
0.00561643
0.00544810
0.00561523
0.00582266
0.00575781
0.00578046
0.00560737
0.00561547
0.00555110
0.00561595
0.00547290
0.00573087
0.00620556
0.00572276
0.00619531
0.00556397
0.00567484
0.00649810
0.00558829
0.00559473
0.00695896
0.00573158
0.00570083
0.00586343
0.00568056
0.00551224
0.00585079
0.00555301
0.00603819
0.00586939
0.00599575
0.00562263
0.00578165
0.00605202
0.00549412
0.00568271
0.00557303
0.00555229
0.00579476
0.00590086
0.00580120
0.00585771
0.00574636
0.00551867
0.00562263
0.00561333
0.00612783
0.00628400
0.00614047
0.00639176
0.00558972
0.00575852
0.00577211
0.00565958
0.00575566
0.00596952
0.00619793
0.00576472
0.00573182
0.00608850
0.00562596
0.00566339
0.00566030
0.00554800
0.00569892
0.00643015
0.00604773
0.00575519
0.00589871
0.00572729
0.00566959
0.00562119
0.00580907
0.00604892
0.00575566
0.00558639
0.00570560
0.00569010
0.00554132
0.00582838
0.00558305
0.00604439
0.00601339
0.00624657
0.00633121
0.00566840
0.01089835
0.00952435
0.00661039
0.00625634
0.00584245
0.00560451
0.00576043
0.00561714
0.00559115
0.00563192
0.00564265
0.00616860
0.00574470
0.00608993
0.00557756
0.00572586
0.00604177
0.00554585
0.00560451
0.00673604
0.00580406
0.00619745
0.00579309
0.00558138
0.00567389
0.00569463
0.00550699
0.00580573
0.00605679
0.00621867
0.00598574
0.00625587
0.00624394
0.00596929
0.00592589
0.00576186
0.00602221
0.00630903
0.00646353
0.00642443
0.00584817
0.00589061
0.00640583
0.00579381
0.00576687
0.00667763
0.00608826
0.00580931
0.00599980
0.00584698
0.00578594
0.00596452
0.00582576
0.00574708
0.00596189
0.00648308
0.00585985
0.00592685
0.00599051
0.00577307
0.00589228
0.00584841
0.00587749
0.00658441
0.00646257
0.00630093
0.00585365
0.00590634
0.00588584
0.00579262
0.00577617
0.00604892
0.00638843
0.00604224
0.00619340
0.00633550
0.00589061
0.00588346
0.00589108
0.00609803
0.00632358
0.00597191
0.00591063
0.00578356
0.00607920
0.00634146
0.00582981
0.00583267
0.00682020
0.00597811
0.00591516
0.00599265
0.00578547
0.00591207
0.00596094
0.00576258
0.00586009
0.00611138
0.00642467
0.00609398
0.00594234
0.00592089
0.00587368
0.00588989
0.00581694
0.00672698
0.00662112
0.00643921
0.00601768
0.00592160
0.00591755
0.00608182
0.00588322
0.00581956
0.00606561
0.00654292
0.00600815
0.00607228
0.00615644
0.00593448
0.00592828
0.00582027
0.00637794
0.00622845
0.00646496
0.00619459
0.00591540
0.00590801
0.00591707
0.00584602
0.00582600
0.00610137
0.00623727
0.00628591
0.00594163
0.00617981
0.00587749
0.00594592
0.00613165
0.00609708
0.00661492
0.00658917
0.00701976
0.00603914
0.00601602
0.00617599
0.00626969
0.00613499
0.00668907
0.00619268
0.00633883
0.00653863
0.00617027
0.00702834
0.00619650
0.00603437
0.00684476
0.00683856
0.00634480
0.00656366
0.00638533
0.00604320
0.00607467
0.00613523
0.00624990
0.00649905
0.00619483
0.00598788
0.00593567
0.00588131
0.00595498
0.00617099
0.00607944
0.00592852
0.00673938
0.00600004
0.00635052
0.00589895
0.00568461
0.00571394
0.00588441
0.00631404
0.00636840
0.00638318
0.00637913
0.00589204
0.00603247
0.00591803
0.00565553
0.00581002
0.00611162
0.00636744
0.00588584
0.00591469
0.00592709
0.00589466
0.00594735
0.00573254
0.00588679
0.00654173
0.00586367
0.00641108
0.00605059
0.00626206
0.00596666
0.00573254
0.00566816
0.00619912
0.00623775
0.00607586
0.00602531
0.00624371
0.00578856
0.00594306
0.00592780
0.00613117
0.00638652
0.00601315
0.00618100
0.00594020
0.00594425
0.00646210
0.00596452
0.00581336
0.00688505
0.00635505
0.00596237
0.00608325
0.00638437
0.00599074
0.00594211
0.00591636
0.00591183
0.00648308
0.00601339
0.00632691
0.00586224
0.00599146
0.00676894
0.00582004
0.00587654
0.00654411
0.00623822
0.00605536
0.00596452
0.00618839
0.00592613
0.00591016
0.00574422
0.00637078
0.00599074
0.00593829
0.00586677
0.00585389
0.00581694
0.00619936
0.00580215
0.00567937
0.00649261
0.00601625
0.00620651
0.00608921
0.00573611
0.00574780
0.00592732
0.00564957
0.00562978
0.00608277
0.00582600
0.00573874
0.00592756
0.00611115
0.00574827
0.00591302
0.00576329
0.00562572
0.00594378
0.00608945
0.00602937
0.00659680
0.00590014
0.00610161
0.00587225
0.00574684
0.00696325
0.00825500
0.00690889
0.00584364
0.00582528
0.00581574
0.00560308
0.00573659
0.00614047
0.00627255
0.00602770
0.00614214
0.00609493
0.00584841
0.00582576
0.00571942
0.00585341
0.00644374
0.00585389
0.00638223
0.00586390
0.00583410
0.00639820
0.00576067
0.00579071
0.00659776
0.00632238
0.00587201
0.00599313
0.00631618
0.00604749
0.00597739
0.00572634
0.00618267
0.00689316
0.00621891
0.00629711
0.00608993
0.00606894
0.00615811
0.00612140
0.00599027
0.00617695
0.00658870
0.00615549
0.00636005
0.00623083
0.00595689
0.00585961
0.00593328
0.00634813
0.00732732
0.00668526
0.00600362
0.00604272
0.00649285
0.00590515
0.00585771
0.00635648
0.00647283
0.00591326
0.00613856
0.00671411
0.00601602
0.00612068
0.00596786
0.00594234
0.00679946
0.00613499
0.00665259
0.00636148
0.00614238
0.00604320
0.00591445
0.00595188
0.00611162
0.00654340
0.00607753
0.00617933
0.00617743
0.00589156
0.00590205
0.00599384
0.00643373
0.00655365
0.00652647
0.00672078
0.00602317
0.00622463
0.00608182
0.00585127
0.00601554
0.00615668
0.00655150
0.00626898
0.00601125
0.00602102
0.00653172
0.00620985
0.00591087
0.00737309
0.00659204
0.00610518
0.00621605
0.00638700
0.00604820
0.00618005
0.00597692
0.00642371
0.00658679
0.00659251
0.00603938
0.00600362
0.00602627
0.00602841
0.00602412
0.00590825
0.00605822
0.00680065
0.00615668
0.00602508
0.00622725
0.00593281
0.00590825
0.00599885
0.00647116
0.00622582
0.00663328
0.00627851
0.00593662
0.00619674
0.00616407
0.00630331
0.00604653
0.00625658
0.00657701
0.00648594
0.00614786
0.00606084
0.00645542
0.00606227
0.00594544
0.00701308
0.00622725
0.00610638
0.00622559
0.00646043
0.00599790
0.00618958
0.00600457
0.00602698
0.00677752
0.00627518
0.00654149
0.00622129
0.00610733
0.00621009
0.00603151
0.00593042
0.00611329
0.00647879
0.00612736
0.00619507
0.00627756
0.00667691
0.00599933
0.00626540
0.00670290
0.00631213
0.00622630
0.00611043
0.00590014
0.00612307
0.00621676
0.00622678
0.00623941
0.00632119
0.00624704
0.00644112
0.00670385
0.00610852
0.00687790
0.00661850
0.00665617
0.00642037
0.00638342
0.00706339
0.00675654
0.00634599
0.00648737
0.00619674
0.00626683
0.00720143
0.00661111
0.00607276
0.00646639
0.00683856
0.00678110
0.00646496
0.00620699
0.00661039
0.00667357
0.00645971
0.00632453
0.00593567
0.00666738
0.00651336
0.00612831
0.00634456
0.00655675
0.00608921
