0.00843859
0.00566363
0.00550151
0.00566125
0.00640082
0.00598669
0.00558901
0.00577688
0.00544953
0.00556993
0.00563574
0.00546074
0.00566196
0.00589848
0.00807619
0.00636601
0.00562310
0.00565743
0.00549150
0.00545740
0.00580812
0.00599194
0.00555110
0.00566316
0.01031137
0.00754166
0.00739789
0.00695014
0.00693154
0.00718331
0.00625730
0.00573611
0.00553322
0.00595546
0.00549889
0.00579238
0.00568676
0.00556207
0.00564575
0.00551891
0.00551319
0.00563884
0.00544262
0.00551581
0.00632358
0.00570798
0.00572014
0.00561666
0.00561619
0.00552511
0.00566149
0.00547266
0.00544667
0.00628591
0.00574803
0.00600910
0.00562787
0.00566149
0.00802040
0.00627875
0.00564790
0.00667500
0.00569940
0.00596189
0.00598645
0.00558829
0.00806522
0.00634050
0.00606799
0.00664735
0.00560999
0.00585580
0.00560570
0.00564957
0.00804424
0.00628042
0.00567436
0.00660586
0.00577021
0.00600576
0.00568557
0.00583649
0.00578356
0.00563645
0.00547194
0.00552821
0.00638843
0.00566769
0.00563574
0.00564575
0.00551915
0.00552702
0.00559926
0.00546765
0.00550580
0.00625658
0.00564265
0.00600791
0.00562000
0.00563145
0.00560522
0.00556421
0.00545406
0.00576520
0.00624180
0.00578022
0.00555730
0.00592375
0.00554872
0.00555372
0.00555086
0.00547361
0.00549245
0.00631547
0.00565124
0.00569606
0.00574589
0.00567698
0.00556731
0.00564218
0.00548267
0.00551987
0.00626087
0.00564718
0.00595117
0.00560975
0.00568557
0.00922632
0.00656557
0.00580955
0.00562048
0.00560379
0.00553799
0.00555849
0.00587654
0.00558519
0.00554276
0.00550866
0.00624585
0.00608063
0.00585675
0.00563407
0.00567627
0.00574946
0.00568914
0.00569296
0.00563550
0.00574160
0.00574088
0.00576258
0.00566006
0.00563478
0.00570798
0.00561118
0.00566649
0.00556493
0.00601792
0.00575471
0.00578833
0.00573230
0.00570583
0.00572014
0.00557041
0.00560975
0.00560069
0.00591207
0.00570202
0.00586724
0.00561929
0.00566125
0.00572252
0.00568175
0.00569749
0.00560403
0.00628853
0.00617290
0.00578976
0.00559616
0.00567222
0.00564098
0.00564218
0.00558949
0.00558758
0.00562978
0.00610566
0.00572133
0.00571394
0.00563073
0.00570345
0.00559783
0.00558853
0.00555468
0.00562191
0.00571799
0.00578928
0.00598335
0.00566101
0.00571275
0.00562429
0.00559664
0.00559545
0.00565267
0.00608420
0.00572276
0.00617218
0.00566506
0.00564265
0.00556970
0.00560617
0.00560951
0.00564480
0.00568676
0.00578308
0.00562429
0.00563550
0.00568342
0.00557923
0.00563741
0.00560737
0.00573874
0.00572300
0.00578380
0.00561595
0.00566387
0.00575209
0.00564408
0.00562978
0.00555921
0.00595570
0.00576162
0.00586128
0.00566745
0.00562811
0.00572562
0.00561428
0.00566268
0.00562096
0.00586581
0.00569701
0.00575686
0.00596619
0.00567007
0.00571036
0.00563431
0.00565028
0.00563335
0.00562930
0.00569248
0.00575852
0.00582623
0.00600886
0.00568724
0.00558734
0.00561738
0.00570893
0.00567174
0.00619268
0.00571823
0.00605059
0.00561190
0.00574660
0.00607085
0.00560570
0.00581932
0.00601172
0.00624490
0.00612497
0.00655484
0.00585675
0.00634575
0.00590992
0.00623918
0.00604796
0.00587511
0.00662947
0.00565696
0.00579286
0.00582600
0.00607848
0.00572824
0.00569415
0.00611544
0.00601721
0.00574422
0.00571609
0.00605345
0.00563240
0.00579524
0.00580287
0.00579047
0.00572634
0.00617123
0.00561571
0.00571799
0.00543118
0.00560236
0.00575709
0.00549150
0.00563073
0.00554204
0.00611949
0.00584435
0.00584984
0.00546145
0.00554323
0.00538349
0.00539184
0.00541353
0.00561357
0.00552678
0.00564837
0.00542521
0.00543261
0.00562263
0.00558209
0.00539589
0.00530982
0.00549603
0.00551414
0.00571942
0.00587559
0.00568914
0.00553298
0.00547051
0.00532413
0.00538898
0.00534105
0.00544405
0.00615573
0.00550771
0.00536656
0.00617242
0.00521755
0.00569344
0.00521350
0.00510478
0.00532651
0.00566816
0.00533438
0.00534534
0.00540662
0.00534081
0.00541592
0.00533652
0.00529456
0.00620890
0.00791883
0.00665808
0.00535512
0.00540376
0.00580621
0.00531840
0.00532460
0.00593090
0.00586200
0.00591445
0.00622344
0.00545287
0.00587082
0.00576353
0.00522208
0.00531030
0.00591135
0.00585365
0.00591040
0.00572038
0.00537992
0.00543404
0.00585914
0.00523615
0.00536942
0.00587964
0.00585556
0.00546002
0.00576520
0.00533795
0.00547028
0.00537729
0.00529814
0.00533581
0.00557137
0.00539565
0.00553250
0.00540614
0.00530481
0.00584936
0.00530124
0.00538921
0.00543618
0.00533676
0.00539684
0.00577164
0.00536919
0.00537157
0.00590348
0.00535655
0.00548244
0.00530362
0.00535679
0.00543809
0.00552964
0.00551295
0.00553942
0.00549555
0.00534058
0.00536704
0.00539279
0.00533915
0.00591016
0.00551438
0.00590897
0.00535536
0.00550914
0.00540352
0.00551319
0.00541043
0.00530481
0.00644922
0.00552630
0.00579524
0.00543308
0.00529432
0.00548577
0.00588322
0.00533056
0.00537467
0.00592589
0.00604844
0.00544643
0.00588393
0.00537705
0.00553083
0.00560617
0.00544238
0.00539804
0.00535798
0.00545025
0.00550270
0.00554681
0.00535464
0.00567698
0.00522447
0.00547123
0.00528002
0.00538850
0.00533295
0.00555205
0.00522733
0.00520229
0.00589657
0.00509644
0.00524902
0.00504684
0.00511384
0.00537562
0.00522900
0.00555515
0.00535893
0.00506568
0.00514317
0.00570250
0.00506949
0.00508809
0.00573421
0.00579834
0.00515461
0.00569940
0.00517344
0.00523472
0.00526762
0.00549078
0.00520277
0.00546765
0.00529790
0.00586486
0.00558686
0.00523567
0.00542450
0.00513983
0.00529027
0.00512171
0.00514269
0.00534678
0.00527668
0.00554156
0.00529671
0.00524473
0.00520158
0.00541806
0.00512218
0.00515866
0.00578141
0.00577068
0.00538850
0.00566697
0.00518250
0.00533009
0.00528431
0.00515032
0.00522780
0.00555372
0.00548434
0.00539994
0.00525093
0.00521970
0.00569057
0.00537872
0.00540924
0.00528383
0.00512862
0.00552273
0.00576043
0.00523758
0.00529265
0.00535941
0.00526786
0.00528455
0.00520015
0.00516272
0.00605488
0.00530887
0.00571299
0.00534463
0.00525451
0.00524807
0.00580812
0.00515628
0.00516248
0.00572276
0.00583625
0.00531268
0.00564265
0.00516677
0.00530672
0.00518131
0.00517035
0.00515842
0.00539398
0.00527596
0.00532889
0.00525737
0.00525188
0.00559711
0.00516248
0.00530291
0.00522375
0.00514293
0.00545669
0.00575376
0.00521994
0.00530171
0.00527573
0.00518346
0.00532103
0.00524402
0.00516534
0.00606847
0.00563788
0.00565481
0.00529027
0.00511217
0.00525880
0.00563717
0.00516319
0.00518918
0.00522375
0.00559640
0.00523829
0.00518012
0.00516272
0.00528550
0.00509977
0.00527716
0.00518894
0.00511074
0.00528240
0.00557685
0.00518131
0.00534105
0.00520468
0.00518250
0.00529408
0.00575280
0.00558972
0.00592875
0.00544024
0.00561881
0.00559449
0.00511026
0.00520921
0.00593162
0.00510764
0.00513458
0.00572658
0.00574827
0.00561762
0.00600910
0.00517631
0.00521398
0.00571728
0.00513864
0.00520277
0.00530314
0.00552392
0.00524473
0.00528526
0.00518298
0.00529075
0.00528240
0.00520539
0.00582623
0.00527859
0.00591803
0.00554419
0.00543404
0.00524759
0.00608993
0.00526690
0.00528932
0.00521731
0.00564742
0.00594425
0.00602603
0.00560331
0.00533342
0.00608158
0.00519013
0.00573039
0.00595021
0.00522232
0.00573182
0.00574493
0.00530457
0.00560641
0.00681877
0.00543308
0.00567126
0.00525641
0.00538445
0.00554562
0.00526261
0.00563693
0.00554538
0.00524426
0.00556588
0.00521612
0.00522423
0.00558019
0.00527263
0.00534415
0.00548410
0.00516248
0.00548100
0.00510311
0.00516701
0.00509596
0.00509119
0.00538945
0.00525141
0.00560737
0.00528026
0.00543475
0.00523114
0.00529265
0.00524783
0.00517988
0.00572109
0.00525260
0.00558066
0.00535369
0.00517488
0.00528622
0.00549841
0.00509501
0.00510907
0.00564027
0.00579739
0.00524879
0.00565290
0.00517917
0.00527978
0.00516868
0.00518441
0.00515127
0.00546837
0.00533438
0.00537133
0.00545263
0.00532222
0.00528383
0.00504088
0.00517416
0.00517130
0.00505662
0.00525784
0.00558138
0.00538135
0.00524235
0.00515723
0.00514364
0.00526810
0.00510550
0.00510883
0.00592875
0.00536489
0.00554991
0.00553107
0.00510359
0.00517011
0.00559378
0.00516891
0.00522137
0.00537372
0.00565577
0.00527310
0.00528502
0.00517726
0.00524139
0.00527883
0.00516009
0.00515127
0.00510502
0.00522852
0.00553250
0.00516272
0.00521421
0.00521445
0.00516629
0.00526762
0.00511670
0.00510478
0.00616097
0.00555634
0.00561905
0.00528193
0.00510454
0.00523329
0.00567842
0.00508857
0.00508738
0.00520587
0.00552559
0.00527763
0.00515509
0.00511885
0.00520563
0.00509310
0.00528479
0.00518322
0.00506806
0.00532699
0.00561690
0.00516367
0.00545955
0.00518012
0.00516438
0.00517845
0.00513172
0.00511646
0.00609827
0.00560999
0.00559783
0.00529528
0.00511861
0.00514460
0.00556040
0.00510216
0.00516963
0.00519085
0.00565982
0.00526118
0.00576329
0.00516272
0.00522447
0.00528836
0.00515127
0.00514698
0.00527477
0.00549316
0.00578690
0.00540113
0.00547695
0.00574803
0.00533605
0.00556970
0.00526786
0.00526357
0.00557065
0.00578880
0.00539398
0.00573516
0.00539088
0.00548768
0.00557303
0.00532556
0.00547051
0.00605106
0.00547695
0.00545144
0.00566769
0.00564861
0.00608492
0.00591373
0.00539804
0.00561476
0.00547099
0.00553322
0.00577354
0.00591969
0.00548887
0.00541568
0.00535059
0.00538588
0.00550795
0.00563717
0.00562501
0.00571704
0.00545597
0.00578022
0.00536323
0.00543833
0.00541592
0.00535131
0.00557256
0.00630760
0.00569177
0.00548291
0.00569201
0.00528860
0.00542426
0.00534725
0.00530052
0.00549603
0.00596976
0.00535774
0.00576735
0.00608993
0.00544238
0.00561261
0.00541973
0.00557470
0.00568271
0.00566125
0.00566506
0.00561666
0.00559735
0.00568795
0.00551391
0.00548172
0.00579834
0.00563097
0.00564075
0.00553322
0.00541019
0.00557995
0.00549603
0.00543261
0.00532460
0.00557685
0.00570083
0.00565171
0.00573802
0.00546432
0.00577402
0.00539804
0.00547123
0.00539637
0.00537062
0.00557995
0.00571704
0.00547338
0.00557804
0.00568223
0.00538015
0.00551677
0.00543976
0.00541687
0.00565195
0.00612187
0.00558496
0.00567770
0.00585127
0.00571394
0.00573778
0.00558615
0.00561905
0.00569272
0.00573587
0.00576520
0.00561237
0.00561762
0.00559902
0.00561810
0.00547767
0.00562525
0.00585866
0.00577474
0.00639510
0.00557208
0.00559807
0.00591087
0.00554466
0.00553751
0.00610709
0.00620103
0.00605416
0.00606632
0.00557280
0.00565624
0.00588226
0.00556135
0.00554752
0.00657034
0.00579596
0.00591040
0.00573325
0.00612116
0.00563502
0.00582790
0.00561309
0.00559616
0.00593162
0.00620031
0.00571990
0.00618553
0.00619888
0.00580931
0.00592613
0.00589991
0.00590801
0.00608158
0.00622106
0.00580812
0.00594497
0.00616288
0.00630283
0.00588489
0.00600576
0.00617814
0.00640416
0.00634670
0.00583673
0.00604486
0.00632906
0.00604200
0.00634265
0.00635815
0.00631952
0.00617409
0.00663662
0.00628614
0.00574899
0.00617170
0.00635958
0.00614929
0.00641084
0.00576282
0.00606394
0.00583649
0.00591350
0.00655007
0.00576162
0.00554800
0.00610590
0.00594640
0.00600886
0.00555682
0.00599957
0.00592756
0.00557137
0.00563979
0.00557995
0.00551581
0.00580978
0.00625920
0.00560904
0.00559306
0.00586104
0.00575256
0.00564528
0.00551605
0.00582314
0.00585771
0.00575757
0.00594616
0.00567126
0.00560045
0.00610781
0.00560284
0.00569749
0.00615478
0.00620866
0.00575471
0.00630641
0.00554681
0.00564456
0.00615048
0.00556111
0.00549674
0.00641537
0.00583625
0.00572944
0.00561881
0.00563931
0.00787687
0.00633669
0.00545239
0.00645185
0.00617695
0.00558853
0.00561500
0.00549054
0.00543094
0.00560164
0.00544071
0.00548840
0.00590348
0.00601459
0.00557923
0.00565648
0.00551128
0.00558758
0.00573754
0.00600219
0.00555992
0.00573063
0.00602865
0.00545001
0.00560665
0.00546026
0.00553846
0.00554371
0.00537252
0.00540304
0.00572205
0.00594354
0.00581837
0.00552106
0.00544882
0.00557542
0.00551653
0.00537348
0.00539589
0.00576162
0.00563765
0.00549507
0.00583529
0.00546098
0.00551248
0.00561357
0.00538540
0.00542212
0.00576615
0.00557184
0.00558114
0.00569820
0.00565004
0.00553703
0.00556850
0.00549054
0.00572610
0.00615859
0.00601768
0.00549030
0.00559521
0.00544477
0.00552797
0.00558162
0.00535703
0.00544357
0.00606322
0.00555372
0.00594616
0.00557089
0.00543785
0.00552177
0.00549102
0.00533962
0.00538802
0.00583053
0.00554562
0.00548029
0.00563502
0.00548506
0.00547338
0.00552201
0.00534153
0.00533843
0.00606990
0.00559163
0.00583887
0.00547409
0.00516415
0.00516725
0.00554419
0.00512815
0.00557041
0.00661302
0.00578928
0.00558281
0.00529075
0.00505042
0.00526476
0.00556087
0.00509310
0.00725079
0.00588989
0.00570583
0.00560427
0.00549436
0.00517321
0.00511003
0.00518107
0.00506449
0.00530505
0.00524831
0.00540757
0.00508881
0.00545645
0.00573921
0.00516415
0.00531602
0.00510025
0.00516272
0.00533295
0.00528646
0.00528073
0.00532079
0.00525331
0.00521898
0.00570297
0.00507808
0.00519228
0.00598097
0.00577831
0.00521469
0.00583744
0.00515652
0.00522304
0.00517821
0.00519872
0.00509667
0.00548697
0.00526404
0.00535631
0.00551033
0.00518227
0.00562191
0.00515246
0.00526404
0.00511074
0.00517964
0.00527406
0.00527096
0.00528860
0.00529480
0.00523686
0.00513196
0.00518966
0.00508904
0.00510406
0.00531435
0.00579214
0.00523281
0.00553441
0.00513721
0.00523138
0.00514579
0.00513935
0.00514984
0.00582433
0.00565052
0.00555158
0.00520468
0.00516152
0.00567508
0.00511122
0.00522995
0.00510478
0.00506330
0.00537229
0.00556207
0.00515461
0.00526905
0.00520754
0.00511098
0.00558829
0.00508356
0.00504279
0.00586987
0.00552773
0.00567245
0.00521541
0.00503755
0.00517273
0.00546694
0.00504637
0.00514293
0.00526071
0.00533700
0.00524902
0.00515127
0.00516963
0.00539684
0.00501704
0.00515103
0.00506997
0.00509071
0.00524330
0.00554633
0.00509119
0.00565624
0.00509024
0.00524640
0.00510240
0.00495076
0.00496125
0.00574327
0.00565314
0.00560522
0.00534272
0.00495720
0.00522137
0.00560236
0.00511479
0.00511479
0.00522590
0.00517678
0.00517750
0.00514102
0.00510621
0.00509548
0.00492597
0.00508118
0.00500369
0.00492048
0.00512052
0.00507116
0.00509501
0.00517082
0.00491977
0.00509334
0.00569057
0.00496626
0.00498176
0.00580454
0.00550222
0.00540233
0.00511241
0.00504589
0.00511026
0.00521255
0.00499821
0.00500035
0.00489759
0.00515079
0.00551462
0.00497580
0.00509810
0.00504994
0.00498319
0.00557137
0.00497890
0.00495720
0.00554752
0.00565505
0.00512052
0.00547552
0.00502992
0.00506568
0.00508428
0.00502682
0.00518155
0.00586700
0.00567150
0.00591469
0.00533962
0.00544429
0.00576258
0.00518584
0.00549507
0.00562644
0.00548100
0.00564361
0.00544381
0.00500154
0.00565910
0.00531983
0.00504947
0.00570440
0.00525689
0.00501585
0.00622058
0.00504780
0.00545764
0.00567603
0.00553083
0.00547957
0.00510669
0.00522423
0.00503898
0.00545120
0.00566721
0.00598693
0.00513649
0.00535583
0.00503039
0.00572538
0.00523853
0.00505495
0.00522280
0.00562692
0.00507498
0.00549245
0.00503922
0.00502133
0.00498962
0.00497842
0.00499511
0.00491047
0.00510311
0.00543547
0.00539804
0.00515771
0.00501370
0.00499821
0.00505257
0.00504136
0.00493670
0.00564027
0.00547242
0.00506210
0.00550222
0.00499249
0.00504041
0.00502157
0.00495768
0.00500226
0.00486708
0.00511956
0.00535369
0.00492930
0.00508308
0.00505424
0.00496292
0.00502849
0.00493884
0.00493479
0.00550938
0.00572824
0.00514865
0.00555849
0.00505209
0.00501776
0.00504279
0.00499272
0.00503063
0.00493622
0.00513244
0.00539613
0.00503111
0.00513244
0.00504541
0.00515771
0.00529361
0.00493503
0.00494981
0.00556016
0.00543666
0.00512910
0.00501871
0.00493336
0.00516391
0.00490880
0.00502801
0.00496650
0.00494003
0.00520468
0.00504971
0.00515914
0.00516915
0.00509882
0.00499439
0.00533056
0.00490642
0.00494576
0.00553441
0.00539660
0.00505757
0.00510287
0.00500894
0.00512195
0.00491714
0.00503230
0.00505280
0.00490928
0.00514102
0.00546312
0.00527644
0.00509524
0.00509429
0.00493312
0.00506186
0.00488377
0.00490999
0.00553870
0.00537944
0.00507307
0.00508618
0.00498629
0.00508404
0.00501966
0.00505090
0.00500464
0.00491834
0.00511956
0.00536036
0.00501561
0.00536895
0.00487995
0.00502586
0.00541544
0.00493860
0.00501060
0.00503039
0.00501156
0.00510120
0.00515008
0.00510430
0.00516677
0.00494361
0.00503254
0.00489545
0.00491452
0.00561023
0.00536489
0.00514627
0.00513983
0.00512218
0.00550699
0.00516009
0.00489712
0.00492954
0.00543642
0.00544143
0.00507998
0.00495028
0.00521231
0.00517225
0.00491762
0.00503516
0.00511527
0.00487304
0.00510550
0.00540566
0.00501990
0.00516820
0.00504327
0.00500846
0.00553751
0.00494504
0.00493169
0.00576425
0.00559282
0.00503063
0.00549221
0.00496364
0.00508595
0.00505400
0.00495648
0.00497055
0.00489283
0.00512433
0.00537229
0.00497913
0.00506759
0.00567627
0.00539970
0.00510955
0.00500298
0.00494289
0.00508595
0.00543618
0.00508547
0.00540590
0.00496006
0.00505781
0.00500965
0.00493145
0.00496078
0.00486875
0.00511384
0.00537539
0.00499701
0.00507522
0.00500345
0.00499463
0.00549626
0.00490117
0.00493836
0.00504088
0.00532055
0.00507498
0.00496197
0.00493407
0.00557995
0.00489473
0.00508857
0.00490665
0.00489593
0.00567245
0.00504184
0.00537944
0.00509453
0.00494194
0.00547886
0.00565863
0.00494480
0.00684929
0.00569654
0.00524449
0.00509596
0.00503826
0.00520420
0.00492072
0.00506783
0.00490212
0.00495362
0.00515962
0.00509620
0.00543833
0.00509715
0.00492907
0.00505161
0.00541544
0.00496364
0.00501323
0.00504971
0.00506568
0.00520945
0.00505900
0.00509286
0.00564504
0.00505710
0.00504065
0.00493979
0.00492311
0.00523901
0.00525522
0.00547051
0.00510979
0.00492477
0.00502563
0.00575662
0.00495052
0.00499201
0.00507975
0.00539017
0.00520754
0.00515413
0.00502038
0.00529432
0.00494862
0.00501823
0.00504041
0.00492597
0.00511360
0.00504446
0.00546432
0.00508690
0.00503492
0.00503111
0.00561047
0.00495219
0.00497031
0.00563216
0.00556087
0.00510669
0.00542331
0.00497580
0.00509334
0.00507450
0.00499153
0.00497699
0.00491214
0.00513005
0.00546312
0.00498080
0.00538325
0.00506568
0.00502729
0.00530076
0.00497484
0.00496149
0.00556135
0.00573325
0.00505781
0.00553012
0.00500774
0.00509477
0.00508380
0.00499344
0.00499773
0.00492263
0.00515223
0.00538373
0.00503349
0.00511241
0.00517583
0.00545645
0.00545263
0.00544834
0.00542855
0.00587440
0.00565386
0.00563145
0.00564981
0.00519753
0.00552464
0.00570869
0.00495124
0.00537443
0.00540042
0.00559473
0.00533915
0.00533271
0.00499892
0.00536728
0.00527191
0.00549269
0.00541878
0.00509191
0.00568724
0.00513315
0.00514817
0.00505805
0.00546241
0.00498676
0.00507283
0.00497794
0.00497007
0.00551105
0.00507331
0.00543427
0.00510240
0.00489330
0.00507998
0.00535703
0.00493503
0.00491714
0.00518632
0.00504565
0.00552893
0.00516319
0.00504899
0.00538135
0.00490832
0.00501418
0.00489521
0.00487256
0.00551653
0.00550079
0.00542116
0.00511122
0.00487852
0.00498843
0.00495529
0.00496483
0.00499535
0.00536132
0.00506735
0.00554442
0.00494838
0.00534463
0.00504518
0.00505805
0.00503635
0.00495744
0.00531316
0.00572133
0.00508642
0.00537920
0.00533438
0.00492501
0.00500083
0.00549459
0.00489879
0.00497127
0.00509095
0.00526333
0.00516987
0.00520396
0.00495219
0.00550771
0.00491929
0.00499582
0.00488830
0.00488639
0.00513077
0.00535989
0.00541711
0.00513792
0.00499988
0.00499582
0.00558257
0.00491166
0.00492239
0.00731134
0.00575638
0.00528622
0.00521231
0.00518274
0.00486183
0.00497437
0.00488853
0.00488305
0.00518847
0.00506282
0.00508809
0.00509024
0.00495911
0.00502491
0.00561452
0.00492692
0.00493193
0.00545835
0.00541806
0.00504279
0.00493145
0.00502062
0.00521493
0.00489259
0.00499725
0.00492692
0.00487375
0.00508189
0.00503016
0.00503182
0.00508356
0.00493169
0.00495744
