0.00199771
0.00521731
0.00493264
0.00480390
0.00541401
0.00532436
0.00496244
0.00485897
0.00490832
0.00479174
0.00530839
0.00476360
0.00508142
0.00478172
0.00487185
0.00481820
0.00543094
0.00507450
0.00538802
0.00525570
0.00533628
0.00487161
0.00522661
0.00482178
0.00521207
0.00482583
0.00496936
0.00495934
0.00541592
0.00492930
0.00531340
0.00522137
0.00536537
0.00481129
0.00546479
0.00489187
0.00523400
0.00480103
0.00541329
0.00546813
0.00660253
0.00916100
0.00770760
0.00611567
0.00539160
0.00501394
0.00486565
0.00479794
0.00474668
0.00474811
0.00493693
0.00485110
0.00495028
0.00485134
0.00509977
0.00478411
0.00475264
0.00482655
0.00472784
0.00482917
0.00472736
0.00474286
0.00470066
0.00538874
0.00509334
0.00486732
0.00501347
0.00497007
0.00476623
0.00528145
0.00478244
0.00532675
0.00495863
0.00489283
0.00487828
0.00558758
0.00494909
0.00527167
0.00477314
0.00524282
0.00476360
0.00521421
0.00483227
0.00558472
0.00477147
0.00481892
0.00480747
0.00542665
0.00512218
0.00529575
0.00493670
0.00537705
0.00484514
0.00519872
0.00487256
0.00522399
0.00481677
0.00499034
0.00475860
0.00540209
0.00499749
0.00524020
0.00525784
0.00541592
0.00494599
0.00519109
0.00487757
0.00520706
0.00480962
0.00497198
0.00476170
0.00543523
0.00502086
0.00531960
0.00530958
0.00530434
0.00486732
0.00519753
0.00478673
0.00528884
0.00494123
0.00494862
0.00479889
0.00558829
0.00501060
0.00530815
0.00519419
0.00520778
0.00538206
0.00521708
0.00484300
0.00521398
0.00477743
0.00494170
