0.00677657
0.00595808
0.00516224
0.00967860
0.00636339
0.00546694
0.00513959
0.00515342
0.00522447
0.00525331
0.00508785
0.00502920
0.00558877
0.00490713
0.00516462
0.00505280
0.00500250
0.00567746
0.00521731
0.00554562
0.00524664
0.00516629
0.00512910
0.00549030
0.00507021
0.00502658
0.00517344
0.00516987
0.00520182
0.00557137
0.00571990
0.00535989
0.00508833
0.00513911
0.00503659
0.00501347
0.00536132
0.00516272
0.00561333
0.00518489
0.00503182
0.00513935
0.00531983
0.00504184
0.00504780
0.00565505
0.00563502
0.00498581
0.00496244
0.00489116
0.00499678
0.00493050
0.00506043
0.00485516
0.00486708
0.00512338
0.00496006
0.00538015
0.00529504
0.00483370
0.00507164
0.00534034
0.00489044
0.00493693
0.00528336
0.00498939
0.00544524
0.00501156
0.00496674
0.00514412
0.00493264
0.00498414
0.00491929
0.00486159
0.00543308
0.00544071
0.00505066
0.00494528
0.00499058
0.00542736
0.00486994
0.00503850
0.00489378
0.00491118
0.00541234
0.00500917
0.00539637
0.00507498
0.00488210
0.00495696
0.00496149
0.00490308
0.00488138
0.00498104
0.00500011
0.00534558
0.00491476
0.00525498
0.00492978
0.00494218
