0.00252557
0.00502610
0.01119614
0.01105046
0.00784349
0.00619769
0.00559020
0.00512028
0.00499463
0.00486660
0.00485444
0.00483966
0.00600863
0.00528431
0.00527525
0.00489402
0.00561833
0.00526285
0.00561380
0.00529838
0.00525165
0.00487280
0.00527358
0.00485325
0.00540566
0.00526810
0.00565648
0.00490403
0.00557303
0.00487375
0.00621629
0.00524521
0.00496411
0.00938773
0.00707865
0.00591493
0.00549555
0.00502682
0.00490117
0.00506139
0.00542045
0.00496244
0.00494576
0.00504661
0.00527668
0.00492525
0.00486326
0.00553775
0.00530672
0.00499916
0.00511360
0.00552869
0.00527215
0.00562882
0.00538182
0.00498652
0.01023030
0.00798845
0.00558400
0.00499463
0.00497961
0.00491118
0.00489974
0.00487185
0.00492239
0.00483537
0.00496936
0.00481296
0.00482631
0.00481439
0.00555968
0.00526476
0.00498676
0.00481701
0.00536084
0.00485659
0.00540519
0.00492048
0.00546932
0.00488734
0.00487471
0.00488877
0.00548553
0.00502515
0.00547457
0.00540423
0.00557661
0.00498676
0.00541377
0.00496793
0.00545001
0.00495887
0.00492454
0.00492024
0.00560188
0.00513959
0.00546503
0.00541401
0.00545073
0.00495696
0.00543118
0.00498939
0.00544429
0.00498199
0.00492382
0.00492740
0.00548816
0.00503516
0.00547028
0.00547123
0.00543189
0.00528455
0.00543523
0.00500512
0.00542760
0.00498772
0.00492454
0.00493288
0.00577593
0.00506234
0.00544453
0.00542235
0.00542569
0.00498343
0.00542450
0.00499749
0.00552416
0.00540566
0.00492740
0.00491905
0.00560927
0.00512743
0.00546312
0.00546050
0.00562930
0.00497389
0.00539446
0.00496006
0.00543165
0.00495768
0.00491881
0.00492287
0.00579262
0.00504851
0.00880694
0.00651073
0.00563574
0.00569892
0.00497127
0.00497556
0.00498295
0.00491619
0.00490117
0.00511956
0.00503230
0.00503302
0.00501013
0.00498366
0.00503206
0.00492907
0.00501752
0.00490499
0.00506496
0.00490260
0.00494289
0.00491905
0.00552607
0.00534296
0.00509119
0.00492358
0.00503159
0.00492501
0.00542760
0.00496840
0.00560021
0.00497699
0.00503778
0.00502586
0.00583386
0.00501561
0.00541401
0.00494385
0.00551653
0.00494528
0.00543880
0.00498414
0.00548792
0.00501823
0.00497055
0.00491428
0.00557637
0.00501204
0.00536680
0.00507045
0.00554180
0.00499821
0.00540686
0.00497246
0.00541830
0.00519753
0.00484991
0.00485086
0.00550818
0.00499105
0.00537324
0.00539088
0.00541472
0.00500369
0.00541306
0.00496912
0.00545478
0.00497150
0.00493455
0.00516963
0.00556231
0.00512266
0.00545812
0.00539732
0.00548649
0.00499678
0.00542212
0.00499058
0.00583220
0.00500703
0.00496101
0.00493956
0.00579357
0.00507450
0.00543404
0.00498199
0.00554490
0.00498915
0.00547433
0.00500083
0.00548172
0.00502014
0.00493431
0.00495648
0.00551462
0.00502610
0.00543523
0.00537658
0.00579238
0.00499821
0.00542712
0.00497890
0.00546980
0.00499272
0.00494027
0.00497627
0.00555110
0.00510192
0.00545740
0.00539351
0.00549340
0.00497961
0.00543046
0.00497556
0.00544477
0.00497508
0.00495005
0.00493598
0.00552154
0.00502992
0.00546503
0.00539660
0.00550246
0.00804830
0.00629163
0.00568986
0.00526142
0.00500822
0.00537419
0.00560665
0.00567174
0.00543880
0.00544739
0.00545907
0.00496054
0.00546241
0.00501943
0.00541377
0.00503087
0.00493956
0.00491166
0.00552940
0.00504041
0.00544310
0.00548816
0.00551367
0.00499749
0.00547814
0.00498915
0.00541806
0.00501418
0.00493598
0.00493741
0.00582600
0.00513625
0.00538778
0.00544572
0.00547600
0.00496793
0.00545549
0.00497317
0.00540972
0.00502586
0.00493693
0.00492263
0.00558352
0.00504470
0.00536537
0.00545216
0.00543237
0.00498629
0.00545311
0.00497222
0.00541639
0.00500631
0.00500035
0.00540352
0.00591278
0.00503135
0.00550342
0.00516319
0.00554514
0.00497103
0.00546145
0.00498295
0.00545716
0.00500607
0.00497580
0.00491905
0.00569105
0.00511312
0.00831771
0.00627303
0.00566316
0.00567126
0.00502491
0.00500131
0.00497913
0.00495315
0.00491261
0.00506115
0.00505805
0.00505376
0.00499606
0.00516105
0.00498414
0.00496221
0.00503707
0.00498390
0.00501084
0.00514340
0.00499249
0.00516748
0.00531244
0.01217341
0.01170468
0.00803924
0.00600457
0.00560021
0.00516820
0.00502610
0.00495768
0.00523806
0.00572848
0.00515676
0.00509048
0.00512671
0.00493193
0.00508165
0.00492668
0.00503731
0.00494170
0.00493360
0.00490999
0.00558305
0.00537944
0.00506997
0.00493670
0.00515199
0.00493383
0.00542831
0.00499725
0.00543213
0.00499201
0.00499821
0.00494623
0.00571132
0.00505424
0.00536060
0.00504208
0.00577188
0.00494957
0.00544977
0.00495219
0.00542641
0.00500560
0.00495148
0.00494647
0.00571370
0.00507736
0.00535774
0.00500512
0.00547099
0.00496817
0.00547409
0.00498366
0.00546288
0.00501060
0.00494242
0.00497103
0.00587368
0.00511050
0.00540471
0.00528598
0.00552177
0.00500011
0.00548267
0.00497222
0.00550508
0.00508237
0.00497150
0.00496316
0.00579858
0.00503850
0.00565219
0.00539351
0.00510478
0.00499153
0.00565362
0.00500226
0.00528240
0.01009464
0.00751281
0.00660110
0.00580215
0.00571656
0.00518346
0.00523400
0.00555158
0.00546479
0.00566840
0.00519133
0.00521755
0.00549102
0.00589085
0.00531387
0.00557423
0.00517249
0.00586462
0.00551939
0.00538635
0.00552464
0.00519347
0.00498486
0.00517678
0.00545359
0.00562119
0.00544977
0.00519252
0.00549722
0.00526142
0.00519443
0.00523162
0.00582576
0.00546336
0.00562191
0.00545382
0.00593615
0.00548100
0.00543571
0.00544024
0.00537992
0.00538325
0.00521588
0.00504613
0.00500560
0.00501537
0.00495481
0.00494361
0.00540614
0.00507331
0.00507545
0.00506043
0.00520015
0.00528812
0.00503325
0.00506353
0.00502777
0.00503922
0.00496578
0.00493383
0.00496244
0.00520730
0.00565076
0.00512695
0.00513744
0.00505686
0.00496054
0.00516963
0.00507259
0.00519300
0.00506663
0.00508547
0.00505090
0.00548768
0.00557876
0.00513577
0.00560451
0.00515366
0.00509357
0.00514269
0.00494671
0.00516105
0.00493574
0.00506496
0.00495887
0.00587320
0.00539970
0.00508833
0.00519753
0.00502396
0.00492144
0.00554562
0.00489235
0.00527573
0.00491977
0.00494075
0.00493193
0.00563502
0.00498867
0.00560689
0.00508165
0.00552964
0.00505996
0.00550485
0.00504875
0.00557303
0.00506854
0.00497699
0.00498009
0.00561213
0.00506210
0.00546670
0.00500393
0.00564003
0.00499892
0.00543094
0.00498390
0.00551724
0.00504375
0.00500488
0.00498843
0.00574017
0.00507998
0.00539827
0.00499749
0.00557089
0.00501585
0.00546241
0.00499344
0.00551200
0.00497699
0.00506067
0.00509834
0.00582576
0.00502777
0.00541711
0.00501227
0.00552964
0.00498486
0.00544095
0.00497603
0.00552845
0.00501347
0.00500917
0.00493026
0.00583458
0.00501275
0.00559092
0.00498676
0.00551343
0.00497484
0.00547385
0.00495529
0.00545430
0.00504518
0.00503778
0.00494218
0.00579476
0.00500393
0.00826502
0.00619340
0.00569105
0.00570536
0.00502753
0.00499392
0.00500393
0.00497627
0.00493503
0.00510883
0.00504112
0.00504875
0.00502920
0.00546288
0.00501728
0.00518203
0.00500131
0.00500393
0.00501323
0.00494456
0.00498009
0.00513649
0.00517869
0.00571680
0.00506973
0.00530124
0.00502658
0.00494313
0.00502372
0.00493503
0.00507593
0.00493050
0.00494480
0.00492764
0.00566864
0.00552511
0.00509667
0.00499249
0.00503778
0.00497961
0.00514007
0.00502133
0.00525546
0.00504732
0.00506330
0.00502801
0.00578904
0.00500655
0.00559902
0.00495386
0.00505471
0.00494790
0.00544930
0.00497174
0.00548625
0.00496054
0.00496793
0.00498128
0.00562191
0.00507760
0.00837326
0.00632334
0.00612712
0.00588012
0.00503850
0.00548744
0.00499344
0.00495720
0.00513077
0.00564599
0.00503659
0.00546312
0.00541615
0.00552249
0.00500679
0.00545454
0.00499821
0.00545669
0.00500751
0.00497103
0.00493050
0.00567532
0.00506091
0.00545883
0.00534582
0.00552320
0.00497413
0.00550294
0.00495076
0.00514126
0.00520158
0.00499821
0.00493598
0.00578618
0.00504231
0.00553632
0.00498056
0.00548625
0.00497961
0.00547338
0.00499821
0.00547695
0.00505114
0.00500798
0.00494647
0.00567126
0.00507522
0.00544834
0.00504541
0.00555086
0.00499558
0.00554395
0.00497222
0.00566506
0.00503445
0.00508404
0.00495243
0.00594187
0.00504446
0.00537252
0.00499773
0.00565934
0.00497627
0.00524735
0.00493002
0.00514841
0.00497770
0.00498939
0.00492573
0.00557113
0.00504661
0.00842047
0.00629854
0.00573945
0.00571918
0.00501108
0.00499773
0.00500512
0.00497174
0.00491381
0.00507212
0.00507593
0.00505757
0.00500870
0.00503516
0.00504899
0.00523663
0.00527263
0.00511622
0.00518417
0.00527692
0.00493550
0.00520325
0.00516462
0.00546312
0.00501585
0.00506282
0.00559187
0.00531220
0.00512123
0.00502896
0.00701046
0.00495338
0.00493503
0.00558567
0.00511122
0.00546074
0.00551653
0.00567222
0.00497890
0.00543118
0.00498009
0.00540376
0.00496650
0.00494623
0.00493598
0.00502801
0.00505805
0.00535583
0.00547552
0.00552392
0.00504804
0.00505686
0.00498939
0.00499344
0.00500035
0.00494146
0.00491405
0.00518870
0.00506854
0.00542188
0.00501323
0.00505090
0.00498915
0.00490403
0.00506306
0.00492930
0.00503707
0.00494885
0.00495100
0.00491643
0.00556684
0.00543737
0.00506043
0.00493908
0.00506210
0.00497389
0.00559306
0.00500345
0.00511885
0.00493431
0.00495267
0.00487804
0.00577211
0.00495148
0.00583506
0.00821257
0.00629401
0.00593638
0.00509429
0.00529051
0.00484538
0.00483680
0.00481439
0.00540304
0.00503922
0.00532079
0.00545597
0.00543547
0.00496435
0.00538564
0.00495458
0.00537491
0.00493932
0.00493407
0.00490499
0.00505495
0.00502920
0.00501585
0.00497007
0.00499344
0.00499010
0.00495863
0.00500441
0.00489688
0.00501990
0.00492692
0.00496340
0.00490260
0.00555539
0.00535822
0.00506401
0.00549769
0.00508213
0.00497913
0.00514841
0.00529170
0.00511670
0.00495052
0.00494790
0.00492239
0.00588655
0.00500679
0.00555754
0.00496507
0.00506735
0.00495076
0.00545573
0.00499463
0.00546718
0.00497961
0.00495243
0.00498390
0.00564075
0.00507045
0.00554276
0.00498486
0.00558376
0.00496745
0.00549459
0.00499058
0.00545812
0.00497580
0.00494385
0.00493312
0.00579786
0.00506353
0.00554061
0.00497746
0.00570154
0.00493073
0.00547743
0.00485754
0.00550652
0.00502872
0.00505257
0.00495601
0.00579166
0.00496864
0.00553727
0.00492573
0.00564075
0.00532770
0.00521135
0.00536323
0.00522828
0.00533891
0.00512981
0.00528908
0.00580192
0.00550771
0.00521851
0.00554943
0.00519729
0.00502682
0.00516987
0.00552082
0.00507617
0.01090789
0.01043868
0.00718546
0.00644445
0.00604105
0.00590205
0.00631905
0.00606132
0.00598574
0.00557089
0.00515318
0.00495529
0.00572515
0.00565958
0.00522494
0.00504303
0.00512934
0.00498271
0.00511456
0.00496197
0.00505066
0.00498033
0.00501037
0.00495934
0.00559592
0.00502276
0.00613403
0.00505471
0.00510859
0.00502968
0.00516915
0.00504684
0.00512934
0.00507736
0.00514770
0.00528908
0.00575662
0.00529337
0.00523686
0.00502968
0.00511718
0.00501919
0.00570989
0.00506687
0.00527453
0.00511551
0.00515175
0.00505376
0.00575233
0.00507450
0.00523686
0.00502229
0.00540209
0.00499892
0.00550652
0.00502062
0.00550771
0.00501204
0.00499225
0.00495434
0.00578809
0.00509453
0.00556254
0.00502849
0.00565195
0.00497007
0.00531626
0.00497413
0.00547075
0.00505209
0.00497985
0.00493813
0.00571585
0.00509143
0.00540233
0.00501990
0.00550747
0.00500870
0.00551105
0.00498462
0.00550413
0.00501728
0.00543737
0.00527310
0.00573254
0.00504923
0.00547099
0.00525260
0.00505590
0.00494003
0.00551105
0.00495172
0.00536799
0.00501370
0.00504112
0.00495481
0.00579572
0.00505137
0.00535226
0.00501299
0.00547338
0.00497651
0.00546956
0.00499392
0.00545049
0.00499201
0.00493598
0.00490713
0.00564742
0.00514174
0.00532699
0.00548697
0.00554514
0.00493479
0.00542593
0.00496173
0.00541520
0.00498486
0.00493574
0.00492501
0.00558162
0.00827432
0.00582123
0.00524879
0.00509596
0.00497746
0.00507331
0.00491714
0.00503302
0.00495791
0.00495291
0.00544548
0.00528145
0.00547957
0.00509667
0.00529575
0.00513911
0.00499153
0.00511742
0.00491643
0.00502324
0.00493836
0.00492311
0.00510573
0.00561309
0.00533152
0.00599146
0.00577593
0.00596285
0.00521088
0.00521064
0.00515747
0.00502944
0.00504041
0.00500202
0.00538278
0.00509834
0.00544000
0.00864029
0.00623488
0.00558543
0.00527406
0.00503969
0.00501251
0.00491977
0.00495195
0.00491500
0.00539422
0.00540328
0.00506854
0.00491524
0.00510621
0.00499606
0.00523114
0.00514746
0.00522327
0.00513697
0.00515842
0.00512815
0.00587034
0.00543165
0.00506806
0.00489879
0.00503898
0.00492477
0.00552726
0.00489950
0.00529718
0.00497723
0.00499892
0.00495386
0.00600386
0.00502419
0.00551200
0.00523400
0.00509763
0.01079607
0.01086140
0.00949574
0.00638747
0.00600600
0.00543475
0.00515985
0.00495267
0.00516820
0.00496125
0.00544953
0.00499463
0.00553417
0.00501084
0.00506854
0.00506377
0.00588870
0.00505853
0.00537086
0.00499320
0.00564075
0.00496793
0.00545835
0.00501561
0.00546837
0.00502372
0.00504303
0.00500965
0.00610042
0.00511503
0.00516748
0.00498676
0.00554562
0.00501037
0.00544572
0.00502300
0.00549293
0.00502348
0.00499535
0.00501347
0.00583673
0.00506234
0.00824690
0.00620723
0.00571084
0.00571632
0.00500822
0.00547600
0.00499725
0.00495982
0.00496578
0.00555730
0.00505924
0.00542688
0.00548244
0.00553560
0.00501990
0.00543356
0.00502086
0.00545692
0.00498509
0.00497413
0.00496554
0.00556445
0.00504541
0.00542808
0.00549364
0.00563145
0.00502777
0.00543714
0.00496125
0.00543928
0.00497055
0.00497460
0.00497985
0.00561047
0.00504303
0.00543904
0.00543213
0.00608444
0.00499749
0.00543547
0.00496840
0.00543451
0.00496602
0.00494480
0.00495100
0.00553083
0.00502086
0.00542235
0.00543261
0.00551629
0.00502014
0.00546312
0.00496578
0.00543737
0.00496316
0.00493503
0.00493574
0.00507593
0.00502205
0.00537992
0.00500417
0.00501394
0.00503707
0.00497818
0.00512934
0.00527716
0.00485682
0.00485492
0.00487065
0.00539875
0.00499654
0.00546527
0.00499320
0.00502467
0.00528121
0.00489068
0.00502229
0.00491762
0.00506186
0.00492644
0.00494528
0.00489378
0.00561357
0.00548768
0.00506520
0.00509119
0.00519991
0.00493717
0.00569391
0.00501966
0.00522542
0.00495815
0.00494862
0.00502563
0.00574350
0.00516796
0.00510120
0.00510526
0.00509262
0.00495815
0.00543666
0.00498581
0.00546074
0.00495243
0.00494194
0.00493455
0.00555563
0.00508499
0.00559974
0.00536752
0.00550389
0.00558877
0.00527501
0.00499034
0.00517917
0.00493121
0.00496411
0.00495505
0.00547338
0.00506496
0.00533676
0.00530505
0.00545955
0.00485516
0.00532460
0.00490260
0.00531030
0.00487471
0.00496507
0.00491738
0.00555849
0.00504398
0.00536251
0.00544214
0.00588465
0.00544810
0.00545287
0.00505590
0.00546908
0.00501609
0.00502110
0.00492978
0.00560546
0.00508451
0.00540781
0.00525093
0.00588894
0.00861955
0.00614715
0.00591278
0.00572014
0.00552750
0.00514841
0.00543904
0.00536299
0.00584269
0.00526905
0.00511456
0.00526214
0.00571775
0.00537086
0.00516343
0.00493550
0.00552559
0.00498104
0.00563312
0.00540876
0.00515842
0.00499654
0.00566387
0.00504732
0.00520205
0.00505590
0.00528049
0.00879860
0.00614381
0.00571370
0.00524831
0.00541306
0.00506473
0.00600147
0.00505757
0.00600314
0.00547194
0.00510859
0.00497651
0.00517154
0.00498891
0.00564599
0.00538921
0.00515795
0.00500703
0.00513387
0.00495100
0.00512505
0.00498128
0.00547695
0.00500154
0.00500512
0.00494790
0.00577188
0.00504637
0.00552535
0.00528765
0.00508046
0.00498033
0.00548577
0.00500607
0.00548506
0.00502396
0.00504613
0.00502324
0.00583553
0.00504375
0.00537848
0.00501251
0.00550342
0.00497389
0.00551319
0.00501323
0.00550175
0.00500488
0.00497866
0.00496984
0.00576591
0.00509429
0.00537705
0.00501919
0.00561452
0.00498796
0.00556946
0.00500131
0.00569320
0.00503826
0.00577211
0.00502563
0.00587487
0.00541830
0.00512815
0.00501418
0.00520444
0.00494766
0.00519657
0.00495362
0.00544429
0.00501132
0.00505352
0.00495386
0.00579309
0.00500393
0.00538111
0.00499582
0.00532675
0.00496387
0.00547957
0.00496483
0.00548387
0.00498724
0.00495362
0.00493598
0.00568032
0.00502253
0.00545335
0.00541687
0.00545645
0.00552893
0.00546718
0.00497150
0.00551772
0.00501299
0.00500250
0.00494051
0.00585651
0.00500035
0.00544786
0.00496197
0.00512958
0.00806212
0.00587225
0.00514078
0.00506616
0.00502992
0.00493526
0.00523329
0.00515413
0.00544858
0.00499225
0.00502801
0.00498104
0.00492191
0.00502706
0.00490761
0.00504565
0.00492477
0.00493598
0.00489497
0.00560689
0.00539303
0.00504923
0.00501394
0.00509644
0.00493240
0.00519347
0.00494027
0.00510836
0.00506568
0.00494146
0.00491047
0.00574946
0.00519586
0.00547099
0.00539136
0.00534439
0.00503159
0.00545430
0.00504327
0.00546908
0.00504375
0.00494599
0.00492215
0.00586224
0.00514841
0.00554204
0.00515151
0.00515699
0.00502968
0.00544381
0.00515485
0.00550938
0.00519419
0.00501275
0.00502682
0.00613141
0.00522017
0.00522065
0.00501251
0.00544810
0.00502682
0.00547814
0.00506425
