0.00554681
0.00626302
0.00580931
0.00573945
0.00544858
0.00562906
0.00556684
0.00566530
0.00550032
0.00552130
0.00535727
0.00562572
0.00586247
0.00566840
0.00594044
0.00557828
0.00546265
0.00572324
0.00540257
0.00542617
0.00602627
0.00594044
0.00574493
0.00566530
0.00556064
0.00559640
0.00599718
0.00592732
0.00543904
0.00547934
0.00563359
0.00614572
0.00559163
0.00574207
0.00558233
0.00567579
0.00574374
0.00567770
0.00567341
0.00667405
0.00637054
0.00643277
0.00588584
0.00575399
0.00587249
0.00664926
0.00567389
0.00577927
0.00636816
0.00634050
0.00592518
0.00623298
0.00580907
0.00597739
0.00577807
0.00593090
0.00577927
0.00615835
0.00593638
0.00637794
0.00588012
0.00590944
0.00632071
0.00591850
0.00638270
0.00621963
0.00607085
0.00598288
0.00666451
0.00613236
0.00586510
0.00627232
0.00571942
0.00591040
0.00572634
0.00569081
0.00594234
0.00624299
0.00575995
0.00589561
0.00563669
0.00567102
0.00570488
0.00556421
0.00552964
0.00680733
0.00631428
0.00638628
0.00585437
0.00552297
0.00563431
0.00606894
0.00587702
0.00595450
0.00580668
0.00598431
0.00604272
0.00580692
0.00578833
0.00636649
0.00604892
0.00586987
0.00596809
0.00592327
0.00556016
0.00611162
0.00556898
0.00566888
0.00595140
0.00562859
0.00563741
0.00555229
0.00546241
0.00636625
0.00615859
0.00614548
0.00580645
0.00560641
0.00569606
0.00645065
0.00568986
0.00579739
0.00671697
0.00659347
0.00636387
0.00594258
0.00581360
0.00604224
0.00635791
0.00590801
0.00579906
0.00746560
0.00679588
0.01092839
0.00784254
0.00647855
0.00607467
0.00627494
0.00583410
0.00618553
0.00668335
0.00630593
0.00612998
0.00656676
0.00582695
0.00610185
0.00595188
0.00586963
0.00605106
0.00642109
0.00595307
0.00610733
0.00623393
0.00599003
0.00597477
0.00582600
0.00576234
0.00632668
0.00647020
0.00617218
0.00606608
0.00596499
0.00595808
0.00610757
