0.00554585
0.00506234
0.00529814
0.00560951
0.00561118
0.00525904
0.00507736
0.00521517
0.00516462
0.00509524
0.00511026
0.00527692
0.00521445
0.00569773
0.00510526
0.00551558
0.00517797
0.00509715
0.00535679
0.00506997
0.00515151
0.00570393
0.00522614
0.00521207
0.00522208
0.00512528
0.00568056
0.00513697
0.00527668
0.00528193
0.00537968
0.00572157
0.00586772
0.00562143
0.00527596
0.00554705
0.00529909
0.00549078
0.00521469
0.00521111
0.00555563
0.00578833
0.00520086
0.00496101
0.00519300
0.00542283
0.00567889
0.00523734
0.00540233
0.00506186
0.00569391
0.00559521
0.00554204
0.00562072
0.00593376
0.00558686
0.00573683
0.00505877
0.00520325
0.00542092
0.00515866
0.00560832
0.00553107
0.00548410
0.00579691
0.00617337
0.00557446
0.00582528
0.00635505
0.00562596
0.00542092
0.00524449
0.00521350
0.00574541
0.00512481
0.00516033
0.00523233
0.00513816
0.00587773
0.00587940
0.00521588
0.00580716
0.00517392
0.00519776
0.00527763
0.00514221
0.00516415
0.00507545
0.00530267
0.00562358
0.00520372
0.00527573
0.00518489
0.00520754
0.00580978
0.00510287
0.00523782
0.00524712
0.00527692
0.00532675
0.00527787
0.00523448
0.00608659
0.00518942
0.00528145
0.00513101
0.00525403
0.00543857
0.00688314
0.00531244
0.00540590
0.00515795
0.00530338
0.00560856
0.00522852
0.00522685
0.00536489
0.00538731
0.00534391
0.00562024
0.00524426
0.00565386
0.00515723
0.00530863
0.00516915
0.00514388
0.00580502
0.00563455
0.00563431
0.00545526
0.00508523
0.00527644
0.00525355
0.00523782
0.00518608
0.00527811
0.00521374
0.00553203
0.00516343
0.00556207
0.00526762
0.00516200
0.00510097
0.00509167
0.00524116
0.00605941
0.00524116
0.00534511
0.00518394
0.00518703
0.00529289
0.00510645
0.00507665
0.00515485
0.00509596
0.00565934
0.00584698
0.00561690
0.00531912
0.00516367
0.00523901
0.00521970
0.00508475
0.00508070
0.00520158
0.00506878
0.00517106
0.00567269
0.00510287
0.00542688
0.00510025
0.00500441
0.00512266
0.00506973
0.00564027
0.00510550
0.00517392
0.00507402
0.00533247
0.00550365
0.00505686
0.00501728
0.00512648
0.00500798
0.00580359
0.00543380
0.00519180
0.00504851
0.00504041
0.00518990
0.00498462
0.00497055
0.00504732
0.00501823
0.00558376
0.00566673
0.00911689
0.00837708
0.00597644
0.00531983
0.00513458
0.00566316
0.00513220
0.00541639
0.00536251
0.00515604
0.00510478
0.00505471
0.00505757
0.00496054
0.00508451
0.00521469
0.00512981
0.00597620
0.00507188
0.00947833
0.00626636
0.00547743
0.00514627
0.00559640
0.00516844
0.00545263
0.00513196
0.00541878
0.00507426
0.00504827
0.00505090
0.00496745
