0.00244713
0.00558257
0.00542760
0.00545096
0.00498676
0.00516939
0.00475025
0.00528169
0.00476003
0.00476670
0.00474691
0.00526881
0.00479794
0.00556850
0.00493646
0.00487590
0.00476313
0.00486183
0.00473380
0.00530910
0.00476646
0.00476265
0.00473332
0.00531578
0.00477529
0.00538397
0.00479269
0.00489807
0.00501990
0.00487828
0.00476575
0.00511312
0.00476193
0.00475264
0.00475335
0.00532651
0.00487447
0.00550008
0.00480270
0.00712705
0.00614667
0.00562167
0.00545621
0.00478029
0.00477171
0.00474024
0.00512147
0.00476003
0.00544953
0.00481367
0.00491881
0.00477815
0.00516987
0.00474954
0.00528431
0.00477338
0.00476766
0.00474024
0.00532603
0.00491095
0.00548315
0.00480533
0.00529480
0.00474954
0.00489187
0.00474691
0.00482678
0.00474572
0.00473833
0.00472236
0.00521660
0.00478292
0.00539231
0.00489974
0.00525856
0.00510025
0.00494123
0.00474644
0.00525594
0.00476265
0.00475717
0.00471163
0.00524211
0.00475979
0.00560665
0.00481224
0.00560713
0.00476408
0.00484157
0.00475645
0.00498080
0.00475502
0.00475144
0.00471616
0.00530863
0.00484419
0.00547743
0.00478077
0.00986123
0.00614548
0.00479650
0.00478554
0.00473857
0.00472283
0.00472069
0.00483370
0.00508451
0.00496364
0.00523138
0.00480437
0.00483251
0.00480056
0.00474215
0.00482559
0.00491357
0.00473094
0.00470495
0.00488329
0.00475597
0.00499105
0.00541735
0.00506687
0.00520802
0.00490570
0.00485420
0.00485802
0.00474930
0.00479460
0.00511909
0.00494719
0.00505996
0.00486779
0.00536251
0.00489831
0.00489140
0.00477672
0.00539827
0.00494313
0.00483155
0.00744224
0.00572753
0.00542927
0.00508809
0.00527430
0.00499701
0.00491405
0.00507379
0.00487947
0.00483561
0.00499606
0.00475478
0.00498223
0.00483656
0.00488567
0.01050973
0.00885057
0.00599241
0.00542665
0.00510645
0.00480866
0.00474763
0.00484467
0.00473404
0.00533819
0.00480771
0.00489020
0.00476933
0.00574160
0.00478172
0.00490761
0.00482988
0.00533366
0.00477695
0.00487041
0.00475574
0.00534940
0.00480437
0.00488615
0.00478530
0.00542021
0.00505114
0.00544667
0.00524306
0.00485158
0.00501919
0.00533700
0.00476551
0.00536275
0.00522637
0.00499415
0.00535202
0.00487876
0.00473857
0.00488210
0.00521135
0.00480032
0.00475955
0.00499177
0.00475311
0.00545859
0.00559950
0.00489879
0.00520802
0.00512481
0.00526905
0.00484824
0.00483656
0.00784087
0.00543118
0.00493217
0.00497651
0.00558567
0.00486898
0.00509024
0.00489688
0.00530624
0.00479889
0.00479126
0.00970316
0.00607300
0.00546670
0.00485349
0.00518584
0.00482607
0.00501680
0.00477791
0.00527167
0.00480890
0.00480866
0.00485492
0.00511336
0.00475812
0.00554514
0.00495696
0.00496650
0.00504446
0.00491691
0.00983429
0.00927877
0.00557542
0.00487399
0.00474548
0.00496197
0.00510597
0.00488162
0.00474954
0.00485802
0.00477362
0.00496626
0.00478792
0.00474191
0.00471449
0.00480199
0.00469995
0.00538850
0.00515366
0.00483942
0.00473142
0.00509810
0.00470567
0.00479078
0.00473309
0.00478697
0.00479150
0.00490594
0.00472403
0.00536251
0.00477624
0.00487566
0.00473809
0.00485539
0.00474048
0.00527930
0.00472546
0.00481915
0.00476241
0.00526428
0.00480080
0.00540495
0.00479221
0.00487638
0.00478697
0.00571823
0.00478983
0.00485992
0.00473785
0.00475931
0.00471735
0.01070690
0.00531912
0.00484514
0.00518155
0.00529027
0.00528598
0.00506115
0.00524831
0.00477815
0.00474930
0.00473738
0.00525808
0.00479388
0.00576758
0.00480819
0.00501537
0.00475550
0.00485611
0.00472093
0.00482368
0.00475407
0.00473261
0.00469494
0.00520515
0.00474930
0.00548291
0.00482559
0.00488949
0.00475574
0.00512934
0.00472617
0.00525594
0.00472999
0.00533700
0.00476384
0.00490284
0.00474119
0.00537014
0.00478220
0.00487256
0.00473309
0.00484014
0.00474000
0.00484252
0.00471663
0.00472498
0.00473452
0.00485730
0.00476503
0.00550103
0.00478101
0.00533175
0.00501657
0.00483918
0.00473690
0.00593305
0.00519323
0.00542808
0.00486732
0.00479770
0.00513029
0.00491953
0.00524068
0.00480843
0.00478935
0.00505757
0.00478721
0.00477576
0.00471449
0.00471282
0.00479889
0.00479436
0.00515985
0.00487423
0.00721431
0.00566554
0.00529718
0.00498962
0.00482655
0.00476241
0.00475836
0.00533533
0.00489497
0.00548005
0.00498486
0.00534391
0.00485778
0.00516963
0.00488997
0.00485849
0.00480652
0.00483441
0.00480461
0.00486183
0.00480056
0.00486755
0.00487041
0.00536084
0.00482774
0.00482273
0.00484014
0.00481677
0.00479388
0.00476122
0.00499558
0.00499344
0.00480032
0.00494075
0.00487471
0.00488448
0.00482631
0.00483370
0.00481439
0.00485516
0.00481486
0.00477314
0.00475621
0.00483203
0.00482941
0.00507545
0.00491762
0.00526214
0.00778556
0.00544882
0.00476646
0.00488019
0.00477457
0.00485921
0.00474262
0.00493360
0.00478077
0.00537777
0.01085019
0.01005387
0.00781107
0.00574398
0.00532007
0.00498629
0.00483179
0.00517201
0.00507164
0.00556540
0.00490618
0.00496984
0.00487924
0.00485826
0.00478697
0.00473547
0.00472283
0.00484347
0.00481629
0.00505209
0.00485802
0.00523162
0.00481629
0.00527382
0.00476885
0.00481749
0.00477099
0.00503874
0.00480986
0.00479770
0.00480533
0.00489473
0.00484347
0.00485849
0.00477672
0.00480294
0.00478816
0.00480151
0.00477815
0.00492072
0.00483418
0.00490308
0.00481892
0.00487804
0.00511718
0.00522041
0.00481343
0.00503850
0.00477052
0.00499797
0.00485349
0.00478578
0.00472164
0.00479722
0.00475788
0.00486875
0.00484395
0.00525093
0.00480223
0.00489521
0.00485849
0.00499439
0.00498939
0.00492096
0.00491285
0.00497317
0.00496507
0.00537157
0.00753331
0.00573587
0.00546217
0.00501084
0.00523520
0.00477743
0.00474477
0.00473833
0.00520897
0.00478101
0.00535965
0.00490093
0.00526810
0.00531936
0.00495529
0.00477195
0.00526595
0.00476575
0.00475454
0.00472927
0.00529528
0.00478864
0.00544882
0.00481057
0.00489211
0.00475264
0.00488043
0.00710201
0.00572467
0.00520611
0.00493383
0.00524426
0.00478768
0.00561261
0.00482893
0.00531268
0.00477886
0.00493836
0.00474429
0.00524592
0.00473952
0.00475955
0.00473547
0.00502014
0.00494242
0.00540924
0.00482178
0.00488305
0.00473452
0.00516224
0.00482106
0.00492454
0.00483727
0.00488400
0.00482202
0.00491762
0.00482297
0.00544167
0.00488710
0.00497627
0.00487852
0.00493240
0.00502920
0.00494099
0.00480866
0.00482202
0.00479937
0.00492597
0.00481558
0.00553823
0.00535345
0.00507760
0.00503683
0.00498056
0.00493956
0.00496745
0.00483203
0.00477147
0.00488234
0.00483704
0.00511956
0.00496054
0.00542259
0.00483561
0.00483489
0.00508070
0.00479531
0.00478387
0.00474620
0.00475168
0.00485945
0.00479913
0.00504184
0.00490451
0.00546312
0.00482965
0.00480437
0.00478601
0.00480843
0.00481153
0.00475383
0.00494552
0.00484776
0.00481534
0.00491667
0.00488043
0.00526500
0.00483155
0.00490975
0.00479722
0.00482345
0.00479126
0.00474715
0.00473285
0.00501823
0.00477910
0.00501204
0.00491047
0.00541759
0.00481844
0.00493598
0.00484657
0.00514007
0.00500298
0.00504255
0.00524235
0.00522733
0.00481606
0.00519443
0.00537300
0.00547481
0.00539660
0.00520825
0.00698018
0.00599051
0.00549889
0.00511599
0.00532937
0.00487065
0.00540614
0.00483918
0.00494790
0.00473881
0.00542641
0.00477123
0.00518656
0.00476170
0.00509024
0.00476384
0.00515628
0.00472999
0.00547934
0.00517631
0.00486302
0.00471187
0.00492883
0.00475097
0.00496697
0.00477505
0.00481677
0.00470901
0.00541258
0.00480485
0.00533748
0.00522900
0.00493026
0.00522161
0.00488210
0.00514531
0.00481057
0.00472426
0.00473213
0.00469995
0.00480318
0.00471807
0.00531077
0.00476885
0.00485373
0.00472903
0.00481844
0.00472021
0.00479650
0.00474834
0.00473857
0.00468659
0.00479960
0.00471520
0.00550508
0.00478172
0.00491238
0.00468612
0.00487733
0.00467992
0.00508070
0.00468135
0.00472450
0.00469732
0.00562406
0.00473666
0.00531220
0.00478125
0.00486827
0.00472522
0.00510883
0.00473714
0.00482178
0.00472569
0.00473118
0.00489140
0.00492382
0.00476646
0.00540447
0.00476193
0.00484991
0.00469279
0.00485134
0.00474119
0.00480819
0.00471044
0.00470233
0.00490689
0.00487685
0.00468731
0.00531697
0.00474167
0.00481844
0.00495362
0.00480676
0.00468779
0.00483584
0.00468779
0.00471807
0.00468349
0.00511885
0.00471711
0.00541353
0.00480151
0.00485301
0.00471163
0.00481653
0.00470781
0.00495529
0.00473070
0.00472069
0.00469303
0.00520897
0.00473905
0.00530267
0.00481629
0.00487614
0.00471282
0.00509357
0.00703621
0.00564885
0.00516772
0.00490212
0.00520635
0.00471926
0.00547695
0.00483918
0.00517464
0.00479794
0.00564075
0.00691366
0.00563192
0.00516605
0.00491905
0.00522947
0.00477934
0.00547314
0.00493693
0.00492740
0.00481248
0.00492144
0.00476480
0.00488019
0.00477219
0.00478292
0.00478959
0.00488329
0.00479674
0.00575995
0.00488520
0.00492525
0.00506163
0.00489473
0.00477862
0.00485945
0.00477338
0.00498676
0.00482297
0.00494862
0.00475287
0.00532889
0.00481701
0.00491667
0.00477815
0.00489950
0.00477076
0.00490069
0.00476718
0.00478077
0.00497055
0.00498867
0.00704551
0.00504684
0.00517988
0.00523806
0.00538969
0.00476694
0.00529456
0.00527596
0.00504875
0.00473857
0.00522232
0.00489020
0.00552678
0.00483990
0.00492740
0.00477719
0.00489831
0.00476813
0.00532818
0.00479269
0.00478601
0.00475073
0.00498080
0.00478601
0.00538349
0.00481486
0.00489855
0.00504065
0.00487375
0.00477219
0.00488377
0.00472283
0.00473118
0.00472307
0.00496650
0.00479436
0.00552726
0.00478935
0.00483871
0.00471544
0.00483227
0.00472212
0.00522017
0.00473642
0.00475168
0.00470877
0.00524998
0.00475383
0.00538015
0.00477600
0.00484562
0.00471306
0.00489473
0.00471711
0.00512004
0.00473642
0.00503612
0.00471544
0.00484705
0.00478005
0.00535321
0.00479531
0.00484943
0.00473237
0.00482917
0.00475740
0.00531459
0.00477910
0.00478840
0.00476289
0.00487804
0.00477433
0.00538921
0.00476670
0.00483274
0.00476623
0.00483155
0.00470042
0.00522900
0.00469828
0.00471783
0.00471330
0.00523996
0.00474906
0.00531363
0.00477839
0.00483608
0.00494838
0.00483704
0.00848031
0.00626874
0.00519705
0.00471306
0.00478077
0.00471210
0.00496006
0.00891280
0.00647473
0.00552464
0.00578666
0.00526524
0.00478554
0.00469685
0.00508213
0.00477672
0.00554633
0.00476384
0.00487733
0.00469518
0.00510836
0.00472069
0.00480890
0.00473785
0.00472355
0.00467658
0.00519419
0.00470471
0.00541139
0.00476456
0.00528789
0.00472713
0.00487113
0.00472093
0.00526452
0.00473571
0.00474548
0.00473785
0.00498295
0.00477672
0.01411104
0.00492096
0.00502968
0.00484776
0.00476241
0.00485539
0.00474691
0.00476456
0.00477338
0.00485206
0.00479770
0.00532746
0.00483322
0.00487709
0.00475264
0.00484014
0.00475955
0.00485015
0.00477743
0.00484538
0.00476217
0.00509024
0.00474977
0.00540471
0.00487375
0.00499964
0.00475073
0.00511289
0.00474715
0.00482726
0.00473309
0.00474977
0.00472450
0.00487995
0.00480223
0.00539231
0.00477409
0.00487137
0.00473666
0.00484872
0.00473595
0.00484490
0.00472260
0.00475240
0.00471377
0.00495028
0.00476956
0.00553870
0.00482559
0.00495076
0.00506139
0.00491524
0.00479698
0.00488782
0.00478053
0.00480676
0.00480938
0.00489187
0.00484061
0.00546813
0.00485778
0.00504208
0.00481987
0.00494504
0.00489283
0.00515509
0.00503874
0.00512934
0.00503469
0.00520182
0.00490212
0.00507569
0.00533652
0.00501060
0.00491905
0.00525665
0.00486660
0.00498915
0.00491381
