0.00272942
0.00555730
0.00509787
0.00547457
0.00487471
0.00495386
0.00483656
0.00485373
0.00481248
0.00477743
0.00476289
0.00487399
0.00481224
0.00495720
0.00488472
0.00533628
0.00722098
0.00582957
0.00534153
0.00510240
0.00507808
0.00487542
0.00503659
0.00487304
0.00506306
0.00493979
0.00493407
0.00483108
0.00489187
0.00488305
0.00514698
0.00500011
0.00522590
0.00528669
0.00515771
0.00541568
0.00543237
0.00536323
0.00540876
0.00480127
0.00577617
0.00479484
0.00504732
0.00479412
0.00486708
0.00478911
0.00544691
0.00477934
0.00552511
0.00482750
0.00495362
0.00479531
0.00522232
0.00477529
0.00500417
0.00478816
0.00486016
0.00476122
0.00493550
0.00508881
0.00541329
0.00574303
0.00492978
0.00508237
0.00493097
0.00515103
0.00489497
0.00478482
0.00476837
0.00489044
0.00487256
0.00489378
0.00489330
0.00529480
0.00483537
0.00483751
0.00484967
0.00486541
0.00481248
0.00476027
0.00494409
0.00532293
0.00482941
0.00491166
0.00488639
0.00550866
0.00531578
0.00535727
0.00487685
0.00531006
0.00479889
0.00476170
0.00474358
0.00546980
0.00482249
0.00556755
0.00484014
0.00496411
0.00478768
0.00496244
0.00477791
0.00487089
0.00478649
0.00478268
0.00477457
0.00502062
0.00481415
0.00565863
0.00483894
0.00492120
0.00476384
0.00522780
0.00478601
0.00499654
0.00486445
0.00479746
0.00514793
0.00551248
0.00487590
0.00550604
0.00487542
0.00490880
0.00481534
0.00489283
0.00477386
0.00493073
0.00478005
0.00484467
0.00499010
0.00529528
0.00509787
0.00502324
0.00525379
0.00491190
0.00483942
0.00887775
0.00655198
0.00556588
0.00517511
0.00542927
0.00487041
0.00581813
0.00485301
0.00497508
0.00477362
0.00489569
0.00475574
0.00507355
0.00477386
0.00480247
0.00478005
0.00531769
0.00481224
0.00539422
0.00485516
0.00490642
0.00491691
0.00517416
0.00497556
0.00505948
0.00494623
0.00495386
0.00484824
0.00491261
0.00474167
0.00551248
0.00480032
0.00486398
0.00474453
0.00484681
0.00472045
0.00491738
0.00482798
0.00484371
0.00472784
0.00528717
0.00505185
0.00514436
0.00523186
0.00495195
0.00511742
0.01001835
0.00901794
0.00614166
0.00550604
0.00514197
0.00543928
0.00488567
0.00532937
0.00522113
0.00495982
0.00486302
0.00527787
0.00479770
0.00480986
0.00476646
0.00498676
0.00478816
0.00543451
0.00499034
0.00491977
0.00474858
0.00495744
0.00478005
0.00489211
0.00477338
0.00479054
0.00480008
0.00487375
0.00478005
0.00558567
0.00484514
0.00492859
0.00491643
0.00508714
0.00491738
0.00506425
0.00493789
0.00494885
0.00493336
0.00503850
0.00528479
0.00502348
0.00604463
0.00488853
0.00515866
0.00480890
0.00483584
0.00479102
0.00473380
0.00473928
0.00473332
0.00487375
0.00530434
0.00503993
0.00541449
0.00484085
0.00483727
0.00482059
0.00484991
0.00480580
0.00478435
0.00476551
0.00506568
0.00495672
0.00489640
0.00490618
0.00535703
0.00487590
0.00484490
0.00510883
0.00486135
0.00492358
0.00487590
0.00478458
0.00483584
0.00479984
0.00490141
0.00489640
0.00545645
0.00484633
0.00484943
0.00481939
0.00481629
0.00484824
0.00476718
0.00474691
0.00483155
0.00482321
0.00541759
0.00764823
0.00592804
0.00563431
0.00504422
0.00531960
0.00483274
0.00478888
0.00478101
0.00483251
0.00481248
0.00540113
0.00487232
0.00532508
0.00530672
0.00534081
0.00478077
0.00532532
0.00480843
0.00479960
0.00477266
0.00536251
0.00481939
0.00541282
0.00483561
0.00999355
0.00947618
0.00659704
0.00563669
0.00511622
0.00534701
0.00484443
0.00545144
0.00494432
0.00527263
0.00525904
0.00491142
0.00481462
0.00537133
0.00480008
0.00711083
0.00570107
0.00525570
0.00601339
0.00488210
0.00561500
0.00480819
0.00492215
0.00479007
0.00489902
0.00478506
0.00479364
0.00482082
0.00494123
0.00477934
0.00537252
0.00484538
0.00496507
0.00485587
0.00491714
0.00481081
0.00489640
0.00479293
0.00479364
0.00484252
0.00494099
0.00477791
0.00539136
0.00483251
0.00492311
0.00508142
0.00488806
0.00983500
0.00652146
0.00558233
0.00515795
0.00497437
0.00537944
0.00486279
0.00535822
0.00528717
0.00495601
0.00479150
0.00492716
0.00478506
0.00479388
0.00477576
0.00526977
0.00483394
0.00554466
0.00486326
0.00498223
0.00479770
0.00519276
0.00480461
0.00492334
0.00479269
0.00481701
0.00478125
0.00489616
0.00484133
0.00540662
0.00484157
0.00495243
0.00478792
0.00492501
0.00480986
0.00494432
0.00478911
0.00481606
0.00478363
0.00490332
0.00486279
0.00545359
0.00487232
0.00493550
0.00507283
0.00492120
0.00479817
0.00494862
0.00480795
0.00479245
0.00482249
0.00494742
0.00477481
0.00540471
0.00487041
0.00496554
0.00480676
0.00492597
0.00481415
0.00491309
0.00482845
0.00482321
0.00485563
0.00497913
0.00481534
0.00546193
0.00500274
0.00495386
0.00512934
0.00528836
0.00480580
0.00561881
0.00486135
0.00482202
0.00497341
0.00488615
0.00552750
0.00500917
0.00547409
0.00489020
0.00496936
0.00488758
0.00489044
0.00484180
0.00483632
0.00485325
0.00498796
0.00489330
0.00497079
0.00494814
0.00528836
0.00532293
0.00539398
0.00490761
0.00535250
0.00485992
0.00485325
0.00482917
0.00542235
0.00490975
0.00539446
0.00489664
0.00500607
0.00483847
0.00496030
0.00488424
0.00502324
0.00485373
0.00488091
0.00487018
0.00497365
0.00485063
0.00545430
0.00492954
0.00499940
0.00487542
0.00511551
0.00501275
0.00519919
0.00497174
0.00543141
0.00500035
0.00530076
0.00514245
0.00512505
0.00540996
0.00495625
0.00537944
0.00505781
0.00543213
0.00789595
0.00593185
0.00591445
0.00513172
0.00538111
0.00550842
0.00562716
0.00494790
0.00508118
0.00495672
0.00566459
0.00494623
0.00498557
0.00495744
0.00510788
0.00539613
0.00533819
0.01127720
0.01018786
0.00688219
0.00563169
0.00527477
0.00507116
0.00510287
0.00513840
0.00508523
0.00554776
0.00545883
0.00595474
0.00520897
0.00509357
0.00492215
0.00585127
0.00493765
0.00502753
0.00489378
0.00513148
0.00536776
0.00512505
0.00508094
0.00501060
0.00493002
0.00501084
0.00493121
0.00489855
0.00497651
0.00495863
0.00522757
0.00505853
0.00558591
0.00498581
0.00553584
0.00505090
0.00538611
0.00496054
0.00491738
0.00489712
0.00541067
0.00493336
0.00566602
0.00499463
0.00507069
0.00517797
0.00502205
0.00490499
0.00504279
0.00493956
0.00504160
0.00491881
0.00502133
0.00488663
0.00556517
0.00553036
0.00516939
0.00510693
0.00514197
0.00569701
0.00509000
0.00497437
0.00522614
0.00497890
0.00496721
0.00551057
0.00502276
0.00543523
0.00541615
0.00559115
0.00496006
0.00503278
0.00493240
0.00494599
0.00491405
0.00504804
0.00490022
0.00551128
0.00499344
0.00507569
0.00492597
0.00504708
0.00494170
0.00510883
0.00491619
0.00499344
0.00492692
0.00500226
0.00489044
0.00547910
0.00595212
0.00500298
0.00524807
0.00498104
0.00496101
0.00494719
0.00488305
0.00493026
0.00505447
0.00497317
0.00504041
0.00505090
0.00538826
0.00541830
0.00546122
0.00524473
0.00577998
0.00497150
0.00499129
0.00490308
0.00501513
0.00492358
0.00563478
0.00539041
0.00511813
0.00506186
0.00505018
0.00496316
0.00501204
0.00493264
0.00490212
0.00497532
0.00500798
0.00518537
0.00508356
0.00540543
0.00498080
0.00497413
0.00495076
0.00494623
0.00510049
0.00491357
0.00488329
0.00539780
0.00494552
0.00546241
0.00505161
0.00536704
0.00517869
0.00501728
0.00492764
0.00518370
0.00488353
0.00490522
0.00485873
0.00510836
0.00485396
0.00558877
0.00508547
0.00501394
0.00527859
0.00521994
0.00511050
0.00516605
0.00552177
0.00502753
0.00497675
0.00498843
0.00515008
0.00498486
0.00559139
0.00488925
0.00533485
0.00534534
0.00531125
0.00489163
0.00484347
0.00480700
0.00532317
0.00488901
0.00556397
0.00490046
0.00500441
0.00484157
0.00523162
0.00484133
0.00494075
0.00484800
0.00484467
0.00482917
0.00497198
0.00481653
0.00543046
0.00489354
0.00496721
0.00483942
0.00492382
0.00482798
0.00492859
0.00481057
0.00584269
0.00639224
0.00526023
0.00561929
0.01096368
0.00730515
0.00574064
0.00563359
0.00489616
0.00537109
0.00524163
0.00499082
0.00514793
0.00565362
0.00495172
0.00497007
0.00479984
0.00490499
0.00480509
0.00490499
0.00485015
0.00494075
0.00478649
0.00489140
0.00479150
0.00540662
0.00487161
0.00493312
0.00478840
0.00495267
0.00488973
0.00496912
0.00486708
0.00488710
0.00483537
0.00495791
0.00486374
0.00536346
0.00482726
0.00490832
0.00484776
0.00548530
0.00487518
0.00495958
0.00484300
0.00485969
0.00476789
0.00486422
0.00477171
0.00543833
0.00519323
0.00491214
0.00478697
0.00494599
0.00483441
0.00489163
0.00475907
0.00478721
0.00479341
0.00491166
0.00482082
0.00500369
0.00524998
0.00494075
0.00512266
0.00496268
0.00482368
0.00487280
0.00476289
0.00478029
0.00474954
0.00486994
0.00475287
0.00499415
0.00520706
0.00489974
0.00475597
0.00490928
0.00482345
0.00499105
0.00482941
0.00476265
0.00473428
0.00486708
0.00474262
0.00532436
0.00482726
0.00486588
0.00744987
0.00573683
0.00577855
0.00496697
0.00475693
0.00480437
0.00487089
0.00477123
0.00536561
0.00481486
0.00494266
0.00474596
0.00488353
0.00475645
0.00486994
0.00475240
0.00474763
0.00475383
0.00531244
0.00485301
0.00535011
0.00480032
0.00493479
0.00484848
0.00494385
0.00484633
0.00495195
0.00481915
0.00483823
0.00481820
0.00498533
0.00476694
0.00534701
0.00480485
0.00490689
0.00502920
0.00485468
0.00474119
0.00487137
0.00474715
0.00474644
0.00473785
0.00510097
0.00478244
0.00543261
0.00478268
0.00486612
0.00472307
0.00491929
0.00472832
0.00483513
0.00475049
0.00475121
0.00472045
0.00505733
0.00479078
0.00540137
0.00482082
0.00491142
0.00475621
0.00514007
0.00476003
0.00488615
0.00478435
0.00474739
0.00476050
0.00500941
0.00487590
0.00540805
0.00484252
0.00493431
0.00477839
0.00491142
0.00475836
0.00489998
0.00476837
0.00475454
0.00475836
0.00511670
0.00483704
0.00542235
0.00480962
0.00491118
0.00505447
0.00488186
0.00475717
0.00489497
0.00476980
0.00475740
0.00475883
0.00503469
0.00484562
0.00541139
0.00480580
0.00491047
0.00477767
0.00488377
0.00476313
0.00549769
0.00479913
0.00479841
0.00475144
0.00572515
0.00479984
0.00546098
0.00488257
0.00500774
0.00485229
0.00525165
0.00484967
0.00533319
0.00487685
0.00550890
0.00502634
0.00494719
0.00554061
0.00497794
0.00566626
0.00483489
0.00502086
0.00489855
0.00543547
0.00479507
0.00524163
0.00480652
0.00512052
0.00523210
0.00545096
0.00748873
0.00569391
0.00549197
0.00502610
0.00516462
0.00522304
0.00487828
0.00523973
0.00538421
0.00494051
0.00549865
0.00508976
0.00496268
0.00506210
0.00494742
0.00505900
0.00535607
0.00506306
0.00480223
0.00473857
0.00485444
0.00473285
0.00494957
0.00486732
0.00503302
0.00488043
0.00503182
0.00493050
0.00505543
0.00493026
0.00494313
0.00472927
0.00488305
0.00473499
0.00496387
0.00528646
0.00496507
0.00496912
0.01001239
0.00593567
0.00477099
0.00470972
0.00520706
0.00479960
0.00560188
0.00482130
0.00501871
0.00476718
0.00496435
0.00475144
0.00488997
0.00473285
0.00477147
0.00473928
0.00487399
0.00479865
0.00540233
0.00479364
0.00496864
0.00476098
0.00492120
0.00474238
0.00485063
0.00475955
0.00473094
0.00472140
0.00526023
0.00477791
0.00547743
0.00487876
0.00490785
0.00502682
0.00494576
0.00494885
0.00504589
0.00493979
0.00495529
0.00491810
0.00501490
0.00476885
0.00537586
0.00521445
0.00492001
0.00478411
0.00497127
0.00476265
0.00492954
0.00476146
0.00476265
0.00473380
0.00484896
0.00472403
0.00524902
0.00478435
0.00489140
0.00474334
0.00548577
0.00473261
0.00482893
0.00476217
0.00482011
0.00478387
0.00486445
0.00471091
0.00531173
0.00478172
0.00485587
0.00470352
0.00485349
0.00472975
0.00482464
0.00471759
0.00474238
0.00472355
0.00481701
0.00481081
0.00538278
0.00482082
0.00488091
0.00499916
0.00488710
0.00485873
0.00507164
0.00530481
0.00513363
0.00516343
0.00522089
0.00528502
0.00525808
0.00552201
0.00482154
0.00552034
0.00527978
0.00523543
0.00479150
0.00479603
0.00475454
0.00522280
0.00478649
0.00538230
0.00485373
0.00538802
0.00521016
0.00519228
0.00476289
0.00485706
0.00477719
0.00476384
0.00471115
0.00526214
0.00476146
0.00534749
0.00483489
0.00494576
0.00473595
0.00486398
0.00473237
0.00492215
0.00473762
0.00473809
0.00471115
0.00529099
0.00476193
0.00538349
0.00477672
0.00487161
0.00501752
0.00487995
0.00474548
0.00486827
0.00473022
0.00474524
0.00473118
0.00497961
0.00477982
0.00540304
0.00476646
0.00490046
0.00474644
0.00544119
0.00476503
0.00486875
0.00477552
0.00495338
0.00473285
0.00495768
0.00471115
0.00533581
0.00476718
0.00488496
0.00472236
0.00510406
0.00468969
0.00483322
0.00473833
0.00473118
0.00471449
0.00517225
0.00480700
0.00533724
0.00481129
0.00489116
0.00473976
0.00488758
0.00473237
0.00486279
0.00472641
0.00474167
0.00472546
0.00485373
0.00477242
0.00557971
0.00478411
0.00490355
0.00483751
0.00487161
0.00473952
0.00496030
0.00474954
0.00475502
0.00473905
0.00497055
0.00481033
0.00542545
0.00485945
0.00497866
0.00487685
0.00486445
0.00486660
0.00491047
0.00478721
0.00475740
0.00473666
0.00488234
0.00474548
0.00534081
0.00497866
0.00487375
0.00471401
0.00490618
0.00471735
0.00486827
0.00473380
0.00502944
0.00479126
0.00491118
0.00480032
0.00525856
0.00482583
0.00487852
0.00472403
0.00492883
0.00471687
0.00489974
0.00471234
0.00474668
0.00471616
0.00485778
0.00482512
0.00541496
0.00479698
0.00491142
0.00475764
0.00488997
0.00475478
0.00491786
0.00474906
0.00479317
0.00479341
0.00515723
0.00478363
0.00534749
0.00479770
0.00491357
0.00503373
0.00488186
0.00476360
0.00491786
0.00511265
0.00482154
0.00480652
0.00498152
0.00475574
0.00526834
0.00482917
0.00496554
0.00476003
0.00491357
0.00474095
0.00495648
0.00476122
0.00476503
0.00474310
0.00497484
0.00474858
0.00540376
0.00485682
0.00489831
0.00472522
0.00550008
0.00474119
0.00484133
0.00472522
0.00481677
0.00479865
0.00484800
0.00474668
0.00543141
0.00493836
0.00491905
0.00477457
0.00487351
0.00475001
0.00488091
0.00475478
0.00478387
0.00475121
0.00503635
0.00473738
0.00540471
0.00483131
0.00493240
0.00482988
0.00491714
0.00479269
0.00538683
0.00487590
0.00477719
0.00473309
0.00489950
0.00476289
0.00513220
0.00488901
0.00504065
0.00512505
0.00558066
0.00532079
0.00522923
0.00520253
0.00517607
0.00565171
0.00503039
0.00575137
0.00481462
0.00503469
0.00476265
0.00513816
0.00474858
0.00494719
0.00477767
0.00477362
0.00495577
0.00487733
0.00472522
0.00544095
0.00493693
0.00490260
0.00474811
0.00487971
0.00475764
0.00487494
0.00474262
0.00474501
0.00474715
0.00492477
0.00471497
0.00537586
0.00478506
0.00486708
0.00501060
0.00485873
0.00472426
0.00481749
0.00476074
0.00485897
0.00478029
0.00495005
0.00474572
0.00533104
0.00481820
0.00489020
0.00473523
0.00482178
0.00471210
0.00483727
0.00471330
0.00472188
0.00470066
0.00487638
0.00480127
0.00538373
0.00474787
0.00486827
0.00471139
0.00510073
0.00471544
0.00482965
0.00474668
0.00474119
0.00472093
0.00490522
0.00480008
0.00543332
0.00479078
0.00488281
0.00474215
0.00485611
0.00477409
0.00490093
0.00475526
0.00473762
0.00475025
0.00484490
0.00478148
0.00541520
0.00476742
0.00488448
0.00502324
0.00485086
0.00474191
0.00531983
0.00502396
0.00493884
0.00475740
0.00564051
0.00482583
0.00538707
0.00479794
0.00494552
0.00489831
0.00519657
0.00493312
0.00512123
0.00496864
0.00506902
0.00491762
0.00513077
0.00530457
0.00491595
0.00548959
0.00481772
0.00498247
0.00486803
0.00508618
0.00500321
0.00518417
0.00523019
0.00542450
0.00480151
0.00590611
0.00493741
0.00565028
0.00476885
0.00553298
0.00472403
0.00550914
0.00477028
0.00480366
0.00474381
0.00532389
0.00478673
0.00536871
0.00523710
0.00488234
0.00546074
0.00492120
0.00540519
0.00489664
0.00483584
0.00494695
0.00490212
0.00489020
0.00506282
0.00488019
0.00534415
0.00490189
0.00489450
0.00479746
0.00489259
0.00478482
0.00479364
0.00481081
0.00492096
0.00478864
0.00494862
0.00495791
0.00524759
0.00509048
0.00527477
0.00485325
0.00520873
0.00477576
0.00476289
0.00473380
0.00522184
0.00478482
0.00542474
0.00482178
0.00534368
0.00524116
0.00493336
0.00474834
0.00528097
0.00474596
0.00476480
0.00473642
0.00526762
0.00476718
0.00555634
0.00480127
0.00491476
0.00475788
0.00497556
0.00475430
0.00485206
0.00473905
0.00474405
0.00471354
0.00503707
0.00505972
0.00544524
0.00479507
0.00498390
0.00481057
0.00487089
0.00476694
0.00484514
0.00473571
0.00474024
0.00471497
0.00483441
0.00482440
0.00537515
0.00477672
0.00712085
0.00610185
0.00516891
0.00505233
0.00475597
0.00473738
0.00472116
0.00491071
0.00475836
0.00551844
0.00479126
0.00488520
0.00475740
0.00484490
0.00475836
0.00494814
0.00479102
0.00475454
0.00472927
0.00525784
0.00474930
0.00546193
0.00478959
0.00489306
0.00473619
0.00513697
0.00472689
0.00483155
0.00475454
0.00531197
0.00475693
0.00503922
0.00473070
0.00538731
0.00479126
0.00490665
0.00473166
0.00487089
0.00474310
0.00486755
0.00473166
0.00475192
0.00473762
0.00483227
0.00477147
0.00538754
0.00480533
0.00491905
0.00501752
0.00484943
0.00474811
0.00487018
0.00473428
0.00473070
0.00474930
0.00483727
0.00477052
0.00538397
0.00479102
0.00488281
0.00472569
0.00486135
0.00471973
0.00483084
0.00473237
0.00474739
0.00472808
0.00498199
0.00474167
0.00533843
0.00479507
0.00491381
0.00475311
0.00486398
0.00475264
0.00486255
0.00475049
0.00477672
0.00473475
0.00484109
0.00485516
0.00542140
0.00480556
0.00496554
0.00477362
0.00515127
0.00471497
0.00483751
0.00472808
0.00477457
0.00474143
0.00492144
0.00480795
0.00537658
0.00483894
0.00494599
0.00479937
0.00487804
0.00475597
0.00488687
0.00475359
0.00477195
0.00493431
0.00489140
0.00479007
0.00535083
0.00479627
0.00491691
0.00511980
0.00495243
0.00485539
0.00496531
0.00483751
0.00485849
0.00482702
0.00484943
0.00472045
0.00534987
0.00479054
0.00490689
0.00474501
0.00486517
0.00474191
0.00487614
0.00476432
0.00475740
0.00473261
0.00493717
0.00476623
0.00543022
0.00481820
0.00518322
0.00477695
0.00516057
0.00486493
0.00501704
0.00477457
0.00479507
0.00476623
0.00488520
0.00477648
0.00541258
0.00480199
0.00491452
0.00484610
0.00501037
0.00486159
0.00495911
0.00485563
0.00486779
0.00484824
0.00495958
0.00497103
0.00499010
0.00535774
0.00493884
0.00532532
0.00490308
0.00493026
0.00490189
0.00477362
0.00475955
0.00493956
0.00488544
0.00491619
0.00489688
0.00528479
0.00483322
0.00527644
0.00486231
0.00483394
0.00485182
0.00479054
0.00476503
0.00525784
0.00481248
0.00540757
0.00487638
0.00547791
0.00533605
0.00513196
0.00480199
0.00538111
0.00479913
0.00479412
0.00475740
0.00533390
0.00500250
0.00544429
0.00485039
0.00496984
0.00482821
0.00495768
0.00485516
0.00510740
0.00498390
0.00502348
0.00497961
0.00508451
0.00484776
0.00549746
0.00486302
0.00496984
0.00483751
0.00506043
0.00484014
0.00492787
0.00489759
0.00488663
0.00490642
0.00497293
0.00502658
0.00503039
0.00561953
0.00496268
0.00496960
0.00494385
0.00497508
0.00493217
0.00481081
0.00486422
0.00499797
0.00485277
0.00537944
0.00537038
0.00548029
0.00531602
0.00495172
0.00482655
0.00538468
0.00482631
0.00480843
0.00478792
0.00502372
0.00483632
0.00545979
0.00486231
0.00497580
0.00480843
0.00522161
0.00481987
0.00494838
0.00481081
0.00482440
0.00478530
0.00501704
0.00481248
0.00542974
0.00488424
0.00496221
0.00482082
0.00495362
0.00482893
0.00493288
0.00490189
0.00493503
0.00479937
0.00493288
0.00481844
0.00541806
0.00485396
0.00494933
0.00508189
0.00494099
0.00479937
0.00496078
0.00480676
0.00481939
0.00478840
0.00487924
0.00477719
0.00507951
0.00515032
0.00494766
0.01131964
0.01073074
0.00663495
0.00565028
0.00512934
0.00528216
0.00499773
0.00535893
0.00490355
0.00490332
0.00524640
0.00490022
0.00490808
0.00483036
0.00481462
0.00494504
0.00487876
0.00496316
0.00496173
0.00521493
0.00488472
0.00532460
0.00488138
0.00536609
0.00490165
0.00536633
0.00486636
0.00519800
0.00529242
0.00556421
0.00488472
0.00497413
0.00481153
0.00552464
0.00484324
0.00565434
0.00495338
0.00486016
0.00480914
0.00501037
0.00509286
0.00544572
0.00562477
0.00505829
0.00558519
0.00507092
0.00549412
0.00507689
0.00528979
0.00542498
0.00560427
0.00535965
0.00550413
0.00485587
0.00499797
0.00481701
0.00541663
0.00483680
0.00494766
0.00490093
0.00509048
0.00481677
0.00500298
0.00479150
0.00549912
0.00524640
0.00493646
0.00482464
0.00511026
0.00497627
0.00505877
0.00489283
0.00489736
0.00495410
0.00493383
0.00499535
0.00504041
0.00498796
0.00488997
0.00488544
0.00482035
0.00484681
0.00481057
0.00476933
0.00477219
0.00484991
0.00481868
0.00511289
0.00494266
0.00562572
0.00482845
0.00528169
0.00485015
0.00577736
0.00530481
0.00481534
0.00476980
0.00531244
0.00479531
0.00548291
0.00481868
0.00492477
0.00478005
0.00489020
0.00478578
0.00488019
0.00478077
0.00479317
0.00475073
0.00499511
0.00474501
0.00543022
0.00480652
0.00493097
0.00475693
0.00553441
0.00477409
0.00515962
0.00475883
0.00483894
0.00476623
0.00493145
0.00472903
0.00533938
0.00480890
0.00490570
0.00475025
0.00554800
0.00474977
0.00486517
0.00481272
0.00476336
0.00472879
0.00486064
0.00472379
0.00535560
0.00479031
0.00488496
0.00474072
0.00544930
0.00477123
0.00535178
0.00475550
0.00477409
0.00476122
0.00485706
0.00472021
0.00558877
0.00508356
0.00488806
0.00478244
0.00488257
0.00482488
0.00497222
0.00474429
0.00476551
0.00471640
0.00484037
0.00474286
0.00550818
0.00480962
0.00484490
0.00474048
0.00490618
0.00481439
0.00491166
0.00479960
0.00481844
0.00478482
0.00491214
0.00480819
0.00533628
0.00474930
0.00513220
0.00497293
0.00741887
0.00577188
0.00522470
0.00492477
0.00471425
0.00481486
0.00470209
0.00548387
0.00475645
0.00485229
0.00474954
0.00484562
0.00473571
0.00486588
0.00500631
0.00480056
0.00471258
0.00483274
0.00473428
0.00543594
0.00475478
0.00486159
0.00509071
0.00493479
0.00477171
0.00492907
0.00481987
0.00482225
0.00483274
0.00488782
0.00490975
0.00490952
0.00515413
0.00479102
0.00481367
0.00478745
0.00477695
0.00478387
0.00474668
0.00473452
0.00477505
