0.00668526
0.00519848
0.00515676
0.00521302
0.00512958
0.00505161
0.00509191
0.00508475
0.00524640
0.00565004
0.00509763
0.00511432
0.00518012
0.00511956
0.00508070
0.00520134
0.00578284
0.00577617
0.00509405
0.00525141
0.00553250
0.00507975
0.00503063
0.00513387
0.00532484
0.00529099
0.00525761
0.00573373
0.00504398
0.00514555
0.00509691
0.00565624
0.00506997
0.00521231
0.00530934
0.00544190
0.00508833
0.00520396
0.00506377
0.00512457
0.00524426
0.00577402
0.00589871
0.00537300
0.00510526
0.00524068
0.00503612
0.00502658
0.00516248
0.00561357
0.00512481
0.00539589
0.00526643
0.00539970
0.00601029
0.00518918
0.00505328
0.00540066
0.00560880
0.00534201
0.00514674
0.00521851
0.00501323
0.00509667
0.00518680
0.00609279
0.00557804
0.00553775
0.00518584
0.00554013
0.00510526
0.00504589
0.00517511
0.00520420
0.00515628
0.00525475
0.00577879
0.00510240
0.00512910
0.00508738
0.00519061
0.00530887
0.00527120
0.00533819
0.00513935
0.00515556
0.00517607
0.00512433
0.00507832
0.00516129
0.00572634
0.00577044
0.00552607
0.00544477
0.00569105
0.00517917
0.00503087
0.00521350
0.00575042
0.00522375
0.00533485
0.00548196
0.00520587
0.00520825
0.00513911
0.00572371
0.00559163
0.00517416
0.00516272
0.00555611
0.00512481
0.00516272
0.00513244
0.00515556
0.00507236
0.00532508
0.00587249
0.00533152
0.00511098
0.00521135
0.00506163
0.00502467
0.00518084
0.00598049
0.00597119
0.00517344
0.00522041
0.00558424
0.00511646
0.00508094
0.00521779
0.00519276
0.00523186
0.00546646
0.00531793
0.00511527
0.00513840
0.00508356
0.00516033
0.00533271
0.00547361
0.00556159
0.00545430
0.00529695
0.00540113
0.00533938
0.00536656
0.00535297
0.00592899
0.00618958
0.00548196
0.00530171
0.00539184
0.00525475
0.00522685
0.00540185
0.00596356
0.00611734
0.00530982
0.00556445
0.00547075
0.00533271
0.00530410
0.00541711
0.00640965
0.00625467
0.00532222
0.00576687
0.00552416
0.00530553
0.00529456
0.00547743
0.00550365
0.00602555
0.00587058
0.00548959
0.00602365
0.00607133
0.00542426
0.00551391
0.00676084
0.00613356
0.00536728
0.00552726
0.00587654
0.00583291
0.00535369
0.00549960
0.00624466
0.00591278
0.00562191
0.00552583
0.00550556
0.00548148
0.00564361
0.00551724
0.00718808
0.00641298
0.00553703
0.00581145
0.00581312
0.00580287
0.00576544
0.00638342
0.00623226
0.00543356
0.00559831
0.00616860
0.00538325
0.00535774
0.00543928
0.00632167
0.00607443
0.00540662
0.00546741
0.00582051
0.00530958
0.00529599
0.00544333
0.00588846
0.00561905
0.00578523
0.00543642
0.00582886
0.00531220
0.00530672
0.00545168
0.00545740
0.00539565
0.00551605
0.00547719
0.00547075
0.00547600
0.00551128
0.00592256
0.00594735
0.00568533
0.00573802
0.00614357
0.00564528
0.00556707
0.00557208
0.00617623
0.00603533
0.00562096
0.00566435
0.00595689
0.00554943
0.00557065
0.00556779
0.00580573
0.00574684
0.00570774
0.00574493
0.00583649
0.00564933
0.00560498
0.00561118
0.00618505
0.00575638
0.00564218
0.00564170
0.00572252
0.00549531
0.00558257
0.00560355
0.00575042
0.00564075
0.00556469
0.00572038
0.00565338
0.00547886
0.00546527
0.00557184
0.00610924
0.00582504
0.00549626
0.00561237
0.00572634
0.00552034
0.00547361
0.00542140
0.00583625
0.00611377
0.00566578
0.00568867
0.00614095
0.00555110
0.00547051
0.00555873
0.00618649
0.00585556
0.00553799
0.00558662
0.00617218
0.00551891
0.00542092
0.00540519
0.00594950
0.00576711
0.00558329
0.00561190
0.00599074
0.00558996
0.00546956
0.00542784
0.00588393
0.00598741
0.00555563
0.00555038
0.00611591
0.00546598
0.00551176
0.00545025
0.00593638
0.00605655
0.00571585
0.00577617
0.00646210
0.00580907
0.00563955
0.00568151
0.00625086
0.00584865
0.00574017
0.00576591
0.00644779
0.00577188
0.00568581
0.00570035
0.00581431
0.00570107
0.00589681
0.00580406
0.00576782
0.00565076
0.00567341
0.00562763
0.00574827
0.00568104
0.00565839
0.00630093
0.00574183
0.00636506
0.00559115
0.00557089
0.00569963
0.00613236
0.00617051
0.00609541
0.00591564
0.00606966
0.00561237
0.00564218
0.00574088
0.00657701
0.00621843
0.00564289
0.00580931
0.00583482
0.00569677
0.00562930
0.00575566
0.00649261
0.00618863
0.00593877
0.00566411
0.00575829
0.00565839
0.00573492
0.00562859
0.00604296
0.00616503
0.00574994
0.00568962
0.00580001
0.00551343
0.00564456
0.00552392
0.00587058
0.00625920
0.00564194
0.00558853
0.00563860
0.00565600
0.00566244
0.00562620
0.00586915
0.00627804
0.00561786
0.00556445
0.00562596
0.00584292
0.00560260
0.00554109
0.00629377
0.00619674
0.00563979
0.00557089
0.00566721
0.00552797
0.00560999
0.00556278
0.00615287
0.00597167
0.00561976
0.00553632
0.00570440
0.00550818
0.00553799
0.00558925
0.00617170
0.00656605
0.00566578
0.00565362
0.00579000
0.00560856
0.00571656
0.00568390
0.00590444
0.00590444
0.00570536
0.00570726
0.00585723
0.00579739
0.00580883
0.00575852
0.00594282
0.00619268
0.00622654
0.00580001
0.00584984
0.00575519
0.00575829
0.00579739
0.00583196
0.00589824
0.00688505
0.00585508
0.00576353
0.00574827
0.00627708
0.00604057
0.00587559
0.00587440
0.00595760
0.00576639
0.00574112
0.00577593
0.00606847
0.00576210
0.00571012
0.00587678
0.00575352
0.00567126
0.00564742
0.00563192
0.00672960
0.00598478
0.00582552
0.00615788
0.00609684
0.00634861
0.00581551
0.00589514
0.00574207
0.00614643
0.00647593
0.00643110
0.00617743
0.00583625
0.00568891
0.00589228
0.00582147
0.00557041
0.00558829
0.00606012
0.00569344
0.00557852
0.00553584
0.00560951
0.00601530
0.00545454
0.00569367
0.00549459
0.00559664
0.00554037
0.00625229
0.00600243
0.00548577
0.00585628
0.00626707
0.00543332
0.00542140
0.00542521
0.00545073
0.00537896
0.00539470
0.00590634
0.00590420
0.00549865
0.00541091
0.00539398
0.00528502
0.00537395
0.00545120
0.00590587
0.00645447
0.00543809
0.00556326
0.00585651
0.00580454
0.00530696
0.00542688
0.00595880
0.00615931
0.00629950
0.00603700
0.00542617
0.00548267
0.00540781
0.00568151
0.00598693
0.00578308
0.00542259
0.00542140
0.00540543
0.00535941
0.00532937
0.00547767
0.00605488
0.00606728
0.00544906
0.00555301
0.00564289
0.00543618
0.00549173
0.00561619
0.00625682
0.00627041
0.00557852
0.00563979
0.00579071
0.00553107
0.00546527
0.00555968
0.00628734
0.00635076
0.00581360
0.00572181
0.00558138
0.00550795
0.00559425
0.00602818
0.00630784
0.00577998
0.00557208
0.00560284
0.00561833
0.00558877
0.00557160
0.00549912
0.00584507
0.00625420
0.00564408
0.00556946
0.00563407
0.00546217
0.00556207
0.00555992
0.00579214
0.00632405
0.00566387
0.00551414
0.00565696
0.00715041
0.00605559
0.00617337
0.00640655
0.00602818
0.00558209
0.00560093
0.00546861
0.00551438
0.00622225
0.00619435
0.00606656
0.00560403
0.00552011
0.00560927
0.00551438
0.00544238
0.00555086
0.00616884
0.00596333
0.00569320
0.00563192
0.00562119
0.00560284
0.00549364
0.00558901
0.00588036
0.00640178
0.00565696
0.00555730
0.00567555
0.00580096
0.00567365
0.00558639
0.00594759
0.00605822
0.00565076
0.00560808
0.00567722
0.00601315
0.00577521
0.00571227
0.00567961
0.00579762
0.00569344
0.00549364
0.00560355
0.00554752
0.00551414
0.00550938
0.00569677
0.00584769
0.00546980
0.00553632
0.00553298
0.00552368
0.00547147
0.00554132
0.00608873
0.00644898
0.00573754
0.00570059
0.00580931
0.00574064
0.00576043
0.00586271
0.00594401
0.00614476
0.00568533
0.00571847
0.00580382
0.00569677
0.00578165
0.00572181
0.00581408
0.00604701
0.00632238
0.00580573
0.00584984
0.00579739
0.00619221
0.00604153
0.00595737
0.00607944
0.00598907
0.00581813
0.00583816
0.00574517
0.00595284
0.00589061
0.00581551
0.00651813
0.00581479
0.00628519
0.00577450
0.00568223
0.00581837
0.00622416
0.00621772
0.00897241
0.00643396
0.00581646
0.00645566
0.00593257
0.00618434
0.00603628
0.00603127
0.00639057
0.00586247
0.00587010
0.00594687
0.00752163
0.00638437
0.00654268
0.00586462
0.00597906
0.00578523
0.00586367
0.00582051
0.00632548
0.00618196
0.00593877
0.00606966
0.00602889
0.00592160
0.00641608
0.00643086
0.00601721
0.00598884
0.00643349
0.00585389
0.00586367
0.00585461
0.00613213
0.00594211
0.00592828
0.00598764
0.00601196
0.00627971
0.00588989
0.00580168
0.00595331
0.00684357
0.00679970
0.00618958
0.00593543
0.00591993
0.00582147
0.00583839
0.00582504
0.00613618
0.00687790
0.00595498
0.00589991
0.00597143
0.00592399
0.00594473
0.00588584
0.00598431
0.00598264
0.00635266
0.00594640
0.00587511
0.00583792
0.00634670
0.00619364
0.00628138
0.00601912
0.00634480
0.00594354
0.00593209
0.00588417
0.00600982
0.00639534
0.00620890
0.00642610
0.00604129
0.00636482
0.00661135
0.00637817
0.00591397
0.00612831
0.00645423
0.00647855
0.00731015
0.00654197
0.00601292
0.00624967
0.00660276
0.00663471
0.00608850
0.00611472
0.00659513
0.00617433
0.00644827
0.00637269
0.00641656
0.00626898
0.00621891
0.00599027
0.00598788
0.00615072
0.00622153
0.00579524
0.00600863
0.00589800
0.00568986
0.00574613
0.00566959
0.00571322
0.00565696
0.00567961
0.00579453
0.00549722
0.00542855
0.00548506
0.00539923
0.00544000
0.00537801
0.00567412
0.00612092
0.00557041
0.00543666
0.00545430
0.00540137
0.00546837
0.00542641
0.00607252
0.00634527
0.00563717
0.00557995
0.00556231
0.00539994
0.00543237
0.00549912
0.00614142
0.00598288
0.00581670
0.00549054
0.00560355
0.00546122
0.00541949
0.00553727
0.00614476
0.00625753
0.00560737
0.00550294
0.00560236
0.00546432
0.00553370
0.00550508
0.00608325
0.00620890
0.00565290
0.00546932
0.00561929
0.00543594
0.00544930
0.00555778
0.00571585
0.00583029
0.00602055
0.00600815
0.00568295
0.00550508
0.00556469
0.00548792
0.00576115
0.00592065
0.00554752
0.00549269
0.00561452
0.00547361
0.00562501
0.00551033
0.00595284
0.00657988
0.00569963
0.00570893
0.00570464
0.00565267
0.00563121
0.00575852
0.00581312
0.00725293
0.00608778
0.00600004
0.00563860
0.00562906
0.00609159
0.00602818
0.00615954
0.00590253
0.00630665
0.00577021
0.00558805
0.00562239
0.00583982
0.00575113
0.00563312
0.00605369
0.00560308
0.00570393
0.00554824
0.00563335
0.00574899
0.00575566
0.00559258
0.00573826
0.00595188
0.00560880
0.00556278
0.00558877
0.00574207
0.00570917
0.00563359
0.00584602
0.00569391
0.00560522
0.00556493
0.00709128
0.00595784
0.00677323
0.00605798
0.00590396
0.00554943
0.00575852
0.00561547
0.00567508
0.00570917
0.00632620
0.00585079
0.00554132
0.00558496
0.00558519
0.00548100
0.00556803
0.00553012
0.00569201
0.00636077
0.00566840
0.00545883
0.00559926
0.00546074
0.00554276
0.00550079
0.00612283
0.00626993
0.00558138
0.00537348
0.00553584
0.00533605
0.00529766
0.00538158
0.00611186
0.00567961
0.00561047
0.00565338
0.00563622
0.00552249
0.00551939
0.00567245
0.00638413
0.00590277
0.00567007
0.00561714
0.00559783
0.00544977
0.00549173
0.00559068
0.00600863
0.00622606
0.00587344
0.00552797
0.00560856
0.00548434
0.00549436
0.00565553
0.00620055
0.00617957
0.00568843
0.00557899
0.00565624
0.00548410
0.00547910
0.00569081
0.00623155
0.00613260
0.00606394
0.00567746
0.00646067
0.00583386
0.00582194
0.00582051
0.00584006
0.00594187
0.00574780
0.00567150
0.00575185
0.00567007
0.00570488
0.00578237
0.00603676
0.00596666
0.00577784
0.00575209
0.00584173
0.00576067
0.00577950
0.00573349
0.00585294
0.00615954
0.00622320
0.00576544
0.00584459
0.00576401
0.00625229
0.00624895
0.00629950
0.00594783
0.00614357
0.00594783
0.00588036
0.00601053
0.00595403
0.00650954
0.00629497
0.00602174
0.00591493
0.00634098
0.00576234
0.00575829
0.00590110
0.00660157
0.00669050
0.00591683
0.00631642
0.00602937
0.00586557
0.00593781
0.00608182
0.00645280
0.00647354
0.00600457
0.00599885
0.00605750
0.00599575
0.00624394
0.00675917
0.00597024
0.00612378
0.00631690
0.00595570
0.00582480
0.00604129
0.00655723
0.00692701
0.00654030
0.00606108
0.00653791
0.00614572
0.00595832
0.00613666
0.00600481
0.00608659
0.00648642
0.00622129
0.00650883
0.00642920
0.00610042
0.00619149
0.00665545
0.00634050
0.00627637
0.00606036
0.00628543
0.00589538
0.00587535
0.00623941
0.00670433
0.00715685
0.00645518
0.00608635
0.00626493
0.00609493
0.00709128
0.00706911
0.00606108
0.00640678
0.00586176
0.00602865
0.00569463
0.00574398
0.00586224
0.00666833
0.00642538
0.00618601
0.00586653
0.00593543
0.00577068
0.00607586
0.00573707
0.00604844
0.00602651
0.00590038
0.00575376
0.00577021
0.00572276
0.00584745
0.00574946
0.00587630
0.00590444
0.00623083
0.00652218
0.00623250
0.00604224
0.00650167
0.00603390
0.00592208
0.00586486
0.00590372
0.00592470
0.00571966
0.00570846
0.00582027
0.00637484
0.00658941
0.00575495
0.00579190
0.00594521
0.00564289
0.00567579
0.00580430
0.00635004
0.00665712
0.00634742
0.00573492
0.00583529
0.00566697
0.00576353
0.00570679
0.00598955
0.00647688
0.00579238
0.00574589
0.00583673
0.00567603
0.00574732
0.00612640
0.00634956
0.00595450
0.00576568
0.00579214
0.00576615
0.00567436
0.00576186
0.00564814
0.00586295
0.00612807
0.00615597
0.00587416
0.00584722
0.00590396
0.00627375
0.00618672
0.00632167
0.00614452
0.00602651
0.00589061
0.00580359
0.00583386
0.00594735
0.00638509
0.00630832
0.00595760
0.00588036
0.00618005
0.00587082
0.00593448
0.00584674
0.00654793
0.00685978
0.00599670
0.00581551
0.00597382
0.00580692
0.00586176
0.00577521
0.00604725
0.00632834
0.00634313
0.00593567
0.00611138
0.00586581
0.00631499
0.00611687
0.00646806
0.00610399
0.00615716
0.00582743
0.00594068
0.00578642
0.00603294
0.00667953
0.00661469
0.00610876
0.00625992
0.00617456
0.00609732
0.00600338
0.00617838
0.00629473
0.00672388
0.00607967
0.00612998
0.00611258
0.00606370
0.00646400
0.00660682
0.00657225
0.00660706
0.00623083
0.00656676
0.00612140
0.00602651
0.00608516
0.00687122
0.00668359
0.00629497
0.00604630
0.00618100
0.00599599
0.00607920
0.00603199
0.00628352
0.00622034
0.00650692
0.00609851
0.00615931
0.00601983
0.00635529
0.00612879
0.00647497
0.00672460
0.00629306
0.00678039
0.00603461
0.00607991
0.00615120
0.00687838
0.00670218
0.00614262
0.00609469
0.00609469
0.00611424
0.00603986
0.00611234
0.00611782
0.00623989
0.00685263
0.00615358
0.00603151
0.00611854
0.00628376
0.00667357
0.00626612
0.00625825
0.00621104
0.00644851
0.00611591
0.00611043
0.00617504
0.00645947
0.00680375
0.00611472
0.00599432
0.00610137
0.00593877
0.00642538
0.00661588
0.00651503
0.00612187
0.00616956
0.00612307
0.00615263
0.00593686
0.00621986
0.00681233
0.00686789
0.00610328
0.01248455
0.00739098
0.00652742
0.00604630
0.00628161
0.00607967
0.00616121
0.00780201
0.00671029
0.00653982
0.00643921
0.00648713
0.00623250
0.00618458
0.00608349
0.00592566
0.00617909
0.00666928
0.00658917
0.00603771
0.00606894
0.00609136
0.00610614
0.00599098
0.00622296
0.00660515
0.00638747
0.00619197
0.00616360
0.00605440
0.00600028
0.00605559
0.00732422
0.00697088
0.00628972
0.00617385
0.00624228
0.00609636
0.00618362
0.00606942
0.00634813
0.00647569
0.00679851
0.00631595
0.00601602
0.00598717
0.00668406
0.00615716
0.00658178
0.00610065
0.00610256
0.00650167
0.00598741
0.00600958
0.00611711
0.00657177
0.00644922
0.00676322
0.00651479
0.00619841
0.00617528
0.00632405
0.00646114
0.00656056
0.00613499
0.00660968
0.00584817
0.00576997
0.00640249
0.00620937
0.00685191
0.00664830
0.00648928
0.00862002
0.00695252
0.00585914
0.00641203
0.00591493
0.00697708
0.00620866
0.00628233
0.00608182
0.00785327
0.00637197
0.00617456
0.00585747
0.00597620
0.00570798
0.00578976
0.00567269
0.00600910
0.00581002
0.00603580
0.00590467
0.00585794
0.00611520
0.00568104
0.00570512
0.00578380
0.00702763
0.00652599
0.00576019
0.00600219
0.00636768
0.00594878
0.00569868
0.00585556
0.00639510
0.00659370
0.00577950
0.00579500
0.00588393
0.00576210
0.00579786
0.00589705
0.00598812
0.00597405
0.00582528
0.00577497
0.00585866
0.00580573
0.00585914
0.00566268
0.00597763
0.00579238
0.00608373
0.00600696
0.00574827
0.00573158
0.00617242
0.00597119
0.00624013
0.00612354
0.00582194
0.00584173
0.00571203
0.00625491
0.00641179
0.00678182
0.00665379
0.00576472
0.00580597
0.00586033
0.00567579
0.00577331
0.00574493
0.00659800
0.00595737
0.00601315
0.00568891
0.00592065
0.00597477
0.00593925
0.00572181
0.00605464
0.00601768
0.00579429
0.00572944
0.00582027
0.00572324
0.00577235
0.00570798
0.00593758
0.00587034
0.00575328
0.00570893
0.00587559
0.00628209
0.00617552
0.00567508
0.00626159
0.00609183
0.00629520
0.00577331
0.00580096
0.00567341
0.00623941
0.00594330
0.00587749
0.00582123
0.00593019
0.00573778
0.00577211
0.00573158
0.00598454
0.00615859
0.00597215
0.00594211
0.00598717
0.00607729
0.00587559
0.00573635
0.00584674
0.00644064
0.00636888
0.00626016
0.00580311
0.00583005
0.00579262
0.00580716
0.00610924
0.00598955
0.00618386
0.00571942
0.00581884
0.00576711
0.00575089
0.00568151
0.00580692
0.00580573
0.00619364
0.00568962
0.00576997
0.00578141
0.00576520
0.00576401
0.00573564
0.00588036
0.00587177
0.00608969
0.00598431
0.00606036
0.00596905
0.00621605
0.00621700
0.00648808
0.00614214
0.00602531
0.00595212
0.00592375
0.00586343
0.00594759
0.00637913
0.00613475
0.00635576
0.00603342
0.00600290
0.00582170
0.00580525
0.00592875
0.00641966
0.00654340
0.00595760
0.00589848
0.00589800
0.00577903
0.00588894
0.00580239
0.00599742
0.00605869
0.00579190
0.00574923
0.00584340
0.00582671
0.00584865
0.00586104
0.00589705
0.00592780
0.00586557
0.00579858
0.00585794
0.00578308
0.00591516
0.00602198
0.00604606
0.00595284
0.00632048
0.00595331
0.00580430
0.00585198
0.00620747
0.00609350
0.00608850
0.00622511
0.00595236
0.00586057
0.00585985
0.00594163
0.00591302
0.00645995
0.00632477
0.00636315
0.00595832
0.00616479
0.00587153
0.00589275
0.00596523
0.00652003
0.00659060
0.00619841
0.00591159
0.00600123
0.00589371
0.00589108
0.00643706
0.00607538
0.00618339
0.00593948
0.00596619
0.00610256
0.00599194
0.00644064
0.00651360
0.00651693
0.00639272
0.00603700
0.00602770
0.00594568
0.00596809
0.00604129
0.00654411
0.00607300
0.00646567
0.00596261
0.00628090
0.00586820
0.00597501
0.00596070
0.00681520
0.00739980
0.00615883
0.00595331
0.00607276
0.00597143
0.00636673
0.00722098
0.00657010
0.00605917
0.00635028
0.00637174
0.00614548
0.00644755
0.00616384
0.00674176
0.00667191
0.00604510
0.00693560
0.00635457
0.00614452
0.00620317
0.00605083
0.00601912
0.00640321
0.00655866
0.00665021
0.00619125
0.00581169
0.00592852
0.00582218
0.00572705
0.00579500
0.00638056
0.00620103
0.00597429
0.00601912
0.00575852
0.00728345
0.00697446
0.00626707
0.00569963
0.00581908
0.00573802
0.00567174
0.00563788
0.00592327
0.00637245
0.00581169
0.00569797
0.00572205
0.00568247
0.00578594
0.00568533
0.00607157
0.00603390
0.00579453
0.00574636
0.00580812
0.00563145
0.00579834
0.00565147
0.00583744
0.00635576
0.00618601
0.00562882
0.00587010
0.00576830
0.00622082
0.00621223
0.00616193
0.00581217
0.00592160
0.00565767
0.00567627
0.00561285
0.00599909
0.00571442
0.00648832
0.00575304
0.00583577
0.00658083
0.00573874
0.00586438
0.00572562
0.00587225
0.00591898
0.00604749
0.00604033
0.00576138
0.00557137
0.00560474
0.00569272
0.00629044
0.00640750
0.00568700
0.00570083
0.00570440
0.00557947
0.00557089
0.00568271
0.00635576
0.00645471
0.00608015
0.00564766
0.00572586
0.00555325
0.00555325
0.00561666
0.00629902
0.00587821
0.00564837
0.00557494
0.00572538
0.00560713
0.00574279
0.00558829
0.00581336
0.00594234
0.00567245
0.00558162
0.00571513
0.00563955
0.00574589
0.00557327
0.00577641
0.00595045
0.00576639
0.00566816
0.00563383
0.00560689
0.00559688
0.00558186
0.00577855
0.00700688
0.00624299
0.00563693
0.00574017
0.00556517
0.00570369
0.00558901
0.00571609
0.00564933
0.00605226
0.00556326
0.00568700
0.00564599
0.00613332
0.00558305
0.00574231
0.00672293
0.00643921
0.00643992
0.00561643
0.00550318
0.00563622
0.00649548
0.00570035
0.00605607
0.00567079
0.00601315
0.00551391
0.00546432
0.00563478
0.00583243
0.00567484
0.00600934
0.00571823
0.00642800
0.00555182
0.00550652
0.00564814
0.00641084
0.00639296
0.00554490
0.00569892
0.00568104
0.00553799
0.00551152
0.00566220
0.00641918
0.00639200
0.00566840
0.00571489
0.00574088
0.00587344
0.00588655
0.00583768
0.00609422
0.00664639
0.00591230
0.00585938
0.00587893
0.00584555
0.00579858
0.00590849
0.00600314
0.00602174
0.00585747
0.00586510
0.00653815
0.00595808
0.00638318
0.00626063
0.00644231
0.00608230
0.00602293
0.00591564
0.00577664
0.00578475
0.00596380
0.00591135
0.00588131
0.00597930
0.00596452
0.00621676
0.00582385
0.00580144
0.00592875
0.00684190
0.00681043
0.00624132
0.00606275
0.00597191
0.00596213
0.00596333
0.00595760
0.00608301
0.00615931
0.00589514
0.00600028
0.00601315
0.00606775
0.00649619
0.00658846
0.00654054
0.00645208
0.00608468
0.00607967
0.00592113
0.00599933
0.00606203
0.00760174
0.00662613
0.00605321
0.00602627
0.00608063
0.00585365
0.00601435
0.00599313
0.00651169
0.00628018
0.00660563
0.00592756
0.00608444
0.00594640
0.00668693
0.00615621
0.00618100
0.00601339
0.00600672
0.00595069
0.00615764
0.00604010
0.00602245
0.00697684
0.00637960
0.00598383
0.00610805
0.00612879
0.00583005
0.00591731
0.00592923
0.00663805
0.00780392
0.00644684
0.00596118
0.00598001
0.00607777
0.00597978
0.00634575
0.00640845
0.00641370
0.00599599
0.00601459
0.00589371
0.00643086
0.00602579
0.00645971
0.00606561
0.00603104
0.00596166
0.00600743
0.00596809
0.00605750
0.00651312
0.00664878
0.00639963
0.00600266
0.00606799
0.00596118
0.00588822
0.00635624
0.00661325
0.00729942
0.00623798
0.00655746
0.00647593
0.00642872
0.00620723
0.00636721
0.00670981
0.00655270
0.00612736
0.00701809
0.00679135
0.00665641
0.00600529
0.00617814
0.00606561
0.00656986
0.00628448
0.00603199
0.00589728
0.00623584
0.00637507
0.00727940
0.00633001
0.00598359
0.00628543
0.00585961
0.00584483
0.00579119
0.00636101
0.00654387
0.00577950
0.00567698
0.00580096
0.00557733
0.00560188
0.00553823
0.00589490
0.00604606
0.00583816
0.00571251
0.00568342
0.00553083
0.00563383
0.00562882
0.00594544
0.00603199
0.00643420
0.00574970
0.00558949
0.00570989
0.00613785
0.00610590
0.00604701
0.00574780
0.00579691
0.00573254
0.00566435
0.00578022
0.00590181
0.00591397
0.00598741
0.00589323
0.00577688
0.00617838
0.00581741
0.00575757
0.00584364
0.00712323
0.00646114
0.01111174
0.00712013
0.00612903
0.00585580
0.00711679
0.00664759
0.00588441
0.00589132
0.00591922
0.00581837
0.00583029
0.00632262
0.00608134
0.00623274
0.00585318
0.00574946
0.00588608
0.00579214
0.00592804
0.00585508
0.00604796
0.00596476
0.00654840
0.00601530
0.00591636
0.00584316
0.00655794
0.00597882
0.00622129
0.00632405
0.00620461
0.00665784
0.00596833
0.00596499
0.00614119
0.00664878
0.00700045
0.00621843
0.00606418
0.00609231
