0.00530601
0.00533414
0.00523925
0.00527382
0.00572062
0.00518584
0.00534129
0.00534892
0.00524521
0.00530386
0.00520873
0.00533462
0.00567722
0.00537586
0.00543880
0.00573564
0.00541973
0.00549555
0.00538588
0.00533295
0.00607610
0.00537276
0.00551701
0.00571918
0.00542021
0.00546575
0.00538301
0.00534058
0.00526214
0.00519872
0.00536823
0.00536466
0.00588489
0.00550818
0.00545788
0.00771976
0.00608540
0.00586295
0.00635266
0.00586224
0.00589347
0.00571418
0.00543642
0.00551200
0.00534630
0.00533414
0.00532985
0.00530171
0.00538778
0.00585008
0.00540543
0.00557423
0.00529861
0.00521946
0.00536656
0.00520849
0.00520706
0.00578856
0.00529313
0.00585413
0.00689602
0.00560021
0.00559163
0.00607681
0.00538993
0.00538445
0.00526476
0.00529122
0.00547695
0.00582838
0.00537944
0.00531816
0.00522685
0.00567508
0.00517631
0.00521779
0.00514388
0.00517845
0.00587964
0.00559354
0.00559926
0.00624347
0.00525975
0.00538921
0.00529981
0.00527620
0.00537348
0.00589156
0.00546575
0.00592828
0.00532746
0.00543284
0.00573134
0.00541401
0.00546408
0.00558066
0.00544167
0.00621557
0.00574207
0.00537920
0.00542498
0.00540590
0.00540495
0.00536990
0.00526428
0.00534272
0.00578094
0.00585628
0.00543165
0.00540161
0.00522685
0.00579476
0.00519538
0.00519586
0.00575566
0.00526619
0.00579762
0.00598574
0.00588369
0.00538516
0.00546575
0.00531769
0.00528121
0.00524402
0.00534987
0.00534797
0.00580430
0.00571442
0.00535512
0.00539088
0.00585222
0.00525856
0.00534534
0.00529075
0.00529385
0.00600028
0.00547695
0.00528193
0.00641775
0.00527501
0.00529861
0.00525403
0.00520134
0.00535250
0.00564861
0.00533032
0.00579953
0.00524235
0.00541735
0.00568295
0.00528264
0.00530410
0.00527573
0.00538707
0.00623012
0.00529957
0.00542545
0.00573277
0.00560308
0.00544810
0.00525427
0.00518918
0.00546813
0.00520706
0.00548363
0.00575590
0.00534725
0.00539827
0.00547099
0.00528049
0.00526023
0.00523472
0.00536752
0.00588870
0.00574112
0.00569272
0.00542641
0.00530577
0.00543213
0.00526452
0.00531507
0.00569606
0.00530648
0.00565505
0.00585127
0.00531912
0.00546193
0.00535393
0.00525784
0.00526452
0.00526690
0.00545621
0.00538874
0.00536442
0.00616193
0.00613594
0.00540709
0.00554633
0.00555873
0.00547791
0.00558949
0.00536728
0.00601959
0.00571346
0.00563383
0.00585485
0.00556016
0.00561714
0.00594759
0.00527716
0.00565958
0.00556016
0.00531673
0.00543475
0.00588059
0.00572538
0.00572753
0.00527573
0.00524569
0.00640678
0.00520301
0.00537300
0.00636339
0.00521755
0.00534415
0.00613117
0.00567293
0.00544810
0.00567818
0.00524402
0.00591421
0.00537205
0.00533676
0.00655198
0.00562453
0.00534248
0.00530791
0.00532746
0.00537300
0.00532866
0.00549126
0.00547528
0.00523138
0.00537968
0.00565720
0.00526714
0.00525928
0.00527263
0.00529695
0.00627494
0.00527024
0.00552845
0.00576425
0.00530934
0.00533891
0.00530481
0.00520349
0.00578237
0.00532031
0.00556684
0.00569034
0.00534248
0.00540042
0.00529981
0.00540209
0.00600338
0.00533247
0.00544572
0.00580525
0.00574303
0.00542498
0.00543213
0.00539494
0.00596809
0.00524449
0.00525689
0.00577116
0.00526595
0.00600839
0.00552917
0.01019549
0.00828624
0.00645256
0.00558090
0.00529146
0.00590205
0.00544071
0.00539112
0.00530291
0.00531530
0.00545073
0.00518227
0.00522280
0.00587773
0.00537443
0.00588918
0.00578856
0.00538039
0.00543404
0.00527477
0.00541997
0.00536132
0.00526094
0.00543928
0.00539088
0.00541711
0.00603008
0.00532699
0.00556159
0.00614476
0.00527692
0.00527620
0.00529432
0.00524354
0.00589561
0.00537586
0.00541472
0.00593352
0.00528145
0.00538278
0.00524235
0.00536895
0.00535989
0.00530958
0.00547934
0.00575161
0.00531697
0.00547743
0.00533533
0.00535178
0.00530028
0.00519681
0.00539088
0.00629210
0.00537395
0.00540686
0.00535250
0.00527787
0.00529742
0.00524783
0.00526214
0.00570560
0.00534105
0.00595331
0.00580978
0.00536323
0.00538468
0.00571203
0.00543070
0.00559688
0.00524569
0.00543284
0.00589132
0.00580406
0.00542593
0.00535965
0.00523019
0.00609636
0.00519347
0.00519872
0.00527954
0.00522089
0.00588655
0.00536466
0.00535870
