0.00529313
0.00631166
0.00630832
0.00579906
0.00563550
0.00577569
0.00633311
0.00637102
0.00627446
0.00578165
0.00559735
0.00571799
0.00552797
0.00562549
0.00580668
0.00647354
0.00599933
0.00588632
0.00578666
0.00558901
0.00575972
0.00560522
0.00542569
0.00570798
0.00611687
0.00560522
0.00574112
0.00603294
0.00570560
0.00585532
0.00557113
0.00560308
0.00583911
0.00567102
0.00562191
0.00594091
0.00558519
0.00557113
0.00639081
0.00601435
0.00553846
0.00617576
0.00547028
0.00575948
0.00639415
0.00548220
0.00566530
0.00566363
0.00550842
0.00547433
0.00565577
0.00556922
0.00622058
0.00588679
0.00595832
0.00575900
0.00571275
0.00555372
0.00551295
0.00556970
0.00565910
0.00660110
0.00606036
0.00565529
0.00600505
0.00548434
0.00563574
0.00548029
0.00559473
0.00562882
0.00612807
0.00608087
0.00567198
0.00565147
0.00566816
0.00563288
0.00567317
0.00574970
0.00579715
0.00572944
0.00574207
0.00619364
0.00567746
0.00566649
0.00606894
0.00552011
0.00553918
0.00565171
0.00546050
0.00625324
0.00595832
0.00555205
0.00560379
0.00552344
0.00553417
0.00592875
0.00546241
0.00552988
0.00607705
0.00579691
0.00561929
0.00553417
0.00551605
0.00551248
0.00548458
0.00539780
0.00604892
0.00556111
0.00561833
0.00599146
0.00552392
0.00568843
0.00553250
0.00556993
0.00618863
0.00561285
0.00556993
0.00619030
0.00561571
0.00562000
0.00559378
0.00550652
0.00559545
0.00547004
0.00544238
0.00562239
0.00605202
0.00600624
0.00565815
0.00603938
0.00548601
0.00563717
0.00541067
0.00548220
0.00567961
0.00582457
0.00559354
0.00586700
0.00558138
0.00560594
0.00591087
0.00547314
0.00541091
0.00598669
0.00558782
0.00574136
0.00595045
0.00547647
0.00556588
0.00558734
0.00548577
0.00540137
0.00620222
0.00797009
0.00648999
0.00574493
0.00605440
0.00537348
0.00560641
0.00547290
0.00545812
0.00569487
0.00618410
0.00591040
0.00553417
0.00591612
0.00554705
0.00547814
0.00539422
0.00544524
0.00554466
0.00600362
0.00557637
0.00572038
0.00548363
0.00541210
0.00586462
0.00532603
0.00534272
0.00549531
0.00540376
0.00596690
0.00582933
0.00539684
0.00549173
0.00564718
0.00547934
0.00595260
0.00565362
0.00540614
0.00634217
0.00587106
0.00540352
0.00578952
0.00578141
0.00543213
0.00577283
0.00620508
0.00541735
0.00607133
0.00601768
0.00531960
0.00590277
0.00633097
0.00580215
0.00545049
0.00571203
0.00533605
0.00615954
0.00552750
0.00541329
0.00613141
0.00615716
0.00528717
0.00583434
0.00526690
0.00543690
0.00557065
0.00540090
0.00543356
0.00527048
0.00523710
0.00530696
0.00516868
0.00514603
0.00588965
0.00519228
0.00605249
0.00780225
0.00593042
0.00546074
0.00523019
0.00514102
0.00507021
0.00528502
0.00529051
0.00557876
0.00519538
0.00516534
0.00506806
0.00536418
0.00502229
0.00502610
0.00506186
0.00500894
0.00570488
0.00527549
0.00509787
0.00570893
0.00508285
0.00513625
0.00502038
0.00517535
0.00515223
0.00577402
0.00521564
0.00542593
0.00509620
0.00513148
0.00509334
0.00506759
0.00501800
0.00502658
0.00515103
0.00608563
0.00515199
0.00527143
0.00505614
0.00509953
0.00522947
0.00499439
0.00500202
0.00559044
0.00510573
0.00566030
0.00521970
0.00511432
0.00514579
0.00497508
0.00516939
0.00501537
0.00501609
0.00510001
0.00540447
0.00523567
0.00532150
0.00507808
0.00510645
0.00549936
0.00501084
0.00503445
0.00502205
0.00522852
0.00538898
0.00759125
0.00578213
0.00521564
0.00521708
0.00496674
0.00502276
0.00541544
0.00504971
0.00563717
0.00509930
0.00533414
0.00557804
0.00504017
0.00507855
0.00496149
0.00497842
0.00509524
0.00521183
0.00517750
0.00568795
0.00498533
0.00512052
0.00501800
0.00502205
0.00498700
0.00496292
0.00507736
0.00517011
0.00522375
0.00584412
0.00505543
0.00511551
0.00545645
0.00503540
0.00499988
0.00494170
0.00509262
0.00558615
0.00554991
0.00517440
0.00518346
0.00501680
0.00571609
0.00498271
0.00500298
0.00509667
0.00502324
0.00571370
0.00527835
0.00521207
0.00552249
0.00507951
0.00511384
0.00497580
0.00495434
0.00551343
0.00506473
