0.00537682
0.00554347
0.00550485
0.00532413
0.00544238
0.00525546
0.00524330
0.00531626
0.00526047
0.00623155
0.00543356
0.00532198
0.00535083
0.00519419
0.00534201
0.00521803
0.00521755
0.00539303
0.00576997
0.00581741
0.00542879
0.00537872
0.00521255
0.00597334
0.00625134
0.00540853
0.00533772
0.00594187
0.00550795
0.00537896
0.00573778
0.00532842
0.00542426
0.00523639
0.00521684
0.00535703
0.00520444
0.00537682
0.00560355
0.00529885
0.00527406
0.00530601
0.00521231
0.00522137
0.00520563
0.00527668
0.00526404
0.00530267
0.00554109
0.00516367
0.00518560
0.00549388
0.00503087
0.00503111
0.00500083
0.00511551
0.00574636
0.01019788
0.00766158
0.00642419
0.00534678
0.00506043
0.00572920
0.00526810
0.00532746
0.00561357
0.00562596
0.00527239
0.00506878
0.00524521
0.00512648
0.00508547
0.00520182
0.00547719
0.00528193
0.00608277
0.00522614
0.00527120
0.00552964
0.00502467
0.00501418
0.00506401
0.00506139
0.00584483
0.00505257
0.00515866
0.00511789
0.00508738
0.00572991
0.00500011
0.00497150
0.00502491
0.00508285
0.00588894
0.00501037
0.00516272
0.00505972
0.00504303
0.00516438
0.00495315
0.00498271
0.00506091
0.00500274
0.00563025
0.00504375
0.00511718
0.00595355
0.00547647
0.00515938
0.00502825
0.00499320
0.00544286
0.00497270
0.00597167
0.00589752
0.00506139
0.00524712
0.00506973
0.00521755
0.00511050
0.00514936
0.00522161
0.00576639
0.00531483
0.00597763
0.00522470
0.00533485
0.00556397
0.00521731
0.00512362
0.00516343
0.00526690
0.00534105
0.00789809
0.00601101
0.00543213
0.00565219
0.00527167
0.00524092
0.00512099
0.00519800
0.00582409
0.00512362
0.00531340
0.00621772
0.00516438
0.00536633
0.00516343
0.00507236
0.00531101
0.00553799
0.00528765
0.00570798
0.00520015
0.00526881
0.00519848
0.00512791
0.00506020
0.00498366
0.00521731
0.00518680
0.00523424
0.00603485
0.00535822
0.00520468
0.00522566
0.00564671
0.00513601
0.00565720
0.00510573
0.00557137
0.00519371
0.00515509
0.00579238
0.00575614
0.00524020
0.00523376
0.00543737
0.00549603
0.00513625
0.00584078
0.00555158
0.00518155
0.00573778
0.00536251
0.00530314
0.00581479
0.00523210
0.00545740
0.00560570
0.00564933
0.00538993
0.00530124
0.00509262
0.00645018
0.00538969
0.00504041
0.00577712
0.00512743
0.00519419
0.00554156
0.00560570
0.00522995
0.00514507
0.00509262
0.00503898
0.00499201
0.00516677
0.00517631
0.00518656
0.00533700
0.00502205
0.00516582
0.00501704
0.00497818
0.00499654
0.00494218
0.00512218
0.00507236
0.00514960
0.00524139
0.00506735
0.00515532
0.00506830
0.00554681
0.00509858
0.00504565
0.00507712
0.00563407
0.00511384
0.00540423
0.00514507
0.00500822
0.00558782
0.00506401
0.00503254
0.00543046
0.00559473
0.00575233
0.00533104
0.00518131
0.00542974
0.00518394
0.00517225
0.00503206
0.00501943
0.00519252
0.00537539
0.00530219
0.00540662
0.00506425
0.00518727
0.00510859
0.00502944
0.00504899
0.00497603
0.00511742
0.00511909
0.00531101
0.00534081
0.00512242
0.00521111
0.00570440
0.00554872
0.00542665
0.00513291
0.00517130
0.00586772
0.00535226
0.00523829
0.00569606
0.00509858
0.00527406
0.00513935
0.00517559
0.00535250
0.00554872
0.00527477
0.00566554
0.00518465
0.00530958
0.00528646
0.00525165
0.00518990
0.00516319
0.00525236
0.00576115
0.00574875
0.00532937
0.00529695
0.00522137
0.00573444
0.00516224
0.00520587
0.00524974
0.00518823
0.00592327
0.00559664
0.00529861
0.00585723
0.00534105
0.00533414
0.00566721
0.00567245
0.00541449
0.00594521
0.00546193
0.00548697
0.00524354
0.00544786
0.00571799
0.00538230
0.00525951
0.00528479
0.00528049
0.00593281
0.00530934
0.00542712
0.00583792
0.00535417
0.00532246
0.00520086
0.00544429
0.00560093
0.00561643
0.00541258
0.00643873
0.00537157
0.00537729
0.00528383
0.00526190
0.00526476
0.00531864
0.00531745
0.00580192
0.00579953
0.00536799
0.00526118
0.00530958
0.00543308
0.00517988
0.00529861
0.00576425
0.00523329
0.00613117
0.00580001
0.00538397
0.00540090
0.00535464
0.00528216
0.00534630
0.00517726
0.00529432
0.00537133
0.00543523
0.00571394
0.00521207
0.00537014
0.00541186
0.00530005
0.00528240
0.00533843
0.00529003
0.00653028
0.00529718
0.00538659
