0.00299215
0.00567627
0.00513816
0.00537825
0.00509238
0.00536966
0.00507045
0.00514722
0.00513053
0.00598383
0.00506997
0.00552654
0.00502849
0.00505137
0.00504971
0.00501442
0.00499082
0.00505805
0.00505829
0.00516295
0.00516129
0.00509596
0.00510502
0.00537324
0.00517321
0.00516152
0.00512552
0.00499892
0.00498295
0.00505471
0.00505710
0.00532436
0.00521612
0.00508809
0.00511932
0.00505781
0.00507545
0.00496197
0.00508928
0.00497198
0.00501108
0.00518918
0.00516677
0.00522184
0.00592494
0.00501990
0.00542140
0.00500727
0.00513244
0.00498819
0.00509119
0.00499701
0.00500607
0.00497818
0.00509238
0.00497913
0.00571418
0.00500512
0.00518870
0.00543332
0.00520539
0.00498605
0.00563192
0.00496292
0.00498080
0.00490904
0.00560689
0.00506330
0.00583029
0.00558686
0.00514817
0.00509405
0.00521421
0.00504947
0.00507569
0.00495505
0.00498271
0.00494432
0.00546694
0.00499940
0.00594950
0.01110601
0.01100159
0.00718093
0.00606823
0.00544834
0.00520086
0.00502539
0.00510073
0.00554872
0.00569892
0.00504780
0.00530052
0.00512052
0.00509548
0.00517106
0.00976253
0.00741196
0.00793290
0.00749230
0.00759339
0.00709796
0.00560665
0.00530219
0.00495267
0.00506997
0.00497770
0.00500560
0.00497127
0.00511503
0.00496626
0.00584674
0.00544953
0.00516367
0.00507450
0.00518012
0.00497818
0.00520825
0.00497341
0.00497866
0.00494909
0.00546050
0.00495672
0.00620270
0.00539589
0.00515437
0.00563264
0.00513816
0.00501776
0.00526643
0.00493979
0.00497460
0.00491071
0.00554323
0.00497794
0.00666118
0.00523949
0.00544310
0.00514913
0.00517225
0.00499821
0.00523233
0.00497174
0.00500488
0.00492406
0.00548220
0.00497818
0.00576210
0.00867486
0.00630951
0.00607133
0.00524306
0.00551724
0.00502777
0.00505280
0.00495625
0.00546861
0.00500321
0.00565529
0.00900388
