0.00535893
0.00732660
0.00581074
0.00554442
0.00618720
0.00563216
0.00540185
0.00641108
0.00541854
0.00568724
0.00721693
0.00593090
0.00543427
0.00603652
0.00539875
0.00538325
0.00579095
0.00540471
0.00613117
0.00542951
0.00556421
0.00545120
0.00539875
0.00546694
0.00539660
0.00569391
0.00554872
0.00608563
0.00582051
0.00545859
0.00533223
0.00537872
0.00600791
0.00528455
0.00528264
0.00577116
0.00530624
0.00612569
0.00536776
0.00538588
0.00596046
0.00532007
0.00543308
0.00530243
0.00525212
0.00542498
0.00572801
0.00544167
0.00594759
0.00529790
0.00531316
0.00566530
0.00523949
0.00521636
0.00524497
0.00531721
0.00630188
0.00536275
0.00535846
0.00537848
0.00529289
0.00545812
0.00521779
0.00523186
0.00578022
0.00528216
0.00583673
0.00565052
0.00527453
0.00540185
0.00522113
0.00536132
0.00523186
0.00524497
0.00538492
0.00534797
0.00538778
0.00581169
0.00527477
0.00562000
0.00531650
0.00528979
0.00527954
0.00528479
0.00532246
0.00540543
0.00569344
0.00539017
0.00528955
0.00531435
0.00563502
0.00524688
0.00516558
0.00530052
0.00521469
0.00637484
0.00569892
0.00535035
0.00575256
0.00523067
0.00530815
0.00517774
0.00514674
0.00581551
0.00523329
0.00545502
0.00526953
0.00554776
0.00533915
0.00523520
0.00528932
0.00794411
0.00628376
0.00604725
0.00570416
0.00541735
0.00520420
0.00531125
0.00595665
0.00519562
0.00524235
0.00518942
0.00522470
0.00587630
0.00529242
0.00526166
0.00542665
0.00519919
0.00519633
0.00514531
0.00510526
0.00566387
0.00512981
0.00519490
0.00554800
0.00508237
0.00517511
0.00505853
0.00515175
0.00513268
0.00510859
0.00537252
0.00525260
0.00525260
0.00534821
0.00513816
0.00524092
0.00527644
0.00515103
0.00513363
0.00509644
0.00522876
0.00522065
0.00524998
0.00532913
0.00514007
0.00520802
0.00612688
0.00540543
0.00533938
0.00504470
0.00507069
0.00563025
0.00507641
0.00508618
0.00541472
0.00499821
0.00504208
0.00495195
0.00495052
0.00500989
0.00499821
0.00559163
0.00505733
0.00510812
0.00545216
0.00510287
0.00519228
0.00507545
0.00495338
0.00553370
0.00505900
0.00551057
0.00551367
0.00524497
0.00532341
0.00505972
0.00525045
0.00508976
0.00509906
0.00521064
0.00522065
0.00516891
0.00535750
0.00505280
0.00511837
0.00502253
0.00511909
0.00498939
0.00502610
0.00514054
0.00540018
0.00510955
0.00550056
0.00503826
0.00505853
0.00510454
0.00500607
0.00499487
0.00494313
0.00504279
0.00532937
0.00510025
0.00538182
0.00502253
0.00511503
0.00505757
0.00499058
0.00505114
0.00499320
0.00508904
0.00528169
0.00509953
0.00635362
0.00516391
0.00518012
0.00515223
0.00497484
0.00509381
0.00494838
0.00514317
0.00529432
0.00514817
0.00579953
0.00504780
0.00511479
0.00508380
0.00499487
0.00560308
0.00498700
0.00514650
0.00503063
0.00519180
0.00554490
0.00498867
0.00502419
0.00506258
0.00499916
0.00504398
0.00493217
0.00502348
0.00523210
0.00506997
0.00582290
0.00508046
0.00508690
0.00505662
0.00507665
0.00504708
0.00500512
0.00504065
0.00540805
0.00508809
0.00539923
0.00502157
0.00507689
0.00500464
0.00504637
0.00494885
0.00494194
0.00503826
0.00534415
0.00512719
0.00540781
0.00504923
0.00509548
0.00496101
0.00508237
0.00494576
0.00544643
0.00510120
0.00547671
0.00519681
0.00569868
0.00499463
0.00506783
0.00510955
0.00497890
0.00489330
0.00479794
0.00495458
0.00511980
0.00509048
0.00527763
0.00498509
0.00503206
0.00499463
0.00500846
0.00492001
0.00493693
0.00505972
0.00532269
0.00507903
0.00539589
0.01030874
0.00641322
0.00547242
0.00505638
0.00501204
0.00536084
0.00504947
0.00568557
0.00497770
0.00514007
0.00526571
0.00496292
0.00582194
0.00521541
0.00507116
0.00507188
0.00552154
0.00506997
0.00533748
0.00514793
0.00526524
0.00495577
0.00509953
0.00503445
0.00532460
0.00565743
0.00509453
0.00542736
0.00534749
0.00502372
0.00526881
0.00506520
0.00494766
0.00548077
0.00544906
0.00553918
0.00560546
0.00546145
0.00518250
0.00501060
0.00498986
0.00541759
0.00541878
0.00505424
0.00539088
0.00506330
0.00564027
0.00500131
0.00513101
0.00545287
0.00500894
0.00506568
0.00490952
0.00556135
0.00514245
0.00509429
0.00528812
0.00496268
0.00509071
0.00501609
0.00496888
0.00489521
0.00488329
0.00502372
0.00518465
0.00507689
0.00529981
0.00495553
0.00505376
0.00491309
0.00500894
0.00501013
0.00488091
0.00503588
0.00545907
0.00503373
0.00572443
0.00499964
0.00506449
0.00495410
0.00498152
0.00494552
0.00498056
0.00506043
0.00530481
0.00510669
0.00607157
0.00546455
0.00513506
0.00508809
0.00499773
0.00496292
0.00492573
0.00502133
0.00557351
0.00510001
0.00572276
0.00500560
0.00510168
0.00506258
0.00494695
0.00494432
0.00493884
0.00506353
0.00512242
0.00513029
0.00530744
0.00497079
0.00509381
0.00494146
0.00501537
0.00490546
0.00494742
0.00552344
0.00494671
0.00537848
0.00501990
0.00510430
0.00533152
0.00490141
0.00503135
0.00494003
0.00491309
0.00545144
0.00493956
0.00566816
0.00537252
0.00496411
0.00516868
0.00495148
0.00500321
0.00497127
0.00495863
0.00539398
0.00495267
0.00517607
0.00537038
0.00503349
0.00559568
0.00491238
0.00501919
0.00490785
0.00490451
0.00542998
0.00494289
0.00554109
0.00500703
0.00512648
0.00527883
0.00498867
0.00502324
0.00544405
0.00499654
0.00550318
0.00491285
0.00528574
0.00498748
0.00496459
0.00522733
0.00491333
0.00505209
0.00496483
0.00496459
0.00546503
0.00492692
0.00585032
0.00500703
0.00497222
0.00525165
