0.00542521
0.00593734
0.00521803
0.00501776
0.00543022
0.00507069
0.00591636
0.00609517
0.00505686
0.00522947
0.00582790
0.00510120
0.00613451
0.00535393
0.00514579
0.00602674
0.00513029
0.00513768
0.00554585
0.00503707
0.00514722
0.00500870
0.00524783
0.00606203
0.00570059
0.00513411
0.00575924
0.00508881
0.00514483
0.00536132
0.00508571
0.00544763
0.00509906
0.00507593
0.00560689
0.00518394
0.00506854
0.00572586
0.00502801
0.00515437
0.00507522
0.00547576
0.00527883
0.00606084
0.00520277
0.00551319
0.00559521
0.00504541
0.00523925
0.00491786
0.00499129
0.00497699
0.00497985
0.00555682
0.00546503
0.00509596
0.00564289
0.00493169
0.00514197
0.00494146
0.00493407
0.00516701
0.00529361
0.00518942
0.00542116
0.00507116
0.00508547
0.00504136
0.00497341
0.00541067
0.00492215
0.00514412
0.00559163
0.00551414
0.00506043
0.00512457
0.00497842
0.00772667
0.00574446
0.00541353
0.00557709
0.00512218
0.00508976
0.00510311
0.00507808
0.00545979
0.00502610
0.00495267
0.00500941
0.00500131
0.00561762
0.00504947
0.00506830
0.00543308
0.00505304
0.00510120
0.00494218
0.00499511
0.00555682
0.00496817
0.00513196
0.00548172
0.00502539
0.00515890
0.00498462
0.00503707
0.00496674
0.00543904
0.00537872
0.00507879
0.00510669
0.00530314
0.00504947
0.00510883
0.00545073
0.00504184
0.00503826
0.00499105
0.00502753
0.00560665
0.00500464
0.00515056
0.00551224
0.00496793
0.00516725
0.00493932
0.00493383
0.00575423
0.00531125
0.00509715
0.00520062
0.00502682
0.00506544
0.00541949
0.00501609
0.00499272
0.00502443
0.00502968
0.00568247
0.00505877
0.00520372
0.00565982
0.00505519
0.00507259
0.00494790
0.00507259
0.00508857
0.00531769
0.00509953
0.00546861
0.00496507
0.00511527
0.00497985
0.00494814
0.00496817
0.00490689
0.00504279
0.00555634
0.00552154
0.00515962
0.00498319
0.00499129
0.00562882
0.00492501
0.00497270
0.00496459
0.00496316
0.00556684
0.00503373
0.00507665
0.00523615
0.00499749
0.00505900
0.00491691
0.00488973
0.00525427
0.00490999
0.00512552
0.00537896
0.00504279
0.00510812
0.00492167
0.00513244
0.00489712
0.00496340
0.00523448
0.00516868
0.00543189
0.00536346
0.00500584
0.00505257
0.00511718
0.00495529
0.00504923
0.00486064
0.00514650
0.00502157
0.00509858
0.00521445
0.00496745
0.00498796
0.00504041
0.00495911
0.00497341
0.00489092
0.00511193
0.00568891
0.00696874
0.00514746
0.00498652
0.00542974
0.00497627
0.00493217
0.00498343
0.00498104
0.00570393
0.00502038
0.00506043
0.00541997
0.00509071
0.00510764
0.00493526
0.00494409
0.00552797
0.00519562
0.00561452
0.00554752
0.00502348
0.00505805
0.00489116
0.00505996
0.00492215
0.00489974
0.00505400
0.00529814
0.00507379
0.00554705
0.00496078
0.00510073
0.00496340
0.00493288
0.00495934
0.00487137
0.00507426
0.00502157
0.00510526
0.00508857
0.00503755
0.00506735
0.00542808
0.00494385
0.00498176
0.00503707
0.00499582
0.00582051
0.00508404
0.00516820
0.00506926
0.00495791
0.00515985
0.00488997
0.00496459
0.00495410
0.00504398
0.00564647
0.00543332
0.00505924
0.00592256
0.00494957
0.00512552
0.00494957
0.00492001
0.00512505
0.00500464
0.00517654
0.00546479
0.00499725
0.00512385
0.00498676
0.00509167
0.00502229
0.00493217
0.00508928
0.00506234
0.00507689
0.00513339
0.00490999
0.00510120
0.00498986
0.00494719
0.00522089
0.00496745
0.00518942
0.00569630
0.00557208
0.00547576
0.00513792
0.00514746
0.00558853
0.00511193
0.00493336
0.00498605
0.00504398
0.00563407
0.00573325
0.00502539
0.00545692
0.00489020
0.00501275
0.00488353
0.00485969
0.00546479
0.00489497
0.00545359
0.00533795
0.00501800
0.00507259
0.00487185
0.00506687
0.00489426
0.00485969
0.00507069
0.00496364
0.00508404
0.00526762
0.00494361
0.00505590
0.00489545
0.00495124
0.00489736
0.00489545
0.00505900
0.00529289
0.00502086
0.00536776
0.00497341
0.00501299
0.00502133
0.00488567
0.00501990
0.00486803
0.00506854
0.00508213
0.00507140
0.00579596
0.00506830
0.00505733
0.00536180
0.00487614
0.00490403
0.00495696
0.00505018
0.00577116
0.00508761
0.00506616
0.00515723
0.00492573
0.00513172
0.00490451
0.00492501
0.00505495
0.00495887
0.00566959
0.00536442
0.00498819
0.00511026
0.00501919
0.00499773
0.00487494
0.00488257
0.00506687
0.00491261
0.00505495
0.00509858
0.00505471
0.00517583
0.00489044
0.00509787
0.00517082
0.00494409
0.00521255
0.00507641
0.00593591
0.00526643
0.00579262
0.00509787
0.00557971
0.00514793
0.00574899
0.00537038
0.00507975
0.00513387
0.00547123
0.00502253
0.00510144
0.00535369
0.00500870
0.00558615
0.00502872
0.00520372
