0.00545168
0.00600815
0.00565004
0.00556970
0.00555563
0.00632358
0.00565195
0.00551367
0.00582981
0.00538373
0.00556397
0.00549936
0.00536251
0.00557590
0.00559282
0.00563765
0.00575924
0.00565958
0.00554848
0.00598931
0.00557995
0.00544119
0.00548005
0.00556207
0.00622296
0.00589728
0.00558901
0.00552845
0.00548768
0.00555658
0.00550437
0.00534105
0.00554752
0.00542068
0.00593877
0.00588536
0.00538206
0.00545573
0.00601721
0.00533509
0.00558352
0.00619841
0.00542808
0.00603533
0.00580788
0.00589967
0.00555968
0.00552702
0.00543833
0.00556374
0.00537992
0.00553036
0.00547886
0.00564957
0.00553918
0.00547719
0.00551224
0.00580883
0.00537658
0.00543141
0.00541639
0.00543594
0.00607181
0.00549316
0.00557733
0.00587249
0.00540304
0.00554395
0.00549459
0.00545073
0.00554371
0.00578570
0.00571060
0.00633001
0.00577521
0.00556016
0.00593114
0.00561452
0.00551319
0.00552368
0.00557923
0.00643826
0.00613594
0.00609803
0.00557351
0.00558233
0.00553560
0.00542355
0.00540781
0.00565457
0.00604773
0.00597763
0.00556707
0.00550485
0.00548267
0.00577259
0.00535059
0.00541997
0.00594378
0.00542212
0.00604224
0.00593042
0.00544024
0.00559807
0.00556970
0.00544810
0.00547981
0.00544739
0.00554729
0.00606561
0.00599670
0.00585508
0.00554609
0.00550961
0.00559759
0.00544238
0.00545382
0.00585866
0.00545621
0.00609136
0.00590920
0.00594544
0.00560737
0.00551581
0.00539374
0.00559068
0.00531316
0.00544024
0.00609612
0.00585914
0.00551748
0.00584602
0.00535774
0.00549912
0.00541639
0.00530171
0.00595593
0.00550294
0.00562000
0.00578737
0.00547075
0.00548029
0.00547671
0.00539351
0.00532198
0.00524378
0.00543785
0.00585127
0.00579858
0.00577497
0.00525117
0.00527644
0.00594139
0.00523114
0.00523520
0.00532866
0.00528169
0.00611043
0.00582981
0.00528860
0.00551844
0.00527000
0.00538516
0.00540638
0.00521302
0.00542140
0.00536275
0.00538564
0.00563741
0.00533128
0.00547385
0.00582051
0.00523710
0.00529504
0.00525331
0.00524974
0.00643444
0.00528169
0.00534558
0.00568843
0.00532889
0.00523949
0.00512338
0.00513029
0.00584030
0.00510764
0.00535893
0.00547528
0.00519276
0.00520825
0.00508332
0.00527215
0.00510788
0.00519490
0.00521016
0.00549984
0.00526404
0.00561261
0.00532889
0.00572443
0.00530982
0.00515771
0.00524807
0.00514460
0.00529933
0.00569224
0.00570822
0.00540614
0.00536418
0.00548935
0.00564814
0.00519061
0.00539064
0.00545859
0.00578833
0.00611258
0.00541234
0.00547743
0.00559139
0.00560665
0.00531554
0.00531149
0.00529456
0.00547028
0.00579238
0.00559330
0.00612307
0.00574875
0.00555968
0.00572252
0.00520825
0.00536156
0.00536871
0.00534701
0.00613523
0.00537252
0.00594234
0.00592041
0.00523853
0.00575972
0.00550699
0.00558877
0.00552011
0.00532317
0.00536871
0.00638437
0.00520205
0.00542140
0.00579476
0.00515819
0.00517511
0.00511622
0.00511265
0.00589609
0.00545835
0.00533700
0.00531030
0.00522065
0.00525260
0.00503159
0.00501728
0.00549912
0.00509524
0.00565076
0.00526285
0.00520086
0.00532818
0.00504422
0.00505304
0.00501943
0.00495648
0.00560308
0.00497532
0.00560856
0.00512481
0.00541949
0.00522232
0.00497532
0.00560045
0.00500417
0.00511098
0.00522470
0.00512218
0.00583506
0.00571871
0.00519228
0.00524282
0.00518227
0.00509596
0.00510073
0.00519824
0.00519657
0.00539804
0.00510168
0.00550461
0.00510359
0.00509143
0.00522900
0.00513506
0.00514364
0.00508046
0.00537443
0.00513554
0.00529957
0.00529623
0.00506854
0.00526857
0.00555515
0.00514650
0.00505900
0.00502300
0.00507855
0.00562525
0.00547409
0.00511599
0.00491261
0.00502253
0.00547004
0.00542331
0.00497818
0.00493383
0.00510240
0.00596690
0.00515175
0.00550771
0.00549817
0.00515604
0.00527668
0.00509191
0.00506568
0.00562859
0.00513411
0.00575995
0.00552297
0.00519514
0.00531673
0.00504184
0.00522757
0.00507665
0.00509524
0.00519729
0.00543308
0.00541949
0.00593042
0.00506949
0.00520873
0.00546551
0.00502849
0.00508142
0.00510025
0.00505805
0.00585675
0.00565791
0.00514460
0.00513315
0.01046181
0.00705481
0.00561666
0.00529933
0.00615144
0.00523472
0.00514412
0.00516272
0.00511694
0.00514412
0.00510168
0.00516343
0.00517344
0.00520730
0.00579262
0.00518250
0.00538826
0.00565195
0.00514627
0.00517464
0.00512934
0.00508046
0.00565815
0.00515079
0.00585079
0.00522041
0.00521088
0.00534391
0.00500059
0.00511265
0.00514555
0.00500894
0.00556946
0.00498962
0.00545931
0.00557733
0.00518250
0.00534511
0.00508237
0.00516558
0.00501990
0.00506377
0.00565481
0.00514340
0.00567079
0.00512362
0.00524402
0.00531530
0.00511670
0.00513482
0.00501871
0.00516629
0.00556779
0.00523806
0.00543118
0.00522280
0.00522494
0.00524426
0.00510311
0.00526547
0.00513148
0.00497484
0.00618005
0.00702262
0.00534034
0.00520158
0.00561357
0.00511408
0.00517321
0.00503945
0.00505805
0.00551438
0.00506210
0.00588965
0.00538087
0.00515604
0.00560045
0.00501633
0.00518560
0.00502086
0.00533652
0.00561428
0.00510311
0.00528860
0.00549722
0.00511956
0.00526643
0.00497603
0.00512648
0.00498271
0.00503755
0.00516891
0.00558186
0.00543118
0.00563192
0.00516081
0.00521183
0.00526428
0.00517178
0.00512242
0.00503564
0.00523329
0.00535989
0.00535703
0.00539589
0.00516176
0.00517106
0.00520754
0.00511026
0.00507545
0.00499511
0.00512290
0.00571084
0.00557137
0.00521779
0.00508380
0.00509000
0.00559115
