0.00404835
0.00571895
0.00514078
0.00513864
0.00506139
0.00524998
0.00512314
0.00520229
0.00523996
0.00544095
0.00519872
0.00523162
0.00516653
0.00512505
0.00511956
0.00508595
0.00510359
0.00511694
0.00528431
0.00521803
0.00520229
0.00550914
0.00521994
0.00517011
0.00509310
0.00509262
0.00508571
0.00504136
0.00503588
0.00511193
0.00511050
0.00547528
0.00520420
0.00518560
0.00546479
0.00546813
0.00908899
0.00617814
0.00517917
0.00532198
0.00519657
0.00555682
0.00530624
0.00540304
0.00519300
0.00520515
0.00522995
0.00518918
0.00527763
0.00520921
0.00517917
0.00512242
0.00527048
0.00517559
0.00576162
0.00556993
0.00553894
0.00517106
0.00593853
0.00509095
0.00558138
0.00512600
0.00530529
0.00505686
0.00562954
0.00522733
0.00548577
0.00516796
0.00583649
0.00553489
0.00651479
0.00874972
0.00678754
0.00633550
0.00581455
0.00522208
0.00504065
0.00574851
0.00517058
0.00530005
0.00507951
0.00522113
0.00502300
0.00520945
0.00506234
0.00506353
0.00501323
0.00529838
0.00503850
0.00604892
0.00552392
0.00521636
0.00500870
0.00521922
0.00511408
0.00534558
0.00499249
0.00499201
0.00495577
0.00559807
0.00502086
0.00581074
0.00553274
0.00523376
0.00509524
0.00515795
0.00507331
0.00515413
0.00499582
0.00503612
0.00499296
0.00552630
0.00501490
0.00575709
0.00549960
0.00511837
0.00499654
0.00511003
0.00503922
0.00520205
0.00499320
0.00500965
0.00498509
0.00551438
0.00499010
0.00571513
0.00546622
0.00512671
0.00565720
0.00522208
0.00501204
0.00510573
0.00497675
0.00501585
0.00497961
0.00551271
0.00499320
0.00570869
0.00546026
0.00549054
0.00548935
0.00521040
0.00497222
0.00507450
0.00498152
0.00502205
0.00496840
0.00550556
0.00498366
0.00572085
0.00547528
0.00554514
0.00515962
0.00521302
0.00504994
0.00510859
0.00498462
0.00501204
0.00497031
0.00550175
0.00500345
0.00575829
0.00548053
0.00513792
0.00498533
0.00515485
0.00506830
0.00525641
0.00498366
0.00505900
0.00497222
0.00550222
0.00501132
0.00564599
0.00859904
0.00619721
0.00613880
0.00528479
0.00515294
0.00505447
0.00508356
0.00497913
0.00552583
0.00503016
0.00596976
0.00550175
0.00559020
0.00566316
0.00519061
0.00550079
0.00511479
0.00502920
0.00500298
0.00499415
0.00508451
0.00499320
0.00564671
0.00503635
0.00564861
0.00534606
0.00520611
0.00503421
0.00520968
0.00505257
0.00503182
0.00500870
0.00519538
0.00502276
0.00596738
0.00559068
0.00554967
0.00511217
0.00551152
0.00507426
0.00513625
0.00502205
0.00505733
0.00504184
0.00514555
0.00503612
0.00569415
0.00522590
0.00528908
0.00548816
0.00529003
0.00511193
0.00525260
0.00510478
0.00510669
0.00508118
0.00507402
0.00497198
0.00590372
0.00510335
0.00538778
0.00547600
0.00519395
0.00543141
0.00510836
0.00497651
0.00502443
0.00499749
0.00513339
0.00501633
0.00567055
0.00509000
0.00566006
0.00548124
0.00514030
0.00500321
0.00509620
0.00505114
0.00523901
0.00522137
0.00531626
0.00521874
0.00581670
0.00512743
0.00528646
0.00530601
0.00520515
0.00500035
0.00510550
0.00500846
0.00500178
0.00498343
0.00533223
0.00500369
0.00568962
0.00505638
0.00543857
0.00547671
0.00516748
0.00502014
0.00517082
0.00501561
0.00503325
0.00499535
0.00551939
0.00501847
0.00572848
0.00551200
0.00519109
0.00504565
0.00574255
0.00547671
0.00513220
0.00504327
0.00505471
0.00499558
0.00510335
0.00501251
0.00574827
0.00506282
0.00564718
0.00530553
0.00517774
0.00555134
0.00510931
0.00502038
0.00502539
0.00502396
0.00511432
0.00502539
0.00574255
0.00817394
0.00624275
0.00608611
0.00532246
0.00516772
0.00515342
0.00507689
0.00505972
0.00555968
0.00505567
0.00565743
0.00847077
0.00634646
0.00618649
0.00532532
0.00513387
0.00502658
0.00507832
0.00502253
0.00554156
0.00505829
0.00568271
0.00864577
0.00643682
0.00620770
0.00580287
0.00517821
0.00503373
0.00505853
0.00501299
0.00553131
0.00506115
0.00595236
0.00553703
0.00516796
0.00536323
0.00522041
0.00504160
0.00516391
0.00502276
0.00507236
0.00502157
0.00555778
0.00504875
0.00581050
0.00553417
0.00516224
0.00508976
0.00522709
0.00514364
0.00519562
0.00502515
0.00505018
0.00501966
0.00554347
0.00504088
0.00583625
0.00552750
0.00521636
0.00508714
0.00525069
0.00517273
0.00535369
0.00515676
0.00521851
0.00531030
0.00531507
0.00507450
0.00553679
0.00510764
0.00532031
0.00537276
0.00524998
0.00504661
0.00524139
0.00527906
0.00506115
0.00502110
0.00516224
0.00503898
0.00562310
0.00505829
0.00565290
0.00515914
0.00512838
0.00504661
0.00515437
0.00501990
0.00506759
0.00500584
0.00511122
0.00498676
0.00560021
0.00506210
0.00520134
0.00554323
0.00521255
0.00505090
0.00514698
0.00503778
0.00506139
0.00500488
0.00513792
0.00502896
0.00562406
0.00559092
0.00524855
0.00508928
0.00522852
0.00506330
0.00513506
0.00501728
0.00502682
0.00499439
0.00511861
0.00501084
0.00585699
0.00549698
0.00517082
0.00510049
0.00521374
0.00504994
0.00555706
0.00542951
0.00526953
0.00496650
0.00510406
0.00497079
0.00562620
0.00500965
