0.00588083
0.00564146
0.00543857
0.00557756
0.00531769
0.00513649
0.00542831
0.00490928
0.00501585
0.00484705
0.00481248
0.00499010
0.00496316
0.00566840
0.00492859
0.00492764
0.00497007
0.00496984
0.00539804
0.00487447
0.00490522
0.00503182
0.00501609
0.00563526
0.00552654
0.00530624
0.00505733
0.00507116
0.00555325
0.00511551
0.00498223
0.00496244
0.00511289
0.00512838
0.00517893
0.00585103
0.00500488
0.00516272
0.00512743
0.00500917
0.00510836
0.00498152
0.00506258
0.00563121
0.00515485
0.00543761
0.00507140
0.00512576
0.00493646
0.00518751
0.00499249
0.00518417
0.00544190
0.00555515
0.00508165
0.00539422
0.00533032
0.00508714
0.00502253
0.00514436
0.00497198
0.00500298
0.00511050
0.00496387
0.00525355
0.00508285
0.00508833
0.00566888
0.00506234
0.00509167
0.00509596
0.00497770
0.00551915
0.00509787
0.00578809
0.00511432
0.00517011
0.00528193
0.00502682
0.00526261
0.00525475
