0.00585532
0.00521970
0.00584197
0.00555611
0.00525069
0.00584340
0.00552154
0.00521278
0.00558925
0.00518608
0.00538421
0.00505853
0.00530076
0.00590777
0.00517201
0.00511932
0.00536656
0.00536394
0.00554991
0.00555634
0.00525451
0.00575829
0.00518751
0.00535297
0.00536919
0.00508022
0.00530291
0.00530219
0.00500965
0.00568867
0.00555611
0.00531650
0.00675130
0.00543928
0.00528669
0.00613308
0.00516343
0.00501490
0.00550818
0.00553012
0.00568175
0.00578237
0.00962234
0.00621867
0.00598121
0.00514507
0.00512695
0.00514913
0.00525117
0.00529122
0.00522900
0.00515270
0.00500822
0.00508332
0.00518250
0.00509071
0.00508046
0.00579309
0.00517607
0.00527167
0.00515866
0.00504351
0.00501633
0.00549603
0.00747204
0.00588965
0.00539112
0.00551748
0.00538731
0.00523686
0.00504875
0.00521135
0.00506353
0.00553703
0.00509930
0.00526738
0.00587940
0.00570703
0.00526667
0.00511098
0.00515890
0.00519466
0.00525141
0.00525141
0.00597715
0.00533032
0.00535679
0.00585222
0.00510383
0.00514269
0.00511885
0.00523782
0.00529361
0.00546098
0.00526643
0.00593734
0.00518036
0.00524807
0.00512433
0.00504065
0.00519180
0.00516391
0.00510406
0.00570202
0.00521016
0.00524187
0.00535083
0.00511980
0.00504160
0.00502253
0.00509930
0.00516129
0.00499296
0.00519156
0.00545263
0.00499463
0.00506949
0.00488377
0.00488663
0.00548387
0.00491452
0.00499415
0.00513792
0.00496817
0.00537109
0.00492597
0.00503421
0.00495553
0.00490546
0.00536799
0.00498271
0.00525856
0.00556588
0.00551534
0.00518107
0.00505400
0.00504756
0.00513554
0.00496340
0.00510550
0.00509381
0.00506377
0.00569201
0.00515723
0.00545120
0.00574160
0.00510025
0.00504661
0.00510120
0.00508332
0.00517082
0.00509953
0.00530434
0.00575781
0.00553346
0.00534964
0.00508928
0.00505638
0.00518250
0.00510192
0.00521564
0.00605917
0.00978184
0.00849414
0.00630093
0.00553274
0.00514102
0.00520563
0.00563216
0.00570297
0.00530648
0.00579071
0.00513506
0.00518107
0.00512242
0.00516868
0.00530124
0.00549364
0.00521946
0.00579500
0.00523424
0.00524116
0.00515962
0.00507355
0.00521374
0.00510001
0.00520492
0.00659275
0.00529528
0.00555778
0.00566459
0.00531173
0.00511312
0.00514936
0.00513768
0.00516796
0.00530696
0.00508857
0.00548577
0.00513697
0.00511050
0.00497103
0.00491452
0.00502300
0.00494790
0.00495839
0.00555992
0.00508928
0.00500202
0.00509858
0.00489235
0.00491691
0.00495887
0.00492406
0.00506878
0.00492215
0.00510597
0.00539923
0.00501943
0.00502372
0.00491714
0.00495052
0.00556087
0.00488782
0.00506949
0.00544333
0.00550604
0.00517654
0.00499415
0.00503278
0.00503182
0.00484324
0.00508595
0.00538826
0.00494981
0.00570512
0.00509953
0.00501323
0.00507474
0.00491118
0.00489497
0.00494480
0.00502181
0.00506425
0.00533104
0.00523400
0.00595307
0.00517297
0.00517368
0.00489116
0.00487399
0.00503683
0.00493002
0.00493479
0.00561905
0.00513101
0.00502276
0.00554204
0.00495481
0.00492644
0.00498581
0.00495625
0.00506735
0.00494933
0.00505042
0.00551867
0.00512934
0.00513387
0.00494742
0.00545406
0.00500369
0.00499892
0.00498271
0.00546169
0.00509667
0.00512552
0.00513506
0.00496840
0.00498056
0.00543857
0.00494289
0.00507760
0.00498390
0.00507188
0.00545311
0.00502419
0.00499558
0.00504375
0.00485349
0.00498843
0.00497746
0.00493288
0.00557446
0.00523734
0.00504851
0.00568438
0.00498700
0.00493717
0.00502157
0.00502300
0.00503373
0.00505447
0.00517392
0.00538468
0.00524473
0.00565219
0.00504756
0.00528812
0.00513196
0.00509214
0.00527740
0.00583148
0.00506401
0.00535178
0.00561833
0.00501585
0.00496912
0.00499058
0.00496912
0.00510621
0.00513625
0.00508070
0.00541592
0.00503016
0.00501776
0.00499845
0.00491118
0.00528145
0.00492096
0.00501871
0.00551653
0.00544214
0.00509834
0.00493431
0.00499296
0.00499654
0.00488901
0.00509882
0.00495815
0.00497031
0.00554109
0.00554776
0.00497270
0.00505495
0.00498867
0.00490546
0.00493050
0.00506806
0.00507021
0.00491929
0.00508022
0.00530505
0.00497603
0.00525236
0.00495696
0.00497270
0.00581098
0.00523996
0.00523114
0.00551891
0.00537777
0.00510693
0.00508952
0.00496960
0.00519919
0.00547981
0.00504279
0.00585413
0.00508928
0.00502539
0.00542855
0.00545287
0.00497913
0.00498438
0.00496221
0.00546670
0.00486326
0.00507879
0.00527978
0.00555515
0.00529647
0.00512385
0.00513005
0.00559211
0.00487018
0.00504136
0.00499701
0.00518417
0.00561070
0.00513530
0.00513792
0.00607276
