0.00328612
0.00576544
0.00540757
0.00507450
0.00490904
0.00560784
0.00500822
0.00512028
0.00552535
0.00506806
0.00491381
0.00484967
0.00547910
0.00486708
0.00501275
0.00491214
0.00556326
0.00499105
0.00508142
0.00501347
0.00496602
0.00490665
0.00488281
0.00536823
0.00498652
0.00506115
0.00490856
0.00569820
0.00497270
0.00495744
0.00490308
0.00492883
0.00481868
0.00510836
0.00542212
0.00496936
0.00500751
0.00489831
0.00576663
0.00529480
0.00489902
0.00493789
0.00484943
0.00481653
0.00478458
0.00529146
0.00490737
0.00493717
0.00481009
0.00540876
0.00489330
0.00500178
0.00487685
0.00485945
0.00490165
0.00481129
0.00486326
0.00494504
0.00582147
0.00495791
0.00544333
0.00497270
0.00522947
0.00490928
0.00490117
0.00483179
0.00483489
0.00485063
0.00485706
0.00533056
0.00483704
0.00549221
0.00503182
0.00505924
0.00488448
0.00492215
0.00482535
0.00526476
0.00518870
0.00488734
0.00545168
0.00483131
0.00546479
0.00495577
0.00495934
0.00485086
0.00486851
0.00482249
0.00483608
0.00485706
0.00484943
0.00544310
0.00480628
0.00546384
0.00500798
0.00495863
0.00488448
0.00487065
0.00486398
0.00481629
0.00485063
0.00484657
0.00529599
0.00478435
0.00546265
0.00530243
0.00505519
0.00489616
0.00490880
0.00483871
0.00482368
0.00484538
0.00486255
0.00530958
0.00490761
0.00550222
0.00532103
0.00510478
0.00493765
0.00495481
0.00483108
0.00481319
0.00490594
0.00487757
0.00548029
0.00485802
0.00541830
0.00497651
0.00502062
0.00490451
0.00491214
0.00481391
0.00486183
0.00483656
0.00482106
0.00527763
0.00495887
0.00548267
0.00530529
0.00500894
0.00487542
0.00490522
0.00485682
0.00480556
0.00487924
0.00487065
0.00544977
0.00497031
0.00550795
0.00531554
0.00500274
0.00488377
0.00496459
0.00480294
0.00487757
0.00487232
0.00483441
0.00529885
0.00489855
0.00543356
0.00531459
0.00536442
0.00490665
0.00495839
0.00487852
0.00487328
0.00492764
0.00498629
0.00559711
0.00508595
0.00555301
0.00503135
0.00503659
0.00501013
0.00497389
