0.00451851
0.00595713
0.00536299
0.00499964
0.00557661
0.00528121
0.00529552
0.00497866
0.00594139
0.00488639
0.00491214
0.00480652
0.00494003
0.00484848
0.00498819
0.00527954
0.00497627
0.00499535
0.00526285
0.00557852
0.00482702
0.00491858
0.00481606
0.00494933
0.00484681
0.00496602
0.00540304
0.00500393
0.00522256
0.00492859
0.00538516
0.00486302
0.00482345
0.00480366
0.00493336
0.00488496
0.00495386
0.00534177
0.00498366
0.00537395
0.00493193
0.00549769
0.00491357
0.00494742
0.00483441
0.00501442
0.00486422
0.00508881
0.00505376
0.00510502
0.00552011
0.00494957
0.00494647
0.00483155
0.00488257
0.00480318
0.00492668
0.00487590
0.00490355
0.00520134
0.00496483
0.00524163
0.00516915
0.00554061
0.00496984
0.00500846
0.00489593
0.00496578
0.00483871
0.00499392
0.00512433
0.00502729
0.00528574
0.00494266
0.00539565
0.00489926
0.00482965
0.00481629
0.00492811
0.00486445
0.00501776
0.00538278
0.00501394
0.00530887
0.00498128
0.00546265
0.00480533
0.00490594
0.00480771
0.00495243
0.00484538
0.00503278
0.00517511
0.00499892
0.00523067
0.00499129
0.00535846
0.00490737
0.00490999
0.00488949
0.00500512
0.00490785
0.00498056
0.00492668
0.00507379
0.00496602
0.00504208
0.00547028
0.00484824
0.00488520
0.00482249
0.00511909
0.00483418
0.00497651
0.00485730
0.00538301
0.00511169
0.00532007
0.00553489
0.00503469
0.00495577
0.00494456
0.00515342
0.00488091
0.00537348
0.00518322
0.00525761
0.00532222
0.00503016
0.00557280
0.00493884
0.00494909
0.00489068
0.00500250
0.00485635
0.00502968
0.00535440
0.00508022
0.00561762
0.00509501
0.00523829
0.00497580
0.00498939
0.00498009
0.00509381
0.00501370
0.00516558
0.00521278
0.00514483
0.00548458
0.00504351
0.00523162
0.00500727
0.00495601
0.00484347
0.00499058
0.00486565
0.00500965
0.00501370
0.00507712
0.00540233
0.00537658
0.00515389
0.00503707
0.00499678
0.00499249
0.00512338
0.00516272
0.00539184
0.00542617
0.00581217
0.00597215
0.00535941
0.00531244
0.00627780
0.00530481
0.00543523
0.00515676
0.00532937
0.00518465
0.00520825
0.00517178
0.00528955
0.00584030
0.00565910
0.00564098
0.00514007
0.00517821
0.00542760
0.00509882
0.00560999
0.00543189
0.00523925
0.00543880
0.00513673
0.00529790
0.00497818
0.00553226
0.00545907
0.00508904
0.00491095
0.00551248
0.00544024
0.00501513
0.00520062
0.00493503
0.00565529
0.00536323
0.00497890
0.00533319
0.00507736
0.00511360
0.00508213
0.00539184
0.00504017
0.00501394
0.00520802
0.00492430
0.00491261
0.00497913
0.00500679
0.00495672
0.00498605
0.00505877
0.00533152
0.00516391
0.00502396
0.00495291
0.00490069
0.00483727
0.00498199
0.00499606
0.00495601
0.00508070
0.00501823
0.00539804
0.00492167
0.00511360
0.00488305
0.00490642
0.00487900
0.00503325
0.00502324
0.00508499
0.00563240
0.00517344
0.00597453
0.00547242
0.00507355
0.00503516
0.00502825
0.00545168
0.00500059
0.00551391
0.00499511
0.00590444
0.00530982
0.00504470
0.00501990
0.00493932
0.00486898
0.00481367
0.00532794
0.00492930
0.00495911
0.00488353
0.00551701
0.00516558
0.00498104
0.00499940
0.00495172
0.00497866
0.00492167
0.00538015
0.00493336
0.00507164
0.00491142
0.00519538
0.00496411
0.00507545
0.00540257
0.00495505
0.00494456
0.00491047
0.00494599
0.00488710
0.00493169
0.00531125
0.00510430
0.00526452
0.00498104
0.00547743
0.00489545
0.00493002
0.00482631
0.00496507
0.00488448
0.00508904
0.00504732
0.00501490
0.00538135
0.00503874
0.00548673
0.00492835
0.00488782
0.00485325
0.00496435
0.00486755
0.00507975
0.00500154
0.00501633
0.00524735
0.00497317
0.00543261
0.00489736
0.00493598
0.00484347
0.00495005
0.00487375
0.00500751
0.00498796
0.00500369
0.00534439
0.00496554
0.00559282
0.00501966
0.00489497
0.00503278
0.00495720
0.00501657
0.00499153
0.00575781
0.00538516
0.00530624
0.00493503
0.00501490
0.00486898
0.00496125
0.00532603
0.00494552
0.00542903
0.00492620
0.00553203
0.00527430
0.00509763
0.00509238
0.00500917
0.00503945
0.00493121
0.00547719
0.00490260
0.00500441
0.00490665
0.00553274
0.00498343
0.00503445
0.00542855
0.00493741
0.00487280
0.00492716
0.00501251
0.00491428
0.00499201
0.00499225
0.00514483
0.00536537
0.00497270
0.00504780
0.00489354
0.00503373
0.00485468
0.00498462
0.00486374
0.00507998
0.00501847
0.00504470
