0.00420213
0.00571322
0.00525475
0.00501943
0.00500059
0.00509739
0.00496030
0.00524473
0.00518417
0.00521231
0.00499773
0.00508690
0.00500107
0.00493145
0.00492835
0.00490332
0.00502515
0.00500774
0.00500917
0.00494480
0.00562072
0.00546598
0.00507164
0.00495791
0.00518131
0.00503588
0.00599504
0.00558639
0.00589323
0.00499535
0.00508261
0.00529981
0.00567508
0.00507569
0.00506926
0.00508857
0.00568700
0.00506282
0.00511479
0.00502038
0.00519061
0.00496030
0.00509930
0.00497985
0.00561380
0.00507951
0.00547409
0.00498033
0.00512934
0.00498366
0.00499940
0.00495267
0.00507045
0.00516725
0.00529742
0.00499320
0.00561619
0.00542092
0.00516963
0.00494051
0.00511026
0.00494480
0.00494242
0.00492191
0.00542736
0.00500274
0.00547147
0.00497794
0.00606942
0.00545573
0.00502825
0.00488710
0.00508976
0.00491810
0.00492501
0.00489330
0.00539327
0.00493264
0.00540185
0.00495839
0.00590038
0.00509524
0.00535631
0.00497222
0.00543690
0.00503254
0.00499249
0.00554204
0.00539637
0.00499344
0.00544262
0.00498629
0.00565457
0.00511336
0.00530767
0.00495791
0.00544810
0.00493765
0.00491881
0.00491166
0.00541544
0.00494957
0.00541019
0.00496364
0.00550246
0.00507426
0.00551558
0.00502062
0.00545812
0.00496578
0.00492239
0.00492144
0.00498152
0.00496054
0.00498962
0.00498462
0.00506210
0.00507975
0.00530934
0.00496960
0.00500679
0.00498343
0.00490808
0.00489187
0.00490165
0.00502205
0.00493479
0.00503612
0.00490689
0.00554919
0.00541353
0.00506020
0.00559282
0.00504041
0.00502253
0.00545430
0.00541592
0.00503802
0.00491762
0.00504804
0.00489187
0.00583220
0.00541353
0.00502253
0.00489569
0.00501394
0.00490689
0.00489879
0.00489044
0.00538683
0.00516868
0.00568318
0.00494981
0.00613260
0.00543046
0.00534582
0.00490952
0.00508857
0.00491428
0.00492477
0.00488901
0.00551510
0.00498962
0.00564456
0.00499392
0.00582838
0.00550961
0.00525022
0.00496674
0.00508165
0.00494838
0.00497746
0.00493050
0.00544095
0.00501347
0.00550175
0.00513196
0.00587940
0.00553560
0.00508356
0.00498390
0.00507450
0.00492764
0.00492859
0.00498509
0.00544047
0.00525761
0.00543427
0.00504327
0.00572085
0.00505710
0.00529981
0.00497198
0.00551844
0.00496078
0.00496888
0.00491261
0.00540662
0.00831270
0.00641060
0.00574517
0.00533319
0.00534129
0.00512338
0.00549054
0.00499511
0.00493479
0.00491643
0.00498629
0.00498271
0.00497222
0.00497556
0.00506425
0.00509977
0.00553656
0.00505638
0.00501919
0.00498891
0.00500298
0.00503016
0.00519538
0.00504375
0.00552797
0.00515556
0.00565052
0.00511885
0.00577521
0.00506210
0.00549269
0.00511432
0.00496387
0.00531507
0.00506377
0.00515509
0.00514770
0.00512791
0.00530052
0.00514126
0.00537658
0.00507164
0.00534654
0.00508642
0.00498629
0.00522733
0.00490284
0.00512576
0.00509405
0.00541067
0.00494933
0.00588512
0.00548029
0.00519419
0.00522161
0.00507975
0.00504661
0.00511265
0.00495315
0.00508738
0.00498104
0.00518274
0.00540447
0.00591016
0.00506258
0.00529122
0.00515103
0.00523520
0.00501299
0.00499821
0.00493288
0.00505185
0.00493646
0.00505257
0.00496173
0.00543642
0.00552750
0.00508952
0.00497627
0.00508904
0.00493598
0.00494933
0.00493312
0.00571561
0.00546169
0.00510168
0.00529838
0.00563312
0.00547767
0.00507498
0.00492978
0.00505972
0.00492191
0.00494528
0.00490379
0.00539970
0.00499296
0.00546479
0.00499678
0.00577331
0.00502276
0.00536871
0.00495911
0.00551057
0.00493622
0.00492525
0.00491858
0.00540018
0.00496173
0.00542283
0.00497150
0.00551987
0.00513721
0.00551224
0.00502849
0.00548148
0.00495219
0.00493360
0.00490856
0.00539422
0.00496578
0.00540733
0.00496006
0.00548601
0.00505090
0.00536156
0.00508738
0.00548577
0.00496244
0.00492096
0.00491953
0.00496984
0.00501609
0.00519705
0.00501871
0.00509310
0.00507426
0.00502133
0.00500345
0.00500393
0.00499630
0.00492382
0.00492024
0.00488043
0.00502014
0.00493431
0.00501537
0.00491571
0.00552702
0.00543809
0.00506449
0.00494361
0.00507355
0.00495625
0.00517702
0.00493193
0.00509381
0.00494885
0.00552964
0.00492334
0.00570703
0.00542498
0.00504303
0.00491095
0.00501823
0.00491071
0.00493598
0.00489259
0.00540280
0.00495577
0.00542426
0.00521231
0.00591636
0.00545692
0.00538993
0.00496459
0.00508881
0.00494790
0.00497222
0.00491500
0.00543594
0.00499821
0.00546741
0.00500727
0.00580215
0.00504708
0.00537014
0.00499415
0.00551653
0.00495005
0.00493670
0.00492096
0.00541997
0.00496435
0.00542045
0.00497198
0.00558519
0.00509214
0.00537968
0.00525999
0.00552869
0.00497437
0.00495768
0.00493240
0.00544453
0.00498891
0.00542736
0.00498676
0.00553179
0.00510812
0.00537777
0.00502253
0.00544739
0.00499272
0.00498271
0.00493240
0.00498366
0.00498700
0.00499368
0.00498271
0.00513077
0.00508547
0.00509477
0.00508428
0.00510430
0.00501156
0.00493813
0.00494456
0.00492048
0.00501847
0.00500512
0.00520945
0.00536585
0.00604558
0.00514078
0.00523067
0.00504827
0.00506639
0.00503850
0.00510502
0.00501466
0.00513768
0.00490928
0.00513554
0.00503898
0.00562739
0.00557971
0.00517011
0.00503993
0.00512004
0.00492382
0.00495124
0.00490141
0.00543547
0.00494885
0.00548935
0.00501132
0.00576639
0.00544047
0.00558639
0.00498319
0.00506067
0.00493193
0.00492620
0.00490832
0.00540757
0.00496459
0.00541186
0.00494647
0.00559902
0.00509524
0.00547957
0.00496221
0.00555515
0.00495410
0.00492525
0.00489831
0.00540113
0.00496197
0.00540257
0.00542855
0.00574088
0.00518537
0.00557685
0.00492883
0.00549340
0.00493860
0.00491595
0.00490665
0.00539684
0.00496602
0.00539684
0.00497174
0.00552607
0.00502467
0.00536346
0.00510120
0.00547194
0.00798082
0.00626302
0.00564170
0.00524211
0.00504041
0.00502467
0.00526786
0.00507879
0.00502944
0.00499868
0.00502443
0.00500727
0.00495458
0.00494146
0.00491667
0.00504708
0.00492859
0.00503016
0.00515628
0.00550508
0.00542259
0.00509214
0.00493193
0.00508213
0.00496793
0.00530028
0.00492263
0.00508094
0.00492954
0.00548601
0.00498319
0.00631571
0.00542808
0.00558615
0.00538397
0.00515699
0.00494576
0.00496840
0.00494528
0.00549841
0.00499487
0.00517035
0.00494766
0.00563502
0.00545812
0.00541329
0.00495028
0.00520754
0.00502419
0.00506806
0.00504994
0.00554991
0.00511599
0.00527859
0.00514078
0.00587010
0.00545597
0.00519109
0.00496173
0.00520778
0.00497270
0.00498748
0.00494170
0.00543284
0.00501561
0.00547695
0.00499964
0.00593734
0.00512981
0.00545430
0.00525737
0.00518584
0.00501871
0.00497413
0.00495434
0.00542736
0.00500941
0.00543642
0.00499272
0.00589037
0.00513363
0.00575662
0.00542140
0.00518990
0.00499988
0.00500441
0.00496125
0.00545073
0.00500488
0.00546670
0.00501251
0.00590038
0.00506258
0.00570130
0.00500035
0.00514293
0.00503135
0.00521088
0.00516295
0.00566888
0.00521684
0.00551891
0.00519753
0.00556588
0.00548506
0.00512242
0.00499916
0.00511384
0.00497770
0.00496292
0.00494933
0.00543427
0.00499320
0.00548506
0.00508642
0.00581813
0.00506186
0.00554252
0.00498533
0.00526071
0.00499916
0.00498366
0.00495863
0.00545549
0.00500250
0.00546360
0.00499249
0.00587440
0.00505757
0.00596952
0.00554299
0.00510216
0.00559163
0.00501657
0.00496650
0.00548697
0.00498676
0.00509310
0.00497723
0.00578475
0.00551367
0.00512433
0.00498748
0.00511599
0.00500226
0.00500989
0.00496507
0.00570726
0.00504637
0.00568080
0.00501084
0.00587583
0.00543952
0.00566173
0.00498104
0.00557542
0.00544190
0.00506091
0.00501466
0.00602865
0.00566816
0.00575399
0.00509071
0.00599670
0.00560308
0.00517535
0.00552225
0.00514960
0.00526214
0.00514936
0.00549126
0.00512218
0.00530148
0.00525355
0.00553536
0.00519300
0.00515938
0.00509286
0.00513339
0.00512171
0.00502324
0.00522494
0.00519753
0.00516319
0.00523090
0.00523615
0.00516534
0.00576568
0.00522709
0.00523210
0.00528741
0.00513744
0.00502014
0.00524831
0.00528455
0.00510263
0.00507832
0.00542212
0.00528407
0.00524282
0.00513911
0.00508142
0.00509667
0.00505114
0.00494313
0.00498104
0.00504017
0.00508618
0.00495291
0.00507498
0.00496221
0.00552893
0.00543976
0.00510931
0.00496721
0.00512981
0.00496840
0.00496602
0.00493884
0.00518203
0.00500894
0.00511622
0.00507617
0.00583386
0.00546885
0.00524282
0.00496578
0.00512695
0.00503707
0.00497818
0.00494814
0.00544620
0.00498605
0.00544596
0.00497127
0.00567007
0.00518894
0.00543475
0.00841427
0.00643182
0.00598431
0.00551128
0.00547266
0.00501132
0.00544381
0.00500655
0.00550008
0.00518060
0.00539398
0.00503683
0.00548840
0.00501943
0.00498271
0.00494385
0.00501609
0.00500751
0.00501776
0.00498557
0.00505686
0.00509644
0.00504613
0.00504589
0.00506020
0.00503039
0.00496626
0.00496817
0.00495434
0.00507545
0.00496149
0.00506020
0.00495839
0.00557089
0.00544071
0.00511050
0.00496507
0.00513816
0.00549459
0.00504279
0.00493979
0.00522375
0.00504947
0.00525880
0.00522041
0.00565267
0.00541735
0.00506806
0.00519514
0.00503039
0.00497341
0.00495100
0.00514483
0.00575757
0.00498295
0.00517869
0.00496793
0.00564981
0.00548816
0.00511861
0.00497746
0.00511932
0.00500393
0.00499177
0.00496030
0.00545669
0.00499749
0.00549006
0.00503802
0.00579405
0.00507593
0.00545478
0.00504994
0.00532556
0.00498104
0.00498152
0.00494742
0.00547218
0.00500703
0.00547624
0.00499392
0.00563645
0.00518870
0.00604653
0.00826263
0.00573134
0.00502658
0.00502348
0.00539684
0.00510955
0.00523090
0.00504375
0.00519228
0.00525928
0.00545168
0.00504708
0.00516891
0.00505185
0.00498176
0.00497723
0.00510240
0.00503683
0.00498629
0.00508523
0.00581479
0.00532770
0.00511074
0.00512338
0.00516462
0.00505614
0.00499773
0.00500441
0.00510740
0.00507522
0.00504541
0.00509024
0.00497937
0.00587034
0.00511837
0.00546813
0.00514221
0.00525212
0.00517130
0.00520492
0.00517964
0.00528264
0.00520873
0.00526190
0.00514269
0.00564337
0.00508833
0.00517607
0.00504923
0.00515270
0.00499511
0.00508022
0.00539041
0.00509739
0.00495291
0.00506091
0.00496936
0.00551748
0.00546408
0.00513339
0.00500751
0.00514889
0.00499868
0.00500154
0.00497198
0.00549388
0.00503135
0.00558376
0.00510406
0.00602317
0.00550723
0.00518417
0.00503087
0.00519848
0.00500846
0.00500560
0.00499606
0.00547814
0.00506711
0.00564122
0.00508690
0.00592542
0.00554895
0.00515151
0.00554132
0.00520968
0.00502205
0.00503278
0.00500345
0.00559068
0.00502396
0.00521970
0.00500131
0.00594282
0.00554633
0.00520587
0.00501537
0.00514603
0.00501132
0.00504398
0.00498247
0.00601935
0.00551486
0.00521064
0.00503302
0.00571895
0.00554729
0.00546455
0.00503421
0.00519371
0.00502539
0.00503325
0.00500607
0.00558424
0.00504112
0.00524926
0.00502133
0.00599837
0.00552034
0.00512886
0.00498509
0.00514555
0.00496507
0.00501847
0.00495744
0.00565028
0.00509691
