0.00251961
0.00636816
0.00536513
0.00592732
0.00555515
0.00505972
0.00563526
0.00496030
0.00494814
0.00506783
0.00498319
0.00503159
0.00492883
0.00557947
0.00539136
0.00504208
0.01063108
0.01068783
0.00933290
0.00727296
0.00731874
0.00732732
0.00789022
0.00761533
0.00772643
0.00699234
0.00622988
0.00569224
0.00532031
0.00499082
0.00493741
0.00499988
0.00503492
0.00505900
0.00501800
0.00498033
0.00496078
0.00487232
0.00489306
0.00489330
0.00541186
0.00500250
0.00501275
0.00492501
0.00555062
0.00811505
0.00602221
0.00599360
0.00513434
0.00491309
0.00486827
0.00541520
0.00490046
0.00543213
0.00495243
0.00582409
0.00496984
0.00545883
0.00517035
0.00499654
0.00489330
0.00490069
0.00485110
0.00534153
0.00489926
0.00534201
0.00490189
0.00542521
0.00496936
0.00523400
0.00563550
0.00536752
0.00489879
0.00486469
0.00483894
0.00488544
0.00489092
0.00491571
0.00490069
0.00506854
0.00502419
0.00499344
0.00496387
0.00496531
0.00496936
0.00489068
0.00489783
0.00486088
0.00502920
0.00538111
0.00503922
0.00491261
0.00554228
0.00541615
0.00506949
0.00489211
0.00502181
0.00488567
0.00490522
0.00486016
0.00537491
0.00490785
0.00544190
0.00499964
0.00583196
0.00539613
0.00504231
0.00489521
0.00506544
0.00488663
0.00487638
0.00487161
0.00537658
0.00496197
0.00538087
0.00495005
0.00548196
0.00501657
0.00533414
0.00529265
0.00544524
0.00495553
0.00491309
0.00487375
0.00494981
0.00492978
0.00494504
0.00493908
0.00499487
0.00504136
0.00499344
0.00526834
0.00495791
0.00495028
0.00489926
0.00489902
0.00487876
0.00498915
0.00491023
0.00545263
0.00500870
0.00571465
0.00513434
0.00822449
0.00658441
0.00554872
0.00517321
0.00490451
0.00569320
0.00533509
0.00569963
0.00533772
0.00563741
0.00515032
0.00515389
0.00526929
0.00508690
0.00490999
0.00547409
0.00498724
0.00503302
0.00494003
0.00548410
0.00534129
0.00550818
0.00552630
0.00515437
0.00569248
0.00513864
0.00504065
0.00500584
0.00495696
0.00516939
0.00491095
0.00511932
0.00508928
0.00583649
0.00530362
0.00526667
0.00522208
0.00526166
0.00507021
0.00501895
0.00525141
0.00506949
0.00528359
0.00536728
0.00523973
0.00524306
0.00546670
0.00511193
0.00503254
0.00518346
0.00499701
0.00505280
0.00491214
0.00692248
0.00496769
0.00494695
0.00500655
0.00503492
0.00509691
0.00496745
0.00504613
0.00498796
0.00487804
0.00490522
0.00487113
0.01016331
0.00538445
0.00493789
0.00554061
0.00512123
0.00537944
0.00505614
0.00548434
0.00494361
0.00491548
0.00488186
0.00496173
0.00494814
0.00494766
0.00493717
0.00506139
0.00506639
0.00497365
0.00498891
0.00496793
0.00496244
0.00489044
0.00488257
0.00485778
0.00497103
0.00485587
0.00497198
0.00486088
0.00547719
0.00531673
0.00551224
0.00527787
0.00510383
0.00487876
0.00491357
0.00489593
0.00512314
0.00492954
0.00520039
0.00490284
0.00574517
0.00530887
0.00524282
0.00482702
0.00561070
0.00486803
0.00484824
0.00481701
0.00547194
0.00484610
0.00534248
0.00506568
0.00591564
0.00495982
0.00527906
0.00488997
0.00546741
0.00489044
0.00486040
0.00485468
0.00538087
0.00491691
0.00535917
0.00493050
0.00547504
0.00501251
0.00532126
0.00504184
0.00538635
0.00491619
0.00486803
0.00488257
0.00490165
0.00489783
0.00491714
0.00490546
0.00500250
0.00501204
0.00496864
0.01165867
0.00740457
0.00492430
0.00493884
0.00548816
0.00499845
0.00549388
0.00498486
0.00584745
0.00508428
0.00509644
0.00493860
0.00548124
0.00490236
0.00488853
0.00484133
0.00535798
0.00502491
0.00555658
0.00498652
0.00554633
0.00507188
0.00604987
0.00491452
0.00503850
0.00485277
0.00485778
0.00483632
0.00535226
0.00490451
0.00534773
0.00489783
0.00545740
0.00500131
0.00532675
0.00502825
0.00544500
0.01049590
0.00780177
0.00625730
0.00561309
0.00528693
0.00525308
0.00501537
0.00503731
0.00504041
0.00504947
0.00508475
0.00499177
0.00499320
0.00499797
0.00500226
0.00511956
0.00503588
0.00486755
0.00581479
0.00497246
0.00911140
0.00905681
0.00890374
0.00895357
0.00813603
0.00628829
0.00607967
0.00525737
0.00545382
0.00500822
0.00545478
0.00494695
0.00490928
0.00488949
0.00534725
0.00494242
0.00495172
0.00492668
0.00503254
0.00502920
0.00541830
0.00495911
0.00497890
0.00496316
0.00489306
0.00487518
0.00515532
0.00513673
0.00513434
0.00496936
0.00516748
0.00513268
0.00500607
0.00497699
0.00619435
0.00685763
0.00522447
0.00518465
0.00538802
0.00496960
0.00546217
0.00492501
0.00640273
0.00537109
0.00515771
0.00490093
0.00513053
0.00492811
0.00491953
0.00487757
0.00535536
0.00493717
0.00539351
0.00511813
0.00597048
0.00538158
0.00509810
0.00493956
0.00508785
0.00492430
0.00492835
0.00489354
0.00540495
0.00491667
0.00537586
0.00492787
0.00559545
0.00512099
0.00546908
0.00492573
0.00543761
0.00485897
0.00488305
0.00487161
0.00536346
0.00493240
0.00538349
0.00500488
0.00552559
0.00507641
0.00533867
0.00505018
0.00547528
0.00539422
0.00494027
0.00491190
0.00540686
0.00495076
0.00537705
0.00493741
0.00551510
0.00509810
0.00540686
0.00529075
0.00543404
0.00492620
0.00491309
0.00487447
0.00537014
0.00493741
0.00538802
0.00491095
0.00543380
0.00499606
0.00532675
0.00552130
0.00541377
0.00492620
0.00491309
0.00486135
0.00540257
0.00492191
0.00534511
0.00491405
0.00545716
0.00500989
0.00537014
0.00497985
0.00542283
0.00493217
0.00487947
0.00487638
0.00496078
0.00500751
0.00498748
0.00488639
0.00500488
0.00495839
0.00502324
0.00488639
0.00487423
0.00491214
0.00482225
0.00525951
0.00512338
0.00489926
0.00478601
0.00488400
0.00477982
0.00532341
0.00529361
0.00490522
0.00506163
0.00489712
0.00480127
0.00482821
0.00477219
0.00802875
0.00590229
0.00549483
0.00513291
0.00493431
0.00496936
0.00488186
0.00502944
0.00488448
0.00482035
0.00485015
0.00479937
0.00490856
0.00477505
0.00489640
0.00480127
0.00544238
0.00532055
0.00498557
0.00480819
0.00495434
0.00482821
0.00482249
0.00480390
0.00530243
0.00487113
0.00536466
0.00490999
0.00542545
0.00500727
0.00534678
0.00490737
0.00560927
0.00488329
0.00482106
0.00526881
0.00519395
0.00487971
0.00490141
0.00485897
0.00493693
0.00496268
0.00523019
0.00488281
0.00499201
0.00495648
0.00489712
0.00489473
0.00492072
0.00512791
0.00511456
0.00517583
0.00508571
0.00595856
0.00520682
0.00513244
0.00500131
0.00498414
0.00490808
0.00486898
0.00483584
0.00498629
0.00483584
0.00493121
0.00484776
0.00543785
0.00534678
0.00505304
0.00487590
0.00495911
0.00486875
0.00486040
0.00482798
0.00534439
0.00490761
0.00537324
0.00495911
0.00538111
0.00501585
0.00547981
0.00506639
0.00540757
0.00503445
0.00529623
0.00490713
0.00533843
0.00508714
0.00541615
0.00501847
0.00705814
0.00539517
0.00510406
0.00489974
0.00562286
0.00543380
0.00493836
0.00487661
0.00595164
0.00533438
0.00561285
0.00548720
0.00546527
0.00549316
0.00516343
0.00561047
0.00509310
0.00492072
0.00545359
0.00530887
0.00500011
0.00483871
0.00551629
0.00533366
0.00564718
0.00515676
0.00511932
0.00559926
0.00506926
0.00497150
0.00490260
0.00485015
0.00556946
0.00530100
0.00498724
0.00482965
0.00541377
0.00798249
0.00620508
0.00598574
0.00506282
0.00486279
0.00479960
0.00531411
0.00487804
0.00532436
0.00486922
0.00542974
0.00495815
0.00540900
0.00497723
0.00534320
0.00487399
0.00484014
0.00481725
0.00487876
0.00486422
0.00488496
0.00487256
0.00498128
0.00502276
0.00509238
0.00495553
0.00514627
0.00506687
0.00501704
0.00499606
0.00497150
0.00510335
0.00511098
0.00500226
0.00503635
0.00561213
0.00521851
0.00703597
0.00552249
0.00503135
0.00519013
0.00521421
0.00542045
0.00496340
0.00548863
0.00497985
0.00550151
0.00511312
0.00547266
0.00497413
0.00553083
0.00494123
0.00494599
0.00491905
0.00540900
0.00542474
0.00545430
0.00496650
0.00590110
0.00501060
0.00542951
0.00494266
0.00530815
0.00491691
0.00493813
0.00489092
0.00540042
0.00494719
0.00539684
0.00494504
0.00551009
0.00509501
0.00612807
0.00497580
0.00529885
0.00491548
0.00492525
0.00490332
0.00540757
0.00496364
0.00540209
0.00496864
0.00547671
0.00514650
0.00539422
0.00499678
0.00550747
0.00494313
0.00491023
0.00511956
0.00542808
0.00497031
0.00541353
0.00496578
0.00563121
0.00510216
0.00542665
0.00826931
0.00637054
0.00567961
0.00516939
0.00497866
0.00496316
0.00567770
0.00501990
0.00554514
0.00509906
0.00530744
0.00505233
0.00548339
0.00497079
0.00497198
0.00492764
0.00501513
0.00497055
0.00498939
0.00495791
0.00504351
0.00506592
0.00511932
0.00499892
0.00499225
0.00498056
0.00497222
0.00492334
0.00489902
0.00502253
0.00493765
0.00502324
0.00490904
0.00582862
0.00532341
0.00510263
0.00502610
0.00516772
0.00506091
0.00501490
0.00491977
0.00504971
0.00491834
0.00503278
0.00494456
0.00557756
0.00539398
0.00507426
0.00522447
0.00504208
0.00494552
0.00497794
0.00491476
0.00543833
0.00497699
0.00513911
0.00505590
0.00566936
0.00549841
0.00503206
0.00488114
0.00503993
0.00485373
0.00489187
0.00484991
0.00535345
0.00490403
0.00533319
0.00492811
0.00549173
0.00505829
0.00530863
0.00494695
0.00544691
0.00491142
0.00489283
0.00485635
0.00492287
0.00493789
0.00492835
0.00489998
0.00497770
0.00498915
0.00494909
0.00490832
0.00494671
0.00492263
0.00484538
0.00486064
0.00483012
0.00496960
0.00483203
0.00492978
0.00484681
0.00546670
0.00538945
0.00501466
0.00494480
0.00510764
0.00494123
0.00495887
0.00494885
0.00544596
0.00494289
0.00539660
0.00559974
0.00576615
0.00553417
0.00509357
0.00515532
0.00502563
0.00490189
0.00490189
0.00485420
0.00537443
0.00490952
0.00539541
0.00491285
0.00619411
0.00537062
0.00515532
0.00491619
0.00503135
0.00491095
0.00495291
0.00486374
0.00539494
0.00492477
0.00540972
0.00491309
0.00557137
0.00512886
0.00538564
0.00495839
0.00548220
0.00489450
0.00490355
0.00486016
0.00535941
0.00491905
0.00534344
0.00490952
0.00545692
0.00496674
0.00543022
0.00496030
0.00538659
0.00488520
0.00489044
0.00486946
0.00492930
0.00491405
0.00492191
0.00491190
0.00500631
0.00502563
0.00526857
0.00498962
0.00499320
0.00497007
0.00490260
0.00489736
0.00511169
0.00499821
0.00488591
0.00501180
0.00487208
0.00575805
0.00522828
0.00511789
0.00500798
0.00511813
0.00502348
0.00506115
0.00497580
0.00511074
0.00489330
0.00498772
0.00492144
0.00561643
0.00541353
0.00506473
0.00495577
0.00516963
0.00516295
0.00515580
0.00510263
0.00538754
0.00513005
0.00519824
0.00497842
0.00561285
0.00539994
0.00512743
0.00491881
0.00503707
0.00490499
0.00483370
0.00479531
0.00530148
0.00484991
0.00529814
0.00485229
0.00541234
0.00493503
0.00543094
0.00497127
0.00549626
0.00485802
0.00487113
0.00481677
0.00487638
0.00487089
0.00486970
0.00486636
0.00492835
0.00496721
0.00519228
0.00489736
0.00489902
0.00490284
0.00480986
0.00484872
0.00481749
0.00492930
0.00480175
0.00492716
0.00484943
0.00549674
0.00536942
0.00498128
0.00510478
0.00496650
0.00483084
0.00486159
0.00480056
0.00530744
0.00483346
0.00529718
0.00481200
0.00549650
0.00495291
0.00516558
0.00517368
0.00540376
0.00485396
0.00481296
0.00479531
0.00491428
0.00483894
0.00484371
0.00493407
0.00500607
0.00504184
0.00491333
0.00592351
0.00492311
0.00491929
0.00482678
0.00480795
0.00478625
0.00491500
0.00480795
0.00492382
0.00480103
0.00541091
0.00532317
0.00499606
0.00483918
0.00494599
0.00481033
0.00484776
0.00478458
0.00529194
0.00484157
0.00529003
0.00483441
0.00537682
0.00493455
0.00520277
0.00489593
0.00534844
0.00488091
0.00492167
0.00485897
0.00493932
0.00496387
0.00494957
0.00516415
0.00509238
0.00504971
0.00494194
0.00492787
0.00492048
0.00493312
0.00487208
0.00488973
0.00484729
0.00496149
0.00486565
0.00496960
0.00487709
0.00546694
0.00533986
0.00496960
0.00535297
0.00497174
0.00484848
0.00486612
0.00484371
0.00559425
0.00492501
0.00528526
0.00487089
0.00572705
0.00503182
0.00524211
0.00487995
0.00569129
0.00492835
0.00498891
0.00485086
0.00550675
0.00491619
0.00591350
0.00505376
0.00595284
0.00531077
0.00565124
0.00526357
0.00508404
0.00487328
0.00567794
0.00539374
0.00500822
0.00491095
0.00572324
0.00563717
0.00589776
0.00559258
0.00531626
0.00552511
0.00530267
0.00548840
0.00509167
0.00510859
0.00495481
0.00508809
0.00500584
0.00519180
0.00550461
0.00498295
0.00492811
0.00527954
0.00502801
0.00487924
0.00484109
0.00484538
0.00545454
0.00495577
0.00524807
0.00517726
0.00576878
0.00537992
0.00539279
0.00535560
0.00535154
0.00531626
0.00527287
0.00531936
0.00505996
0.00488901
0.00492215
0.00510693
0.00507307
0.00503111
0.00502014
0.00497866
0.00497603
0.00489712
0.00492144
0.00489593
0.00500965
0.00489354
0.00500202
0.00490546
0.00548792
0.00536680
0.00507140
0.00489664
0.00501871
0.00489902
0.00494981
0.00492167
0.00540853
0.00494719
0.00545526
0.00492835
0.00603628
0.00540066
0.00502133
0.00489211
0.00498366
0.00494909
0.00488758
0.00486612
0.00550723
0.00490785
0.00538397
0.00491667
0.00545478
0.00498557
0.00535607
0.00523973
0.00545096
0.00506067
0.00487041
0.00484109
0.00541234
0.00490856
0.00533605
0.00489521
0.00546122
0.00497675
0.00544071
0.00557971
0.00540900
0.00489020
0.00488377
0.00484610
0.00536418
0.00491023
0.00539994
0.00491166
0.00545573
0.00499272
0.00523973
0.00494003
0.00543046
0.00493336
0.00496435
0.00490928
0.00500679
0.00500321
0.00494981
0.00493145
0.00504708
0.00505185
0.00518990
0.00496960
0.00496268
0.00497389
0.00502753
0.00487804
0.00480938
0.00492573
0.00482512
0.00494671
0.00481319
0.00548100
0.00537634
0.00505233
0.00515413
0.00502467
0.00492024
0.00497413
0.00489879
0.00523853
0.00494599
0.00513005
0.00498629
0.00561714
0.00539851
0.00502229
0.00557494
0.00498629
0.00490069
0.00496459
0.00485873
0.00521564
0.00490570
0.00541639
0.00493670
0.00576639
0.00506210
0.00559449
0.00495410
0.00525093
0.00492954
0.00496268
0.00491095
0.00543022
0.00494814
0.00541782
0.00495458
0.00556445
0.00513935
0.00548744
0.00497007
0.00548196
0.00493979
0.00529099
0.00496125
0.00619483
0.00494361
0.00532889
0.00502372
0.00567746
0.00542927
0.00505400
0.00791836
0.00614023
0.00559139
0.00517082
0.00556159
0.00499153
0.00540781
0.00494742
0.00550437
0.00502658
0.00528574
0.00496531
0.00544500
0.00498462
0.00499916
0.00499153
0.00497007
0.00491953
0.00494480
0.00491142
0.00499892
0.00500250
0.00493741
0.00496984
0.00493574
0.00493121
0.00503731
0.00499463
0.00513458
0.00502253
0.00490046
0.00518346
0.00524163
0.00590801
0.00522590
0.00539422
0.00516725
0.00507402
0.00503826
0.00558400
0.00510693
0.00558281
0.00518179
0.00506973
0.00541878
0.00524759
0.00508571
0.00791216
0.00626469
0.00550866
0.00518751
0.00490093
0.00501585
0.00489187
0.00508857
0.00490093
0.00550508
0.00538278
0.00501966
0.00491738
0.00503802
0.00491166
0.00492239
0.00488973
0.00538087
0.00493026
0.00535250
0.00489879
0.00546479
0.00498056
0.00529194
0.00495410
0.00541115
0.00486159
0.00484324
0.00483370
0.00489616
0.00488424
0.00487542
0.00486040
0.00494623
0.00496316
0.00494838
0.01043200
0.01025772
0.00936317
0.00658703
0.00567794
0.00525069
0.00522947
0.00545526
0.00505018
0.00772262
0.00628376
0.00543618
0.00509191
0.00483060
0.00492549
0.00481582
0.00538850
0.00483537
0.00556326
0.00489354
0.00568986
0.00486469
0.00494266
0.00479603
0.00482631
0.00480151
0.00529122
0.00484061
0.00537968
0.00484014
0.00539398
0.00493717
0.00520420
0.00488448
0.00487757
0.00485468
0.00479913
0.00482559
