0.00722766
0.00579739
0.00580859
0.00561929
0.00557470
0.00563884
0.00602365
0.00551963
0.00585365
0.00618172
0.00573087
0.00559187
0.00552845
0.00566792
0.00557423
0.00561500
0.00575852
0.00573683
0.00577235
0.00603414
0.00565505
0.00549150
0.00596142
0.00560308
0.00554442
0.00628448
0.00607514
0.00557446
0.00571036
0.00556087
0.00562310
0.00556946
0.00593638
0.00573587
0.00583172
0.00570631
0.00620699
0.00596046
0.00547481
0.00588536
0.00617170
0.00575972
0.00658441
0.00640249
0.00681925
0.00602746
0.00559545
0.00560832
0.00554204
0.00560689
0.00613832
0.00599647
0.00616264
0.00611711
0.00550842
0.00545073
0.00601244
0.00576615
0.00592303
0.00562811
0.00614476
0.00581408
0.00547433
0.00616097
0.00555515
0.00531507
0.00593352
0.00575924
0.00598311
0.00542474
0.00568032
0.00590611
0.00546718
0.00591588
0.00545692
0.00526619
0.00595403
0.00568533
0.00554585
0.00537419
0.00531030
0.00534725
0.00542569
0.00582695
0.00550032
0.00571632
0.00624251
0.00563121
0.00561905
0.00544500
0.00558257
0.00548863
0.00553775
0.00556135
0.00593448
0.00564337
0.00599122
0.00545788
0.00538039
0.00584221
0.00546098
0.00540185
0.00629282
0.00573754
0.00544071
0.00556374
0.00535202
0.00547338
0.00550771
0.00580621
0.00540805
0.00558782
0.00588441
0.00558257
0.00550652
0.00535083
0.00529361
0.00540590
0.00557995
0.00581169
0.00551248
0.00546622
0.00541496
0.00542116
0.00541377
0.00549078
0.00550270
0.00551677
0.00593901
0.00600433
0.00563574
0.00558805
0.00543809
0.00536466
0.00558567
0.00544405
0.00545478
0.00622272
0.00603533
0.00552845
0.00560784
0.00544572
0.00605035
0.00559783
0.00603628
0.00574541
0.00567317
0.00568128
0.00556111
0.00550890
0.00560093
0.00559998
0.00567937
0.00577760
0.00683093
0.00581098
0.00605011
0.00577068
0.00563860
0.00555325
0.00600719
0.00642991
0.00636840
0.00576138
0.00589442
0.00602555
0.00574803
0.00554824
0.00622296
0.00558877
0.00570226
0.00660276
0.00610685
0.00569773
0.00582027
0.00563049
0.00568962
0.00578380
0.00630975
0.00578976
0.00570059
0.00569797
0.00602055
0.00556064
0.00562811
0.00622177
0.00558019
0.00567961
0.00640535
0.00611019
0.00553322
0.00560689
0.00548840
0.00546646
0.00560737
0.00593877
0.00552630
0.00561714
0.00587344
0.00556278
0.00561905
0.00557327
0.00556540
0.00545502
0.00561118
0.00555420
0.00559354
0.00571775
0.00596046
0.00551581
0.00547647
0.00590539
0.00559950
0.00562739
0.00616002
0.00588107
0.00560546
0.00567150
0.00563717
0.00545454
0.00565028
0.00596118
0.00560617
0.00565267
0.00610805
0.00559998
0.00562215
0.00570178
0.00569344
0.00556684
0.00571084
0.00609851
0.00610018
0.00564671
0.00566840
0.00547004
0.00555682
0.00566196
0.00572014
0.00577641
0.00601864
0.00610995
0.01307893
0.00812149
0.00646806
0.00579882
0.00643420
0.00624728
0.00594068
0.00585890
0.00586176
0.00628829
0.00584030
0.00574374
0.00698900
0.00595498
0.00571918
0.00587106
0.00567627
0.00560403
0.00576997
0.00607419
0.00576186
0.00580549
0.00601459
0.00570178
0.00572920
0.00559258
0.00579286
0.00577497
0.00588012
0.00703883
0.00619221
0.00590467
0.00598860
0.00572491
0.00571918
0.00579286
0.00627112
0.00637221
0.00615430
0.00592804
0.00634146
0.00581574
0.00583792
0.00649667
0.00585055
0.00575566
0.00643921
0.00634456
0.00596333
0.00580812
0.00574732
0.00569916
0.00576997
0.00583267
0.00636530
0.00632381
0.00594425
0.00584412
0.00570107
0.00567389
0.00590158
0.00612950
0.00582838
0.00590253
0.00586557
0.00578094
0.00583005
0.00581503
0.00631380
0.00572920
0.00603223
0.00662279
0.00620651
0.00576758
0.00592303
0.00573897
0.00574183
0.00568700
0.00585461
0.00622535
0.00621343
0.00582290
0.00594354
0.00576448
0.00576091
0.00586176
0.00625277
0.00578141
0.00583625
0.00606775
0.00585604
0.00577664
0.00579071
0.00614476
0.00583673
0.00587606
0.00699687
0.00615287
0.00585938
0.00604892
0.00601411
0.00583673
0.00601983
0.00647259
0.00635982
0.00647378
0.00608349
0.00622892
0.00608945
0.00598955
0.00608754
0.00667143
0.00659299
0.00592303
0.00615335
0.00641465
0.00635338
0.00616026
0.00674987
0.00586867
0.00588274
0.00603819
0.00696754
