0.00668383
0.00574255
0.00539684
0.00642967
0.00532198
0.00570989
0.00524426
0.00524569
0.00563312
0.00519943
0.00514865
0.00567484
0.00562239
0.00546694
0.00566792
0.00523925
0.00518775
0.00562310
0.00523973
0.00528097
0.00578237
0.00574160
0.00534296
0.00534701
0.00520229
0.00527596
0.00624251
0.00555372
0.00523663
0.00605798
0.00578952
0.00525355
0.00533605
0.00529432
0.00516009
0.00528288
0.00521421
0.00516081
0.00583029
0.00559902
0.00558114
0.00534248
0.00532699
0.00529337
0.00539660
0.00580788
0.00527167
0.00545907
0.00638247
0.00534296
0.00547314
0.00528073
0.00527787
0.00523138
0.00540590
0.00548458
0.00532675
0.00570154
0.00528955
0.00522089
0.00538182
0.00526690
0.00537729
0.00549150
0.00541353
0.00545955
0.00547171
0.00580454
0.00845003
0.00623703
0.00599694
0.00599432
0.00554800
0.00636744
0.00571680
0.00549221
0.00608802
0.00559330
0.00567555
0.00552440
0.00585842
0.00581813
0.00576377
0.00647402
0.00578451
0.00555944
0.00561666
0.00660014
0.00534272
0.00559068
0.00581741
0.00542808
0.00537801
0.00571656
0.00571823
0.00580692
0.00560236
0.00581479
0.00593972
0.00551462
0.00548840
0.00546479
0.00542164
0.00546741
0.00557613
0.00542378
0.00606203
0.00619841
0.00550675
0.00544882
0.00548959
0.00540352
0.00547361
0.00558662
0.00566006
0.00549984
0.00561142
0.00549626
0.00542784
0.00548244
0.00553989
0.00542903
0.00559926
0.00600147
0.00589824
0.00571871
0.00580812
0.00542712
0.00546479
0.00583649
0.00550437
0.00555563
0.00621462
0.00583386
0.00559878
0.00562596
0.00631213
0.00563526
0.00551581
0.00562930
0.00576973
0.00559497
0.00572109
0.00610161
0.00559306
0.00539470
0.00626111
0.00543952
0.00542974
0.00615549
0.00599861
0.00542760
0.00562406
0.00549936
0.00536871
0.00557113
0.00589442
0.00541949
0.00576401
0.00610256
0.00570059
0.00560904
0.00551081
0.00542641
0.00551319
0.00559711
0.00562406
0.00625181
0.00580287
0.00595140
0.00563073
0.00545335
0.00576568
0.00542188
0.00559211
0.00609779
0.00559044
0.00547075
0.00549483
0.00541234
0.00538301
0.00551033
0.00549793
0.00543284
0.00571179
0.00602174
0.00549722
0.00549817
0.00541925
0.00536418
0.00543070
0.00692105
0.00553012
0.00544310
0.00555921
0.00535703
0.00536633
0.00547147
0.00542283
0.00531173
0.00553179
0.00595045
0.00585246
0.00551558
0.00582051
0.00545001
0.00554538
0.00558734
0.00546336
0.00547504
0.00596333
0.00573111
0.00554109
0.00548887
0.00537682
0.00534773
0.00542951
0.00574327
0.00539589
0.00551367
0.00601554
0.00563741
0.00557041
0.00547028
0.00552273
0.00538588
0.00533819
0.00542474
0.00548339
0.00552630
0.00597215
0.00534725
0.00533366
0.00583625
0.00533676
0.00549221
0.00669193
0.00573540
0.00572872
0.00562119
0.00539780
0.00536394
0.00558448
0.00569081
0.00699997
0.00611258
0.00581932
0.00570941
0.00538349
0.00544500
0.00547600
0.00549626
0.00555158
0.00631404
0.00592041
0.00556588
0.00559545
0.00557852
0.00555634
0.00549102
0.00594139
0.00545406
0.00559235
0.00578403
0.00554562
0.00566483
0.00576925
0.00576806
0.00582933
0.00583220
0.00619459
0.00639939
0.00583911
0.00582314
0.00583720
0.00572181
0.00585961
0.00631022
0.00614047
0.00606489
0.00606942
0.00625730
0.00588465
0.00590062
0.00622892
0.00590801
0.00570107
0.00642800
0.00611711
0.00562954
0.00579786
0.00559735
0.00554037
0.00576568
0.00591302
0.00576544
0.00578737
0.00662327
0.00602531
0.00572109
0.00566530
0.00591612
0.00573564
0.00572968
0.00632119
0.00630832
0.00639439
0.00607562
0.00581074
0.00582695
0.00592637
0.00598288
0.00632095
0.00704002
0.00610638
0.00599885
0.00583577
0.00590539
0.00596666
0.00665998
0.00598359
0.00611901
0.00627589
0.00645113
0.00598216
0.00602770
0.00605989
0.00599360
0.00606942
0.00635529
0.00686216
0.00609374
0.00588512
0.00591183
0.00634861
0.00592136
0.00600815
0.00677800
0.00654578
0.00665474
0.00623894
0.00591564
0.00597453
0.00605726
0.00605893
0.00697565
0.00648546
0.00596356
0.00604486
0.00597048
0.00592279
0.00612330
0.00672340
0.00602412
