0.00260949
0.00587106
0.00527668
0.00591707
0.00551319
0.00576258
0.00617123
0.00570822
0.00581384
0.01115680
0.01106381
0.00704932
0.00649023
0.00545669
0.00536942
0.00508428
0.00590992
0.00552440
0.00520992
0.00505066
0.00517511
0.00502801
0.00506520
0.00503850
0.00540853
0.00494647
0.00543785
0.00490499
0.00572801
0.00499105
0.00565410
0.00494289
0.00500679
0.00491595
0.00492120
0.00489902
0.00779104
0.00605869
0.00559163
0.00569439
0.00508523
0.00543380
0.00499892
0.00550508
0.00504279
0.00501180
0.00496745
0.00541639
0.00505090
0.00526810
0.00502849
0.00507426
0.00508308
0.00533438
0.00498843
0.00500464
0.00497317
0.00495458
0.00493550
0.00499439
0.00499034
0.00498748
0.00500751
0.00504875
0.00559855
0.00515532
0.00517750
0.00504732
0.00502515
0.00494599
0.00498033
0.00493813
0.00505924
0.00494838
0.00506806
0.00495768
0.00561929
0.00543880
0.00542021
0.00501513
0.00512767
0.00499415
0.00500917
0.00499511
0.00518966
0.00500822
0.00520229
0.00510120
0.00582552
0.00548053
0.00510073
0.00538993
0.00513768
0.00511861
0.00522470
0.00518179
0.00529146
0.00517797
0.00520611
0.00504446
0.00565696
0.00554824
0.00521255
0.00505805
0.00518775
0.00504756
0.00508881
0.00506854
0.00529623
0.00512934
0.00516200
0.00505137
0.00569725
0.00554276
0.00522351
0.00508118
0.00514865
0.00507426
0.00508475
0.00506616
0.00530601
0.00516415
0.00521350
0.00509572
0.00591612
0.00554633
0.00571370
0.00539374
0.00542474
0.00522685
0.00522995
0.00520182
0.00534511
0.00528359
0.00525284
0.00549340
0.00545049
0.00526619
0.00560331
0.00539351
0.00518751
0.00519419
0.00517416
0.00519156
0.00528479
0.00528407
0.00519323
0.00532246
0.00537133
0.00566268
0.00526595
0.00568676
0.00529456
0.00531316
0.00522089
0.00563884
0.00523233
0.00570035
0.00516081
0.00611806
0.00580406
0.00527525
0.00523424
0.00535607
0.00511599
0.00516033
0.00511146
0.00522399
0.00519609
0.00540543
0.00515485
0.00583267
0.00564599
0.00526118
0.00511956
0.00525928
0.00510550
0.00517035
0.00516391
0.00529170
0.00511360
0.00523424
0.00504398
0.00579596
0.00557518
0.00550199
0.00516438
0.00583816
0.00519228
0.00521111
0.00515294
0.00526595
0.00520873
0.00524592
0.00550342
0.00574923
0.00535583
0.00514531
0.00516200
0.00518203
0.00509381
0.00508428
0.00514460
0.00514793
0.00514245
0.00515985
0.00534225
0.00538898
0.00546288
0.00818872
0.00636077
0.00565362
0.00533795
0.00509739
0.00518870
0.00511551
0.00515795
0.00523019
0.00570059
0.00523806
0.00521874
0.00519061
0.00512385
0.00508285
0.00507665
0.00508356
0.00520396
0.00514960
0.00516534
0.00537443
0.00535202
0.00519013
0.00545931
0.00520587
0.00559068
0.00514293
0.00536275
0.00514174
0.00517488
0.00512671
0.00516605
0.00556374
0.00531578
0.00524592
0.00522399
0.00520110
0.00517058
0.00508833
0.00507760
0.00513053
0.00517583
0.00512886
0.00513840
0.00547051
0.00536275
0.00533962
0.00519180
0.00517750
0.00516295
0.00512528
0.00533772
0.00517750
0.00516796
0.00515318
0.00516081
0.00529408
0.00525308
0.00521994
0.00519323
0.00516176
0.00516486
