0.00520754
0.00675130
0.00569630
0.00572205
0.00628257
0.00615430
0.00567293
0.00554562
0.00559688
0.00558090
0.00544262
0.00561476
0.00554466
0.00558496
0.00655222
0.00614285
0.00612879
0.00625825
0.00549173
0.00555706
0.00576830
0.00584292
0.00623655
0.00585032
0.00582528
0.00605774
0.00561166
0.00579786
0.00547957
0.00565648
0.00636888
0.00574040
0.00573921
0.00612164
0.00572157
0.00576067
0.00562048
0.00565052
0.00554180
0.00566530
0.00582409
0.00573063
0.00596666
0.00653601
0.00610948
0.00576067
0.00574303
0.00549841
0.00569439
0.00551796
0.00547481
0.00584221
0.00545359
0.00600171
0.00594163
0.00576711
0.00563860
0.00552750
0.00546145
0.00562263
0.00549150
0.00564694
0.00578284
0.00566626
0.00583291
0.00559163
0.00562382
0.00548911
0.00610209
0.00622988
0.00547552
0.00566268
0.00555587
0.00568461
0.00636196
0.00555086
0.00565147
0.00556874
0.00547290
0.00580716
0.00547028
0.00561643
0.00594878
0.00620770
0.00583553
0.00584340
0.00577617
0.00569892
0.00551653
0.00567293
0.00568724
0.00564075
0.00636268
0.00612450
0.00564718
0.00624180
0.00549865
0.00557232
0.00553608
0.00562263
0.00636673
0.00554967
0.00581503
0.00590134
0.00558305
0.00570798
0.00549674
0.00553417
0.00598264
0.00568461
0.00595641
0.00606155
0.00582743
0.00678492
0.00632477
0.00585175
0.00604916
0.00625515
0.00576758
0.00598812
0.00586295
0.00667191
0.00617623
0.00607347
