0.00269771
0.00588298
0.00530243
0.00559950
0.00559855
0.00519586
0.00602698
0.00539088
0.00545096
0.00509644
0.00539184
0.00521731
0.00536132
0.00530457
0.00558996
0.00511813
0.00529361
0.00507617
0.00567985
0.00551915
0.00824285
0.00643277
0.00640607
0.00638032
0.00647211
0.00635695
0.00599003
0.00646663
0.00644493
0.00554538
0.00508285
0.00506067
0.00497150
0.00494003
0.00502467
0.00501561
0.00507665
0.00502396
0.00508952
0.00509238
0.00544572
0.00503159
0.00555754
0.00500178
0.00498533
0.00493288
0.00527573
0.00494599
0.00507832
0.00497055
0.00556445
0.00543523
0.00510120
0.00542068
0.00505733
0.00500870
0.00494504
0.00500751
0.00501204
0.00500298
0.00503111
0.00516009
0.00508809
0.00532866
0.00596905
0.00567532
0.00499606
0.00495696
0.00493217
0.00506711
0.00495052
0.00511694
0.00546694
0.00565290
0.00565672
0.01097631
0.00992131
0.00697684
0.00600076
0.00540185
0.00520301
0.00522280
0.00524712
0.00516844
0.00515246
0.00558567
0.00510263
0.00498033
0.00498533
0.00794578
0.00603843
0.00543427
0.00578499
0.00507164
0.00509787
0.00492954
0.00506210
0.00494480
0.00497508
0.00492477
0.00504899
0.00498843
0.00510955
0.00493455
0.00558186
0.00539517
0.00506568
0.00538754
0.00508142
0.00495958
0.00495338
0.00497484
0.00502229
0.00500250
0.00495458
0.00527692
0.00506282
0.00502777
0.00505161
0.00500226
0.00496960
0.00495577
0.00493073
0.00506473
0.00501561
0.00544405
0.00499177
0.00558519
0.00508237
0.00552535
0.00497508
0.00507212
0.00493383
0.00495744
0.00489855
0.00504231
0.00506163
0.00512147
0.00492668
0.00554657
0.00545621
0.00511122
0.00514054
0.00502896
0.00493383
0.00493193
0.00499678
0.00500727
0.00501108
0.00499678
0.00514936
0.00507855
0.00539613
0.00503850
0.00548697
0.00506926
0.00498843
0.00495672
0.00545621
0.00499582
0.00507307
0.00497413
0.00564671
0.00546861
0.00507784
0.00494289
0.00505614
0.00504613
0.00497055
0.00605273
0.00649381
0.00578237
0.00503898
0.00593758
0.00548863
0.00513411
0.00499082
0.00510883
0.00503325
0.00510597
0.00497317
0.00506258
0.00500035
0.00506902
0.00532103
0.00522733
0.00540352
0.00505781
0.00503874
0.00502872
0.00496531
0.00502038
0.00548339
0.00502372
0.00549555
0.00499201
0.00575519
0.00546670
0.00510740
0.00495958
0.00507712
0.00528407
0.00499511
0.00498700
0.00510097
0.00502992
0.00504684
0.00538158
0.00513864
0.00506425
0.00512552
0.00505066
0.00507927
0.00500703
0.00497818
0.00549769
0.00502300
0.00548458
0.00498819
0.00572371
0.00546765
0.00515008
0.00495505
0.00922441
0.00909162
0.00846767
0.00701380
0.00567126
0.00589895
0.00536299
0.00504112
0.00508451
0.00502992
0.00495076
0.00493383
0.00500131
0.00510311
0.00544620
0.00502849
0.00559759
0.00510931
0.00560021
0.00499153
0.00512409
0.00499892
0.00499988
0.00497985
0.00518990
0.00498772
0.00510693
0.00517917
0.00521898
0.00515223
0.00570750
0.00509644
0.00508499
0.00501704
0.00499463
0.00513840
0.00507665
0.00551701
0.00504112
0.00593925
0.00516653
0.00514722
0.00501466
0.00510693
0.00502491
0.00505996
0.00499392
0.00517082
0.00503254
0.00511909
0.00523138
0.00521350
0.00519872
0.00506878
0.00506711
0.00505161
0.00499964
0.00499892
0.00512290
0.00512433
0.00547671
0.00506687
0.00586486
0.00519037
0.00514245
0.00501013
0.00510645
0.00498557
0.00499058
0.00499678
0.00519586
0.00498080
0.00508666
0.00516033
0.00546145
0.00525379
0.00507355
0.00511265
0.00503230
0.00495768
0.00484490
0.00494075
0.00499916
0.00533605
0.00490117
0.00544906
0.00499630
0.00546050
0.00487065
0.00500488
0.00498819
0.00499558
0.00494218
0.00507283
0.00499177
0.00512862
0.00496316
0.00584531
0.00505352
0.00811982
0.00615811
0.00541925
0.00511050
0.00504136
0.00501847
0.00551629
0.00504065
0.00556111
0.00509238
0.00576329
0.00502133
0.00512505
0.00496650
0.00498152
0.00495553
0.00508332
0.00495982
0.00508356
0.00500202
0.00560546
0.00526214
0.00507140
0.00504875
0.00509524
0.00498104
0.00495052
0.00509810
0.00506711
0.00548053
0.00501752
0.00581932
0.00507545
0.00511074
0.00497055
0.00507474
0.00498366
0.00500846
0.00497222
0.00509453
0.00496054
0.00507116
0.00503325
0.00556517
0.00521278
0.00748444
0.00611424
0.00540137
0.00507188
0.00501037
0.00498414
0.00511193
0.00497627
0.00553036
0.00505304
0.00557613
0.00504398
0.00560021
0.00496721
0.00553393
0.00551915
0.00568628
0.00568366
0.00505996
0.00532603
0.00513911
0.00530553
0.00496864
0.00526214
0.00499845
0.00520468
0.00498533
0.00537777
0.00537848
0.00510001
0.00516605
0.00552177
0.00538325
0.00544024
0.00510740
0.00505352
0.00502825
0.00505805
0.00503826
0.00527000
0.00499845
0.00499177
0.00524521
0.00502849
0.00561285
0.00497055
0.00505686
0.00486302
0.00560308
0.00537682
0.00557518
0.00515699
0.00497460
0.00522590
0.00508022
0.00531840
0.00491905
0.00533199
0.00491190
0.00485682
0.00487471
0.00531554
0.00486541
0.00536633
0.00484490
0.00560641
0.00532937
0.00496721
0.00483418
0.00493169
0.00482225
0.00486660
0.00530076
0.00511742
0.00608206
0.00498009
0.00509810
0.00504422
0.00492215
0.00489664
0.00534391
0.00489616
0.00483775
0.00487804
0.00533652
0.00489783
0.00537348
0.00486445
0.00560713
0.00532818
0.00501037
0.00489759
0.00499129
0.00491071
0.00519967
0.00499821
0.00549603
0.00506592
0.00525975
0.00512218
0.00505877
0.00529337
0.00494838
0.00537467
0.00493264
0.00487375
0.00485444
0.00539684
0.00488615
0.00496912
0.00486708
0.00556016
0.00536656
0.00523376
0.00490165
0.00501299
0.00486302
0.00487542
0.00498271
0.00501275
0.00495887
0.00493312
0.00507450
0.00505447
0.00535488
0.00492787
0.00534916
0.00496864
0.00491476
0.00485539
0.00535512
0.00489306
0.00540638
0.00491619
0.00543380
0.00537038
0.00498676
0.00485945
0.00499296
0.00487733
0.00487423
0.00483298
0.00491405
0.00482202
0.00489902
0.00489068
0.00542331
0.00497818
0.00734019
0.00584888
0.00525951
0.00500941
0.00488305
0.00487185
0.00486636
0.00484228
0.00506687
0.00496268
0.00489426
0.00489998
0.00486088
0.00484538
0.00479555
0.00478888
0.00486803
0.00489807
0.00497150
0.00495338
0.00498724
0.00493789
0.00533128
0.00485158
0.00530291
0.00996637
0.00651693
0.00568557
0.00520515
0.00498581
0.00491142
0.00493813
0.00516915
0.00485134
0.00527072
0.00885701
0.00649524
0.00568819
0.00513196
0.00500989
0.00481510
0.00537062
0.00495505
0.00508666
0.00504565
0.00503135
0.00497007
0.00497079
0.00501323
0.00483775
0.00490475
0.00483322
0.00491428
0.00491667
