0.00259018
0.00502181
0.00518417
0.00501084
0.00530553
0.00493956
0.00516844
0.00498056
0.00509429
0.00493455
0.00584245
0.00542021
0.00517130
0.00519991
0.00512791
0.00502658
0.00501466
0.00508904
0.00504470
0.00547171
0.00503898
0.00565505
0.00534415
0.00558686
0.00502205
0.00511408
0.00498033
0.00500035
0.00496650
0.00506949
0.00500798
0.00512385
0.00497222
0.00580645
0.00549841
0.00522280
0.00519085
0.00504637
0.00501776
0.00498557
0.00504684
0.00502133
0.00511289
0.00513124
0.00565767
0.00509620
0.00545025
0.00505471
0.00537801
0.00497437
0.00501919
0.00494361
0.00518632
0.00505424
0.00526762
0.00501156
0.00576615
0.00552750
0.00530720
0.00524473
0.00505996
0.00499892
0.00499845
0.00501347
0.00505400
0.00503111
0.00504184
0.00511694
0.00514913
0.00548601
0.00505710
0.00554562
0.00781608
0.00602937
0.00596523
0.00515342
0.00558186
0.00503182
0.00564599
0.00544834
0.00511622
0.00538993
0.01062107
0.00696683
0.00642991
0.00536227
0.00515795
0.00495338
0.00562358
0.00511980
0.00522733
0.00505972
0.00503802
0.00498748
0.00498247
0.00502491
0.00503325
0.00509095
0.00520873
0.00550580
0.00515771
0.00531936
0.00509548
0.00547695
0.00494814
0.00493097
0.00492287
0.00547552
0.00495267
0.00500679
0.00501800
0.00554872
0.00546861
0.00496912
0.00485849
0.00495648
0.00483274
0.00487924
0.00487375
0.00502372
0.00483131
0.00494099
0.00480771
0.00559783
0.00531077
0.00492048
0.00527453
0.00497079
0.00492978
0.00488377
0.00494123
0.00493717
0.00502658
0.00484705
0.00502014
0.00503802
0.00503397
0.00485897
0.00488448
0.00486255
0.00481462
0.00479984
0.00488091
0.00485468
0.00488901
0.00547981
0.00505614
0.00521851
0.00527763
0.00516748
0.00531483
0.00486469
0.00489163
0.00483656
0.00531840
0.00484633
0.00535727
0.00483131
0.00567269
0.00497007
0.00526881
0.00483632
0.00505900
0.00486207
0.00489187
0.00482702
0.00499368
0.00486159
0.00503993
0.00498843
0.00559306
0.00539279
0.00505233
0.00487161
0.00504088
0.00487185
0.00495076
0.00487137
0.00503087
0.00488496
0.00502658
0.00492644
0.00552893
0.00577354
0.00496626
0.00496554
0.00500250
0.00487089
0.00489593
0.00493789
0.00495458
0.00500011
0.00506496
0.00550699
0.00518155
0.00532103
0.00530362
0.00514674
0.00493932
0.00491190
0.00488281
0.00542760
0.00494170
0.00502038
0.00498295
0.00550246
0.00555110
0.00534296
0.00510049
0.00633121
0.00493765
0.00487900
0.00542641
0.00493717
0.00503874
0.00489545
0.00564122
0.00541663
0.00507140
0.00490332
0.00511837
0.00490189
0.00509167
0.00492358
0.00506163
0.00492239
0.00506520
0.00505257
0.00524449
0.00533795
0.00507188
0.00500989
0.00500798
0.00492573
0.00484228
0.00499201
0.00500250
0.00504136
0.00504136
0.00509143
0.00514913
0.00536203
0.00533891
0.00555730
0.00510836
0.00504017
0.00496745
0.00808072
0.00654173
0.00546074
0.00579143
0.00545311
0.00575304
0.00557637
0.00543332
0.00510716
0.00511360
0.00506759
0.00507402
0.00514030
0.00516653
0.00545907
0.00517011
0.00583053
0.00518489
0.00597191
0.00501299
0.00552034
0.00548267
0.00554943
0.00555468
0.00508571
0.00541735
0.00518584
0.00590849
0.00502586
0.00549650
0.00847721
0.00641537
0.00634384
0.00573826
0.00509620
0.00520992
0.00556922
0.00533319
0.00518084
0.00509238
0.00505114
0.00499201
0.00494981
0.00503373
0.00503707
0.00547457
0.00500822
0.00563383
0.00522304
0.00536942
0.01129055
0.00891805
0.00648546
0.00570965
0.00529695
0.00505280
0.00557160
0.00515652
0.00549269
0.00508833
0.00510168
0.00499153
0.00498033
0.00496197
0.00508213
0.00501275
0.00519395
0.00497890
0.00557494
0.00567675
0.00513268
0.00519061
0.00508976
0.00503826
0.00501251
0.00504780
0.00499773
0.00504041
0.00511599
0.00560284
0.00509953
0.00539470
0.00505018
0.00561023
0.00485349
0.00495720
0.00491190
0.00526333
0.00494218
0.00506306
0.00491858
0.00561476
0.00544858
0.00507164
0.00489044
0.00504541
0.00489354
0.00494194
0.00493026
0.00503898
0.00490856
0.00502157
0.00497246
0.00555491
0.00541425
0.01071501
0.00956392
0.00682306
0.00593138
0.00540018
0.00505042
0.00524259
0.00551271
0.00515485
0.00501156
0.00502348
0.00492311
0.00490427
0.00487757
0.00500393
0.00496793
0.00517344
0.00494242
0.00558496
0.00502419
0.00617123
0.00548029
0.00563049
0.00494742
0.00495410
0.00491500
0.00504684
0.00492072
0.00503802
0.00482321
0.00574350
0.00527048
0.00500250
0.00538373
0.00509453
0.00489402
0.00485563
0.00486946
0.00497556
0.00497723
0.00493503
0.00521779
0.00513577
0.00502539
0.00523353
0.00534296
0.00494075
0.00487161
0.00486565
0.00494504
0.00493431
0.00533724
0.00492406
0.00539947
0.00502563
0.00555754
0.00493097
0.00497460
0.00508118
0.00487638
0.00482726
0.00494099
0.00484920
0.00492859
0.00484896
0.00548697
0.00533891
0.00491357
0.00486779
0.00535655
0.00532651
0.00490093
0.00486660
0.00493860
0.00483370
0.00492263
0.00492811
0.00557137
0.00533223
0.00489593
0.00494361
0.00486970
0.00483131
0.00481391
0.00493240
0.00501394
0.00511599
0.00497127
0.00509524
0.00495195
0.00524664
0.00494075
0.00533247
0.00486684
0.00484157
0.00482130
0.00535679
0.00487757
0.00534964
0.00484657
0.00563979
0.00496006
0.00511193
0.00482059
0.00498724
0.00480127
0.00483179
0.00479221
0.00507259
0.00480223
0.00496292
0.00481153
0.00557351
0.00530744
0.00525165
0.00482059
0.00643992
0.00491667
0.00485206
0.00537157
