0.00256658
0.00545955
0.00488305
0.00571895
0.00494266
0.00520372
0.00492811
0.00543070
0.00494480
0.00497389
0.00488710
0.00531530
0.00486851
0.00534129
0.00488472
0.00542355
0.00496387
0.00525069
0.00489163
0.00532794
0.00487685
0.00484133
0.00483513
0.00489259
0.00490046
0.00492620
0.00489974
0.00514126
0.00543356
0.00520706
0.00509429
0.00503039
0.01040149
0.00775790
0.00668144
0.00547290
0.00534415
0.00496554
0.00556898
0.00545216
0.00504947
0.00491858
0.00501776
0.00540328
0.00499368
0.00489497
0.00543666
0.00493693
0.00544715
0.00494909
0.00575733
0.00512862
0.00567698
0.00494242
0.00505710
0.00493503
0.00493717
0.00490141
0.00543261
0.00496459
0.00541306
0.00491858
0.00550294
0.00500488
0.00542927
0.00499082
0.00547218
0.00496221
0.00499105
0.00487542
0.00542045
0.00492358
0.00540113
0.00497174
0.00555348
0.00503778
0.00531149
0.00500751
0.00551510
0.00502443
0.00494194
0.00494599
0.00502157
0.00503492
0.00512695
0.00503278
0.00511050
0.00510406
0.00532722
0.00506878
0.00499964
0.00498152
0.00494719
0.00508809
0.00501537
0.00503922
0.00499439
0.00500274
0.00526810
0.00561571
0.00512624
0.00824499
0.00630307
0.00561738
0.00522995
0.00495005
0.00512671
0.00501823
0.00510168
0.00495553
0.00552797
0.00550342
0.00518465
0.00503993
0.00524950
0.00520682
0.00521874
0.00518894
0.00532651
0.00523782
0.00531721
0.00519776
0.00604749
0.00598526
0.00543189
0.00543427
0.00540161
0.00534081
0.00534034
0.00520992
0.00505733
0.00511932
0.00504661
0.00545549
0.00518942
0.00523281
0.00722980
0.00551176
0.00507784
0.00512123
0.00510526
0.00553465
0.00534129
0.00552917
0.00505447
0.00601816
0.00515842
0.00527525
0.00508428
0.00512815
0.00501013
0.00502753
0.00497627
0.00549126
0.00503016
0.00556111
0.00501347
0.00606728
0.00511789
0.00526643
0.00852156
0.00650024
0.00574565
0.00524664
0.00552034
0.00504827
0.00554419
0.00502062
0.00590539
0.00516176
0.00601697
0.00503922
0.00513625
0.00500774
0.00544667
0.00525904
0.00512290
0.00499487
0.00576544
0.00554895
0.00562954
0.00548816
0.00573087
0.00584888
0.00514627
0.00511384
0.00551653
0.00518298
0.00554895
0.00510883
0.00504780
0.00523424
0.00558782
0.00514817
0.00515008
0.00524116
0.00507355
0.00499773
0.00500679
0.00509214
0.00550318
0.00521898
0.00532317
0.00520682
0.00529552
0.00523162
0.00529933
0.00510454
0.00513387
0.00512600
0.00533128
0.00510931
0.00503230
0.00515652
0.00548077
0.00543189
0.00528407
0.00532413
0.00520396
0.00521278
0.00507092
0.00501204
0.00497746
0.00508118
0.00502419
0.00503612
0.00503993
0.00538111
0.00560594
0.00546122
0.00501394
0.00502610
0.00501275
0.00495005
0.00495434
0.00497675
0.00522828
0.00529718
0.00503707
0.00507855
0.00555778
0.00510979
0.01099658
0.01079988
0.00701261
0.00644898
0.00539160
0.00527978
0.00495148
0.00551677
0.00518417
0.00514889
0.01068950
0.01073956
0.00956178
0.00668907
0.00635266
0.00575852
0.00582409
0.00555015
0.00531602
0.00523734
0.00504804
0.00480175
0.00489640
0.00483084
0.00494266
0.00484967
0.00497603
0.00488830
0.00550246
