0.00324893
0.00590038
0.00574660
0.00562954
0.00541401
0.00546193
0.00571513
0.00539637
0.00632215
0.00573349
0.00548220
0.00527883
0.00537539
0.00532389
0.00533080
0.00578523
0.00517321
0.00542951
0.00518298
0.00604701
0.00544095
0.00520372
0.00555182
0.00530243
0.00509191
0.00504303
0.00518227
0.00519419
0.00519466
0.00552821
0.00573182
0.00550890
0.00517249
0.00569105
0.00512099
0.00511861
0.00502992
0.00523281
0.00509834
0.00520015
0.00535822
0.00567365
0.00516582
0.00538230
0.00555825
0.00510192
0.00508118
0.00507760
0.00548053
0.00554252
0.00545835
0.00540495
0.00537825
0.00545931
0.00514412
0.00560737
0.00507212
0.00508261
0.00501966
0.00518584
0.00506878
0.00519657
0.00546598
0.00541043
0.00556278
0.00515127
0.00572324
0.00511956
0.00507593
0.00500321
0.00515604
0.00510669
0.00518417
0.00553131
0.00533056
0.00544024
0.00502801
0.00569248
0.00508690
0.00506830
0.00499225
0.00513768
0.00497031
0.00517273
0.00504160
0.00562954
0.00509953
0.00517964
0.00552630
0.01086140
0.00855160
0.00636196
0.00638175
0.00651908
0.00622940
0.00616360
0.00608230
0.00557327
0.00519013
0.00501657
0.00500584
0.00504398
0.00511456
0.00562048
0.00508952
0.00539160
0.00503826
0.00520444
0.00494337
0.00496316
0.00494885
0.00507092
0.00504255
0.00506353
0.00514388
0.00512314
0.00547171
0.00505042
0.00537109
0.00499940
0.00497985
0.00491238
0.00503039
0.00505233
0.00509191
0.00531507
0.00572801
0.00510168
0.00501466
0.00546956
0.00505233
0.00504494
0.00487971
0.00549030
0.00498700
0.00560331
0.00563788
0.00588584
0.00544667
0.00534463
0.00576472
0.00502110
0.00496411
0.00492454
0.00508881
0.00494528
0.00509143
0.00497699
0.00566077
0.00517297
0.00503874
0.00502229
0.00500298
0.00495672
0.00489902
0.00546551
0.00505567
0.00520229
0.00489545
0.00575590
0.00522327
0.00510073
0.00508213
0.00511742
0.00529742
0.00502539
0.00559855
0.00505161
0.00515985
0.00501847
0.00566888
0.00616407
0.00507879
0.00503135
0.00500226
0.00538945
0.00517797
0.00521278
0.00519729
0.00518370
0.00539637
0.00570250
0.00510883
0.00565767
0.00530601
0.00528264
0.00545192
0.00495958
0.00573087
0.00541615
0.00514460
0.00499392
0.00575352
0.00541997
0.00503922
0.00542736
0.00502515
0.00507712
0.00488877
0.00546384
0.00945926
0.00626540
0.00557780
0.00570607
0.00501657
0.00516510
0.00489759
0.00494814
0.00488234
0.00504136
0.00485611
0.00505686
0.00528264
0.00530386
0.00528288
0.00504375
0.00543642
0.00503135
0.00493956
0.00488448
0.00498366
0.00489116
0.00505733
0.00497270
0.00556469
0.00556064
0.00556588
0.00498295
0.00521207
0.00493646
0.00490332
0.00545311
0.00492167
0.00503087
0.00489569
0.00557518
0.00539279
0.00533247
0.00509048
0.00499487
0.00490975
0.00490618
0.00493622
0.00505567
0.00537896
0.00500703
0.00567889
0.00508118
0.00515366
0.00493979
0.00501800
0.00492287
0.00500345
0.00487256
0.00499868
0.00500512
0.00490832
0.00513506
0.00505733
0.00538659
0.00499940
0.00520992
0.00488091
0.00493503
0.00496459
0.00523663
0.00520372
0.00517726
0.00536585
0.00555396
0.00531578
0.00553393
0.00548720
0.00525022
0.00493217
0.00491357
0.00502324
0.00495172
0.00511408
0.00503564
0.00558352
0.00517774
0.00529790
0.00538254
0.00508761
0.00494719
0.00487804
0.00512719
0.00488901
0.00505519
0.00490808
0.00568366
0.00540304
0.00519991
0.00500584
0.00504398
0.00490308
0.00492001
0.00543165
0.00499511
0.00521660
0.00493836
0.00556374
0.00544357
0.00507450
0.00506639
0.00499749
0.00497890
0.00493622
0.00495934
0.00489974
0.00496578
0.00496292
0.00555491
0.00520301
0.00556040
0.00557590
0.00511241
0.00540948
0.00497031
0.00497580
0.00499892
0.00497770
0.00502467
0.00550175
0.00509787
0.00541115
0.00495720
0.00510883
0.00498724
0.00501490
0.00489235
0.00519180
0.00496030
0.00516033
0.00515771
0.00521851
0.00537038
0.00503683
0.00555825
0.00498462
0.00498486
0.00493622
0.00505590
0.00488305
0.00509691
0.00489831
0.00571489
0.00503945
0.00504827
0.00495553
0.00503325
0.00487947
0.00491357
0.00540972
0.00497675
0.00503850
0.00492930
0.00558496
0.00571346
0.00503492
0.00513005
0.00544930
0.00494194
0.00490093
0.00548315
0.00494242
0.00562954
0.00493574
0.00579596
0.00545311
0.00503755
0.00507402
0.00494552
0.00494552
0.00491023
0.00543928
0.00501084
0.00551629
0.00505853
0.00566840
0.00551677
0.00544453
0.00506568
0.00506163
0.00499177
0.00495696
0.00547552
0.00503063
0.00512767
0.00498509
0.00588465
0.00551414
0.00513959
0.00505662
0.00505042
0.00496078
0.00499797
0.00551319
0.00507474
0.00529909
0.00510430
0.00564194
0.00562954
0.00519252
0.00539541
0.00568891
0.00509143
0.00506139
0.00532246
0.00501919
0.00514674
0.00503039
0.00569391
0.00547457
0.00517774
0.00511074
0.00511432
0.00506663
0.00506163
0.00508809
0.00505185
0.00557256
0.00507069
0.00573301
0.00553036
0.00524044
0.00516105
0.00510383
0.00507116
0.00501823
0.00507355
0.00510526
0.00551581
0.00504684
0.00571060
0.00552201
0.00523329
0.00509763
0.00526762
0.00503039
0.00502706
0.00506997
0.00511765
0.00545955
0.00513697
0.00585318
0.00555682
0.00514913
0.00511122
0.00519466
0.00539851
0.00499463
0.00508356
0.00511503
0.00551248
0.00502300
0.00571299
0.00553441
0.00516820
0.00505376
0.00511312
0.00498366
0.00503993
0.00500631
0.00504255
0.00548172
0.00509477
0.00577688
0.00508237
0.00517416
0.00498915
0.00516033
0.00498867
0.00505710
0.00511932
0.00504279
0.00508499
0.00510645
0.00559688
0.00514746
0.00577354
0.00502062
0.00528669
0.00499558
0.00503755
0.00503755
0.00515366
0.00511098
0.00511289
0.00525236
0.00515151
0.00551796
0.00506520
0.00531125
0.00499415
0.00506186
0.00549865
0.00513673
0.00506401
