0.00943112
0.00579596
0.00558877
0.00580573
0.00542998
0.00560522
0.00543380
0.00536895
0.00540280
0.00622892
0.00533223
0.00533175
0.00537133
0.00538087
0.00514984
0.00554419
0.00561404
0.00639200
0.00539041
0.00507569
0.00503159
0.00504780
0.00512576
0.00512362
0.00537610
0.00549126
0.00498533
0.00498199
0.00513959
0.00500846
0.00504851
0.00572062
0.00545979
0.00506282
0.00511384
0.00499415
0.00494361
0.00504303
0.00514126
0.00545955
0.00504708
0.00517154
0.00546360
0.00505829
0.00504255
0.00570059
0.00508642
0.00501943
0.00553083
0.00541687
0.00501561
0.00515795
0.00500870
0.00495434
0.00510669
0.00551963
0.00521255
0.00507307
0.00505447
0.00502920
0.00498629
0.00509024
0.00500298
0.00498700
0.00510788
0.00550628
0.00548291
0.00612116
0.00571990
0.00514650
0.00502110
0.00504327
0.00516057
0.00517130
0.00556588
0.00512290
0.00512791
0.00500536
0.00500250
0.00506687
0.00505424
0.00502777
0.00576663
0.00558329
0.00506306
0.00505853
0.00503516
0.00500774
0.00497770
0.00516510
0.00514722
0.00510550
0.00507045
0.00554061
0.00500894
0.00498033
0.00506759
0.00497103
0.00504923
0.00560212
0.00539970
0.00512719
0.00512338
0.00510907
0.00497651
0.00511599
0.00536966
0.00536513
0.00513053
0.00516009
0.00544834
0.00504994
0.00507092
0.00551271
0.00506878
0.00545239
0.00587678
0.00543880
0.00501728
0.00752902
0.00686789
0.00577879
0.00586176
0.00582194
0.00546837
0.00552726
0.00539351
0.00517678
0.00520992
0.00566816
0.00516462
0.00529599
0.00526595
0.00518680
0.00514340
0.00517964
0.00514293
0.00513196
0.00524735
0.00602698
0.00540996
0.00531721
0.00531983
0.00519061
0.00515079
0.00530434
0.00566840
0.00519800
0.00526881
0.00526595
0.00519133
0.00523639
0.00524211
0.00515270
0.00516677
0.00519347
0.00601315
0.00573635
0.00522447
0.00523496
0.00510192
0.00519085
0.00524783
0.00561285
0.00513196
0.00522494
0.00523901
0.00564456
0.00518751
0.00511050
0.00558591
0.00516701
0.00520682
0.00573492
0.00555515
0.00574708
0.00526381
0.00517082
0.00519013
0.00514555
0.00529766
0.00527430
0.00522304
0.00532317
0.00614381
0.00518084
0.00509620
0.00518966
0.00513268
0.00518918
0.00590158
0.00578713
0.00532818
0.00523925
0.00518274
0.00531363
0.00539827
0.00532150
0.00590205
0.00540018
0.00521445
0.00521946
0.00509715
0.00515127
0.00523925
0.00564694
0.00515580
0.00523043
0.00528264
0.00523019
0.00514245
0.00524497
0.00521302
0.00512552
0.00524545
0.00599813
0.00530887
0.00543571
0.00522518
0.00508690
0.00507212
0.00520301
0.00557399
0.00510359
0.00528932
0.00590682
0.00517583
0.00517821
0.00513244
0.00562739
0.00511622
0.00519085
0.00667620
0.00545430
0.00513768
0.00521827
0.00508380
0.00507426
0.00520110
0.00555730
0.00512528
0.00524330
0.00583076
0.00556827
0.00537324
0.00577879
0.00624537
0.00531650
0.00526023
0.00595164
0.00587130
0.00523114
0.00540495
0.00522876
0.00573039
0.00566268
0.00556755
0.00598431
0.00508332
0.00511885
0.00538039
0.00579596
0.00546598
0.00501013
0.00559974
0.00538611
0.00544143
0.00504351
0.00541019
0.00508356
0.00510573
0.00556874
0.00586581
0.00496030
0.00525498
0.00505590
0.00537610
0.00536323
0.00500321
0.00555754
0.00507379
0.00505376
0.00572133
0.00540543
0.00496507
0.00504303
0.00499415
0.00488567
0.00503016
0.00524306
0.00534129
0.00501347
0.00500607
0.00498319
0.00495458
0.00498915
0.00499749
0.00494003
0.00503063
0.00600219
0.00564480
0.00498676
0.00507545
0.00488806
0.00488019
0.00505471
0.00501609
0.00494123
0.00548029
0.00577617
0.00503683
0.00553536
0.00492883
0.00493979
0.00491905
0.00504279
0.00501180
0.00503755
0.00505066
0.00571275
0.00496268
0.00493956
0.00509262
0.00498843
0.00497079
0.00561905
0.00533295
0.00528288
0.00502491
0.00503016
0.00489807
0.00501156
0.00507522
0.00535321
0.00502396
0.00513339
0.00498676
0.00493407
0.00498080
0.00540733
0.00491977
0.00503588
0.00580335
0.00550103
0.00500965
0.00498891
0.00488806
0.00493360
0.00503492
0.00541735
0.00493526
0.00558567
0.00571060
0.00505471
0.00503922
0.00491333
0.00489998
0.00490999
0.00495601
0.00504041
0.00501060
0.00503182
0.00539494
0.00491691
0.00494456
0.00505948
0.00487828
0.00501156
0.00544405
0.00498915
0.00522137
0.00501990
0.00491524
0.00486827
0.00500417
0.00538015
0.00490403
0.00504494
0.00508547
0.00502348
0.00499058
0.00489163
0.00500035
0.00493407
0.00520134
0.00558329
0.00558472
0.00528622
0.00529218
0.00524235
0.00514698
0.00537753
0.00571775
0.00523829
0.00542212
0.00564480
0.00536847
0.00525522
0.00515413
0.00518036
0.00522208
0.00530124
0.00554276
0.00608635
0.00538087
0.00527763
0.00516629
0.00516558
0.00521374
0.00586772
0.00543094
0.00530839
