0.00305510
0.00591397
0.00515890
0.00520182
0.00515151
0.00510645
0.00527358
0.00495696
0.00496459
0.00516176
0.00495291
0.00506663
0.00530314
0.00562477
0.00538993
0.00515366
0.00510550
0.00502801
0.00496602
0.00500894
0.00547647
0.00501180
0.00539923
0.00498104
0.00596499
0.00545692
0.00521708
0.00503922
0.00513816
0.00515676
0.00505280
0.00514412
0.00507545
0.00516009
0.00520563
0.00567174
0.00521183
0.00588036
0.00510931
0.00517440
0.00505972
0.00506020
0.00558662
0.00518823
0.00516152
0.00514412
0.00526643
0.00561833
0.00561023
0.00507951
0.00558639
0.00514126
0.00505829
0.00502014
0.00514340
0.00502419
0.00522113
0.00503159
0.00600719
0.00556517
0.00513554
0.00515175
0.00511861
0.00501227
0.00497723
0.00505781
0.00507569
0.00555491
0.00507951
0.00568008
0.00514913
0.00512671
0.00515723
0.00513482
0.00501585
0.00502276
0.00501132
0.00510693
0.00512314
0.00506997
0.00515461
0.00518942
0.00514865
0.00538516
0.00534034
0.00507355
0.00548935
0.00502801
0.00536537
0.00503349
0.00570011
0.00560832
0.00525093
0.00519967
0.00516176
0.00573444
0.00505781
0.00523067
0.00505424
0.00556993
0.00562167
0.00511169
0.00518227
0.00557017
0.00554943
0.00502324
0.00542355
0.00508404
0.00536394
0.00498390
0.00563622
0.00543261
0.00507545
0.00559449
0.00571132
0.00519133
0.00513577
0.00526786
0.00510049
0.00559545
0.00510550
0.00554943
0.00526834
0.00511861
0.00542784
0.00591946
0.00563979
0.01092601
0.00849032
0.00860453
0.00781846
0.00729322
0.00736952
0.00604343
0.00556469
0.00509381
0.00498796
0.00491095
0.00490975
0.00495911
0.00497270
0.00544786
0.00499821
0.00561833
0.00508833
0.00562763
0.00496459
0.00507951
0.00493240
0.00493455
0.00491905
0.00508666
0.00496173
0.00504470
0.00535083
0.00548291
0.00534821
0.00499678
0.00539327
0.00493956
0.00498199
0.00488424
0.00544620
0.00491834
0.00512171
0.00489211
0.00559354
0.00541162
0.00505805
0.00501680
0.00509548
0.00493479
0.00493193
0.00491428
0.00493503
0.00491738
0.00555778
0.00546312
0.00507975
0.00562382
0.00499964
0.00512409
0.00491476
0.00490546
0.00488520
0.00498080
0.00492406
0.00548196
0.00508833
0.00565505
0.00502992
0.00730538
0.00587559
0.00523257
0.00502825
0.00488830
0.00495744
0.00492597
0.00503492
0.00543571
0.00506091
0.00533581
0.00516152
0.00510478
0.00490475
0.00490570
0.00488591
0.00502872
0.00500226
0.00499916
0.00498271
0.00568199
0.00507784
0.00501823
0.00497603
0.00497222
0.00491071
0.00486374
0.00497818
0.00507689
0.00541377
0.00537324
0.00570416
0.00500321
0.00514388
0.00491238
0.00511122
0.00490856
0.00495720
0.00486541
0.00511336
0.00492525
0.00507855
0.00507021
0.00535131
0.00540400
0.00506067
0.00549889
0.00500298
0.00495386
0.00492239
0.00625372
0.00570941
0.00549698
0.00570536
0.00505877
0.00562549
0.00503159
0.00517726
0.00487328
0.00501084
0.00487065
0.00510168
0.00707555
0.00588012
0.00588655
0.00582957
0.00530291
0.00527716
0.00527740
0.00501490
0.00489378
0.00551963
0.00495815
0.00552416
0.00554633
0.00564837
0.00547457
0.00515771
0.00504041
0.00506258
0.00495481
0.00492382
0.00494981
0.00499344
0.00495791
0.00512481
0.00552773
0.00509739
0.00531983
0.00504351
0.00514269
0.00489497
0.00491524
0.00489593
0.00503445
0.00497890
0.00523233
0.00511122
0.00564981
0.00527883
0.00502849
0.00502467
0.00500751
0.00491929
0.00488734
0.00547504
0.00495982
0.00553346
0.00495458
0.00573897
0.00550127
0.00511789
0.00492644
0.00511432
0.00493526
0.00496888
0.00495601
0.00509834
0.00500393
0.00498676
0.00512862
0.00526047
0.00531197
0.00531197
0.00556660
0.00497770
0.00497890
0.00493932
0.00519156
0.00518680
0.00522923
0.00494766
0.00560093
0.00517511
0.00518894
0.00499582
0.00505137
0.00499678
0.00491881
0.00500464
0.00499439
0.00541925
0.00501204
0.00574780
0.00502181
0.00523591
0.00493097
0.00506878
0.00492525
0.00497866
0.00489545
0.00514674
0.00497603
0.00504375
0.00519514
0.00555229
0.00601172
0.00503469
0.00542426
0.00498438
0.00500607
0.00485134
0.00513077
0.00493479
0.00499940
0.00493193
0.00556087
0.00543714
0.00503469
0.00504613
0.00501919
0.00496840
0.00487900
0.00494337
0.00494862
0.00498915
0.00493121
0.00509834
0.00521040
0.00541711
0.00502920
0.00543690
0.00490761
0.00492883
0.00505471
0.00507140
0.00487995
0.00505781
0.00493908
0.00557113
0.00548530
0.00502181
0.00502110
0.00494528
0.00491405
0.00491858
0.00495028
0.00499415
0.00501704
0.00501990
0.00553012
0.00509095
0.00530553
0.00504518
0.00506973
0.00489593
0.00488353
0.00486159
0.00503159
0.00489163
0.00503373
0.00496149
0.00567341
0.00567722
0.00753307
0.00594354
0.00559163
0.00557232
0.00595808
0.00539207
0.00516009
0.00492907
0.00557208
0.00544381
0.00507379
0.00503063
0.00502777
0.00494313
0.00488997
0.00497484
0.00497198
0.00497746
0.00494456
0.00505018
0.00507164
0.00526261
0.00494504
0.00540185
0.00493026
0.00497365
0.00490379
0.00550842
0.00488329
0.00512528
0.00490069
0.00559211
0.00542498
0.00510478
0.00497794
0.00507665
0.00497794
0.00497818
0.00501537
0.00497961
0.00536442
0.00498319
0.00555873
0.00500154
0.00553536
0.00540948
0.00512242
0.00517559
0.00487185
0.00485730
0.00505400
0.00489545
0.00511789
0.00534058
0.00559187
0.00541759
0.00507283
0.00537372
0.00498772
0.00507832
0.00492454
0.00543094
0.00488877
0.00502753
0.00490785
0.00568366
0.00541759
0.00532389
0.00507545
0.00501013
0.00497890
0.00507712
0.00501943
0.00505781
0.00532293
0.00504231
0.00538754
0.00501132
0.00554490
0.00496268
0.00517654
0.00541854
0.00496292
0.00496626
0.00567412
0.00539899
0.00499439
0.00541258
0.00506711
0.00581098
0.00504518
0.00576162
0.00496721
0.00524259
0.00538063
0.00513196
0.00496507
0.00578380
0.00555468
0.00570393
0.00534153
0.00506306
0.00540686
0.00500727
0.00542116
0.00497222
0.00516844
0.00528502
0.00509834
0.00520611
0.00579548
0.00513864
0.00783467
0.00681734
0.00545573
0.00522661
0.00511146
0.00495601
0.00517654
0.00495911
0.00581884
0.00546789
0.00532079
0.00527024
0.00499249
0.00492167
0.00489926
0.00508332
0.00495076
0.00549364
0.00500417
0.00579476
0.00505900
0.00562358
0.00494504
0.00513959
0.00539136
0.00498295
0.00491881
0.00510502
0.00513959
0.00499916
0.00514913
0.00531554
0.00552058
0.00499940
0.00556493
0.00511575
0.00499034
0.00492644
0.00526190
0.00495458
0.00510526
0.00494027
0.00553226
0.00554895
0.00502777
0.00511622
0.00497627
0.00495863
0.00492263
0.00500107
0.00500131
0.00499988
0.00508857
0.00555944
0.00506210
0.00540519
0.00526881
0.00515723
0.00489235
0.00503945
0.00488901
0.00506544
0.00492501
0.00508261
0.00495958
0.00571084
0.00548482
0.00519490
0.00514245
0.00511599
0.00502372
0.00501418
0.00500774
0.00498605
0.00499701
0.00501442
0.00551105
0.00510716
0.00557041
0.00503993
