198.000,214.000,34.000,81.000
196.892,214.665,34.000,81.000
194.898,214.886,34.000,81.000
192.903,216.438,34.000,81.000
191.352,217.102,34.000,81.000
191.074,219.888,33.275,79.273
189.556,222.708,33.275,79.273
187.170,226.395,33.275,79.273
188.254,230.949,33.275,79.273
188.905,230.732,33.275,79.273
189.989,229.214,33.275,79.273
192.809,227.696,33.275,79.273
196.062,225.744,33.275,79.273
199.749,223.358,33.275,79.273
203.002,220.973,33.275,79.273
207.556,217.286,33.275,79.273
213.412,208.394,33.275,79.273
216.665,199.068,33.275,79.273
216.393,195.524,32.565,77.582
214.931,205.015,33.286,79.299
214.338,208.865,34.022,81.053
216.032,217.861,34.775,82.846
218.979,226.247,34.775,82.846
221.472,227.380,34.775,82.846
223.512,228.967,34.775,82.846
225.552,231.460,34.775,82.846
229.405,234.860,34.775,82.846
233.711,233.727,34.775,82.846
237.564,233.047,34.775,82.846
242.588,233.776,35.544,84.679
247.453,232.618,35.544,84.679
251.855,232.386,35.544,84.679
257.183,234.471,35.544,84.679
261.585,233.313,35.544,84.679
265.523,230.301,35.544,84.679
268.254,228.163,36.331,86.553
271.806,226.032,36.331,86.553
275.358,227.689,36.331,86.553
278.437,228.873,36.331,86.553
281.515,230.057,36.331,86.553
286.014,232.662,36.331,86.553
295.249,237.161,36.331,86.553
299.023,239.888,37.135,88.468
301.877,239.663,37.956,90.425
300.174,237.379,38.796,92.426
300.532,234.521,39.654,94.471
297.680,231.598,40.532,96.561
296.887,233.448,40.532,96.561
296.095,234.768,40.532,96.561
296.887,235.561,40.532,96.561
296.623,236.882,40.532,96.561
297.415,238.203,40.532,96.561
295.038,232.127,40.532,96.561
293.717,232.919,40.532,96.561
292.924,230.013,40.532,96.561
293.717,230.806,40.532,96.561
292.924,231.070,40.532,96.561
289.490,227.107,40.532,96.561
286.027,226.861,41.429,98.697
283.057,227.131,41.429,98.697
279.007,226.861,41.429,98.697
274.416,226.051,41.429,98.697
268.746,225.781,41.429,98.697
264.156,224.431,41.429,98.697
259.025,225.241,41.429,98.697
254.435,226.051,41.429,98.697
249.845,226.861,41.429,98.697
245.794,228.212,41.429,98.697
241.812,231.606,40.545,96.593
237.319,229.756,40.545,96.593
232.827,232.663,40.545,96.593
227.277,233.456,40.545,96.593
220.142,228.964,40.545,96.593
213.536,227.114,40.545,96.593
205.872,225.793,40.545,96.593
198.737,226.057,40.545,96.593
191.074,228.435,40.545,96.593
182.353,227.642,40.545,96.593
175.218,229.492,40.545,96.593
171.254,231.870,40.545,96.593
164.648,233.192,40.545,96.593
159.222,233.458,39.680,94.533
153.274,230.613,39.680,94.533
146.808,225.699,39.680,94.533
140.860,219.233,39.680,94.533
136.463,216.906,39.680,94.533
134.135,218.199,39.680,94.533
131.290,220.526,39.680,94.533
127.411,224.406,39.680,94.533
123.532,224.147,39.680,94.533
121.721,227.509,39.680,94.533
122.497,229.837,39.680,94.533
123.790,233.716,39.680,94.533
119.394,220.526,39.680,94.533
114.997,209.923,39.680,94.533
111.183,207.690,38.834,92.517
110.865,207.457,38.006,90.544
112.464,210.094,37.196,88.613
114.496,214.076,36.402,86.723
115.570,217.059,35.626,84.874
117.196,215.898,35.626,84.874
118.357,214.737,35.626,84.874
117.660,211.718,35.626,84.874
120.214,209.629,35.626,84.874
121.375,206.146,35.626,84.874
124.113,200.148,36.414,86.752
127.198,197.062,36.414,86.752
130.284,199.198,36.414,86.752
132.894,198.012,36.414,86.752
134.556,199.198,36.414,86.752
137.641,201.809,36.414,86.752
142.151,205.369,36.414,86.752
148.084,207.505,36.414,86.752
151.169,202.521,36.414,86.752
151.881,192.315,36.414,86.752
154.967,187.331,36.414,86.752
158.329,186.655,35.638,84.902
162.515,185.993,34.878,83.091
167.050,188.851,34.134,81.319
170.387,190.408,34.134,81.319
174.614,191.076,34.134,81.319
178.396,192.188,34.134,81.319
182.178,190.631,34.134,81.319
184.625,188.629,34.134,81.319
187.517,186.626,34.134,81.319
189.965,183.289,34.134,81.319
192.412,180.397,34.134,81.319
196.194,178.395,34.134,81.319
198.196,177.282,34.134,81.319
201.088,180.620,34.134,81.319
202.646,181.732,34.134,81.319
206.428,181.509,34.134,81.319
208.430,181.287,34.134,81.319
211.322,182.844,34.134,81.319
213.324,178.617,34.134,81.319
214.882,172.610,34.134,81.319
215.994,169.273,34.134,81.319
215.772,167.271,34.134,81.319
218.219,167.049,34.134,81.319
217.551,166.826,34.134,81.319
219.109,167.939,34.134,81.319
219.776,168.606,34.134,81.319
222.223,169.273,34.134,81.319
224.671,171.276,34.134,81.319
229.966,183.508,33.406,79.585
230.952,187.504,32.694,77.888
232.739,186.486,31.997,76.227
234.889,185.892,31.314,74.601
235.419,186.097,30.646,73.011
235.939,187.838,29.993,71.454
237.201,190.673,29.353,69.930
236.960,194.184,28.727,68.439
238.645,196.618,28.727,68.439
241.454,191.938,28.727,68.439
245.216,183.604,29.363,69.953
247.869,173.896,30.013,71.500
250.987,170.466,30.677,73.082
252.515,165.302,31.355,74.699
253.945,163.462,31.355,74.699
256.355,163.272,32.049,76.352
256.146,163.481,32.049,76.352
256.773,163.690,32.049,76.352
258.653,163.899,32.049,76.352
261.368,164.525,32.049,76.352
264.327,175.205,31.366,74.724
266.167,181.133,31.366,74.724
268.416,179.702,31.366,74.724
270.256,177.863,31.366,74.724
272.504,180.929,31.366,74.724
273.430,183.893,30.697,73.130
274.830,186.494,30.697,73.130
275.351,188.238,30.042,71.571
277.896,186.084,30.042,71.571
281.017,183.058,30.707,73.154
285.453,174.151,31.386,74.773
288.931,171.082,31.386,74.773
291.999,166.377,31.386,74.773
293.431,161.672,31.386,74.773
291.999,158.195,31.386,74.773
290.976,158.808,31.386,74.773
289.544,158.195,31.386,74.773
288.522,159.217,31.386,74.773
288.317,159.831,31.386,74.773
287.703,160.036,31.386,74.773
287.908,161.058,31.386,74.773
287.703,162.900,31.386,74.773
287.908,160.649,31.386,74.773
288.113,161.672,31.386,74.773
288.317,158.195,31.386,74.773
288.060,159.978,30.717,73.178
289.862,159.778,30.717,73.178
289.261,161.579,30.717,73.178
289.396,163.324,30.062,71.618
289.984,165.480,30.062,71.618
289.004,166.851,30.062,71.618
288.808,166.263,30.062,71.618
287.437,167.243,30.062,71.618
287.241,167.047,30.062,71.618
286.653,168.027,30.062,71.618
287.162,169.735,29.421,70.090
287.738,168.776,29.421,70.090
289.463,167.050,29.421,70.090
290.806,164.174,29.421,70.090
290.230,164.749,29.421,70.090
291.189,165.324,29.421,70.090
291.381,167.434,29.421,70.090
291.956,168.776,29.421,70.090
291.764,168.968,29.421,70.090
293.107,171.844,29.421,70.090
291.764,171.269,29.421,70.090
291.189,171.844,29.421,70.090
289.080,170.885,29.421,70.090
287.738,173.378,29.421,70.090
287.546,175.104,29.421,70.090
286.971,175.679,29.421,70.090
286.012,173.953,29.421,70.090
285.820,174.529,29.421,70.090
285.628,175.487,29.421,70.090
285.820,172.611,29.421,70.090
284.478,173.186,29.421,70.090
285.437,174.912,29.421,70.090
284.478,177.405,29.421,70.090
283.136,180.665,29.421,70.090
281.410,183.925,29.421,70.090
280.451,186.417,29.421,70.090
279.109,186.993,29.421,70.090
277.383,186.801,29.421,70.090
276.424,186.609,29.421,70.090
275.082,186.417,29.421,70.090
272.973,185.842,29.421,70.090
270.480,184.116,29.421,70.090
268.370,183.541,29.421,70.090
266.261,181.815,29.421,70.090
264.535,181.240,29.421,70.090
262.043,182.199,29.421,70.090
259.550,182.007,29.421,70.090
258.207,182.966,29.421,70.090
256.098,184.308,29.421,70.090
254.372,185.650,29.421,70.090
252.647,187.760,29.421,70.090
251.304,190.252,29.421,70.090
248.812,193.129,29.421,70.090
245.935,196.772,29.421,70.090
243.826,200.799,29.421,70.090
241.717,203.292,29.421,70.090
239.607,201.949,29.421,70.090
237.115,200.991,29.421,70.090
234.238,200.032,29.421,70.090
232.129,198.690,29.421,70.090
230.020,197.347,29.421,70.090
227.910,197.923,29.421,70.090
225.417,198.881,29.421,70.090
224.075,204.826,29.421,70.090
222.349,203.483,29.421,70.090
219.836,203.305,30.072,71.641
218.856,206.637,30.072,71.641
217.484,208.793,30.072,71.641
216.504,210.949,30.072,71.641
215.916,213.497,30.072,71.641
215.328,212.909,30.072,71.641
214.348,211.929,30.072,71.641
212.584,210.949,30.072,71.641
210.036,210.753,30.072,71.641
208.272,210.165,30.072,71.641
207.292,211.145,30.072,71.641
205.136,213.301,30.072,71.641
202.980,216.241,30.072,71.641
201.608,219.181,30.072,71.641
199.844,218.985,30.072,71.641
199.256,217.613,30.072,71.641
199.060,215.457,30.072,71.641
199.648,214.085,30.072,71.641
199.060,217.025,30.072,71.641
198.080,218.005,30.072,71.641
196.708,221.337,30.072,71.641
195.728,224.277,30.072,71.641
195.924,227.217,30.072,71.641
196.120,223.885,30.072,71.641
197.884,215.849,30.072,71.641
199.648,212.125,30.072,71.641
201.020,209.577,30.072,71.641
202.392,208.205,30.072,71.641
203.372,207.617,30.072,71.641
201.616,209.061,30.737,73.226
199.821,211.784,31.417,74.846
199.261,214.143,32.112,76.502
199.470,213.515,32.112,76.502
198.424,211.632,32.112,76.502
199.051,211.841,32.112,76.502
197.168,209.957,32.112,76.502
197.796,208.911,32.112,76.502
197.168,207.446,32.112,76.502
195.703,205.981,32.112,76.502
196.331,206.190,32.112,76.502
194.866,208.074,32.112,76.502
195.493,209.120,32.112,76.502
194.447,211.422,32.112,76.502
193.400,213.306,32.112,76.502
191.935,213.515,32.112,76.502
190.470,214.143,32.112,76.502
188.168,215.190,32.112,76.502
185.447,216.655,32.112,76.502
183.145,218.538,32.112,76.502
180.005,220.003,32.112,76.502
176.447,219.376,32.112,76.502
172.401,217.009,32.823,78.195
169.192,216.367,32.823,78.195
165.983,215.298,32.823,78.195
164.485,217.223,32.823,78.195
162.132,220.860,32.823,78.195
159.779,224.497,32.823,78.195
157.426,226.422,32.823,78.195
154.645,223.641,32.823,78.195
152.292,222.143,32.823,78.195
149.083,224.069,32.823,78.195
147.585,226.422,32.823,78.195
145.660,227.492,32.823,78.195
144.162,228.989,32.823,78.195
142.665,229.631,32.823,78.195
142.023,228.561,32.823,78.195
140.953,229.203,32.823,78.195
139.884,228.133,32.823,78.195
138.814,227.064,32.823,78.195
138.600,227.278,32.823,78.195
137.959,228.347,32.823,78.195
138.172,226.850,32.823,78.195
137.531,226.208,32.823,78.195
138.600,227.706,32.823,78.195
139.242,228.347,32.823,78.195
139.028,229.417,32.823,78.195
140.953,230.059,32.823,78.195
141.595,232.840,32.823,78.195
141.381,236.477,32.823,78.195
141.167,240.113,32.823,78.195
141.381,242.467,32.823,78.195
141.684,242.711,33.549,79.925
143.652,240.743,33.549,79.925
144.745,240.525,33.549,79.925
146.713,239.431,33.549,79.925
146.932,241.837,33.549,79.925
149.337,238.557,33.549,79.925
149.119,237.901,33.549,79.925
150.649,236.807,33.549,79.925
150.431,237.463,33.549,79.925
151.086,235.495,33.549,79.925
151.742,236.589,33.549,79.925
151.524,235.495,33.549,79.925
150.868,234.840,33.549,79.925
151.086,235.933,33.549,79.925
151.305,235.277,33.549,79.925
149.775,235.058,33.549,79.925
149.556,233.965,33.549,79.925
148.463,234.184,33.549,79.925
146.932,233.528,33.549,79.925
146.276,232.434,33.549,79.925
145.158,230.125,32.833,78.221
145.715,224.978,32.133,76.553
146.259,223.170,31.448,74.920
146.054,224.604,31.448,74.920
145.439,224.399,31.448,74.920
145.182,226.976,30.777,73.322
145.784,225.973,30.777,73.322
145.583,226.575,30.777,73.322
146.987,225.572,30.777,73.322
146.386,225.371,30.777,73.322
146.987,225.973,30.777,73.322
147.589,226.174,30.777,73.322
148.993,225.973,30.777,73.322
149.595,224.569,30.777,73.322
150.999,224.369,30.777,73.322
150.397,226.174,30.777,73.322
150.999,229.183,30.777,73.322
150.799,231.791,30.777,73.322
151.400,230.386,30.777,73.322
152.805,229.785,30.777,73.322
152.203,231.189,30.777,73.322
154.008,230.988,30.777,73.322
154.209,231.189,30.777,73.322
155.212,231.791,30.777,73.322
155.814,231.189,30.777,73.322
155.613,233.395,30.777,73.322
156.215,232.392,30.777,73.322
156.817,233.797,30.777,73.322
157.418,233.195,30.777,73.322
158.421,235.401,30.777,73.322
159.023,234.398,30.777,73.322
159.625,233.395,30.777,73.322
159.023,236.404,30.777,73.322
159.625,238.611,30.777,73.322
160.227,237.207,30.777,73.322
160.427,239.012,30.777,73.322
161.029,238.009,30.777,73.322
160.026,239.814,30.777,73.322
159.424,241.219,30.777,73.322
160.427,241.018,30.777,73.322
160.227,242.823,30.777,73.322
160.829,241.820,30.777,73.322
159.826,244.428,30.777,73.322
160.829,243.826,30.777,73.322
161.029,246.033,30.777,73.322
162.032,244.228,30.777,73.322
162.233,241.219,30.777,73.322
162.834,239.012,30.777,73.322
162.634,237.207,30.777,73.322
163.236,239.814,30.777,73.322
164.239,238.410,30.777,73.322
164.840,237.809,30.777,73.322
164.640,240.817,30.777,73.322
165.242,242.623,30.777,73.322
166.646,241.620,30.777,73.322
166.846,240.617,30.777,73.322
167.849,240.015,30.777,73.322
168.852,240.216,30.777,73.322
169.855,239.614,30.777,73.322
170.457,238.210,30.777,73.322
171.460,238.410,30.777,73.322
172.062,237.809,30.777,73.322
171.861,238.410,30.777,73.322
172.062,238.210,30.777,73.322
172.664,238.811,30.777,73.322
172.463,237.808,30.777,73.322
173.466,238.009,30.777,73.322
173.667,239.012,30.777,73.322
173.065,240.015,30.777,73.322
174.870,239.413,30.777,73.322
174.670,240.015,30.777,73.322
175.673,239.413,30.777,73.322
176.676,240.817,30.777,73.322
178.481,239.012,30.777,73.322
180.286,241.620,30.777,73.322
182.092,239.413,30.777,73.322
183.496,237.608,30.777,73.322
185.301,239.814,30.777,73.322
186.705,239.614,30.777,73.322
187.708,239.012,30.777,73.322
189.113,241.219,30.777,73.322
191.319,239.012,30.777,73.322
193.124,239.614,30.777,73.322
194.529,238.611,30.777,73.322
196.735,238.410,30.777,73.322
197.738,237.809,30.777,73.322
199.543,238.410,30.777,73.322
202.151,238.210,30.777,73.322
203.555,240.015,30.777,73.322
205.762,239.814,30.777,73.322
207.166,240.817,30.777,73.322
209.373,241.820,30.777,73.322
211.579,242.422,30.777,73.322
213.786,243.024,30.777,73.322
215.992,244.027,30.777,73.322
218.600,245.431,30.777,73.322
220.965,241.082,31.458,74.945
223.631,239.647,31.458,74.945
225.886,239.032,31.458,74.945
228.551,238.827,31.458,74.945
231.627,239.442,31.458,74.945
234.703,241.287,31.458,74.945
238.598,241.082,31.458,74.945
243.314,242.517,31.458,74.945
248.030,244.363,31.458,74.945
252.574,242.895,32.154,76.603
256.350,242.265,32.866,78.298
260.209,242.066,33.593,80.030
299.135,180.529,34.336,81.801
297.121,170.459,34.336,81.801
294.660,168.892,34.336,81.801
291.750,167.326,34.336,81.801
291.079,166.207,34.336,81.801
289.960,166.878,34.336,81.801
288.841,166.207,34.336,81.801
286.834,166.001,33.604,80.056
285.715,168.332,32.887,78.349
283.380,171.440,32.186,76.678
282.308,174.077,31.500,75.043
278.818,176.336,31.500,75.043
277.380,177.362,31.500,75.043
274.301,175.104,31.500,75.043
272.043,176.541,31.500,75.043
270.195,177.978,31.500,75.043
267.936,179.005,31.500,75.043
265.268,180.442,31.500,75.043
262.188,181.468,31.500,75.043
260.751,182.495,31.500,75.043
257.261,182.289,31.500,75.043
254.592,183.316,31.500,75.043
252.744,183.521,31.500,75.043
250.486,183.727,31.500,75.043
247.406,185.985,31.500,75.043
243.916,188.654,31.500,75.043
240.426,190.502,31.500,75.043
235.704,190.296,31.500,75.043
231.392,190.912,31.500,75.043
226.260,190.296,31.500,75.043
220.717,191.323,31.500,75.043
215.584,191.117,31.500,75.043
209.630,190.502,31.500,75.043
204.087,189.064,31.500,75.043
198.544,190.912,31.500,75.043
193.001,188.654,31.500,75.043
188.689,185.985,31.500,75.043
183.146,187.422,31.500,75.043
178.835,185.985,31.500,75.043
172.881,186.601,31.500,75.043
167.338,185.574,31.500,75.043
160.563,186.190,31.500,75.043
155.020,185.574,31.500,75.043
149.887,183.727,31.500,75.043
144.639,181.405,32.196,76.703
139.711,178.597,32.909,78.400
135.564,175.282,33.637,80.135
131.325,175.078,34.381,81.908
125.598,174.869,35.142,83.720
119.268,177.033,35.919,85.572
113.284,180.215,36.714,87.466
108.259,182.847,36.714,87.466
103.713,183.565,36.714,87.466
98.590,185.328,37.526,89.401
94.432,187.040,37.526,89.401
90.274,190.220,37.526,89.401
91.986,223.239,37.526,89.401
87.339,223.973,37.526,89.401
82.692,221.771,37.526,89.401
77.066,218.592,37.526,89.401
68.506,214.923,37.526,89.401
60.732,209.620,38.357,91.379
56.982,200.870,38.357,91.379
53.732,190.120,38.357,91.379
49.982,182.871,38.357,91.379
45.232,180.621,38.357,91.379
41.982,179.371,38.357,91.379
38.732,181.621,38.357,91.379
35.982,182.871,38.357,91.379
32.232,182.621,38.357,91.379
28.482,184.371,38.357,91.379
24.732,185.621,38.357,91.379
20.482,186.871,38.357,91.379
15.232,205.120,38.357,91.379
9.483,210.370,38.357,91.379
4.733,211.620,38.357,91.379
1.483,213.870,38.357,91.379
-1.767,212.620,38.357,91.379
-5.017,212.870,38.357,91.379
-8.267,210.120,38.357,91.379
-10.017,212.370,38.357,91.379
-13.267,213.620,38.357,91.379
-14.517,216.370,38.357,91.379
-16.267,217.120,38.357,91.379
-18.017,218.370,38.357,91.379
-21.267,221.620,38.357,91.379
-26.517,238.870,38.357,91.379
-28.767,243.120,38.357,91.379
-30.017,245.870,38.357,91.379
-29.767,243.620,38.357,91.379
-28.517,241.370,38.357,91.379
-27.767,239.620,38.357,91.379
-29.017,240.370,38.357,91.379
-28.267,239.120,38.357,91.379
-27.517,237.870,38.357,91.379
-27.767,236.120,38.357,91.379
-28.017,237.370,38.357,91.379
-27.767,235.620,38.357,91.379
-26.017,236.870,38.357,91.379
-22.475,236.639,37.539,89.430
-20.896,240.658,36.738,87.523
-17.783,241.856,36.738,87.523
-18.980,236.348,36.738,87.523
-20.629,225.692,37.551,89.460
-18.426,208.804,37.551,89.460
-17.692,202.196,37.551,89.460
-15.979,200.483,37.551,89.460
-14.266,198.280,37.551,89.460
-11.084,194.609,37.551,89.460
-7.902,183.106,37.551,89.460
-1.784,177.966,37.551,89.460
-24.545,211.007,37.551,89.460
-15.888,213.612,36.750,87.552
-5.569,210.621,35.966,85.685
1.229,212.731,35.966,85.685
10.372,208.745,35.966,85.685
18.663,208.078,35.199,83.858
26.336,206.539,34.449,82.069
33.844,204.601,33.714,80.319
41.193,201.010,32.995,78.606
49.629,199.568,32.292,76.930
57.479,202.214,31.603,75.289
65.924,200.360,31.603,75.289
72.721,200.978,31.603,75.289
79.107,202.832,31.603,75.289
87.552,201.802,31.603,75.289
94.761,200.772,31.603,75.289
96.615,210.041,31.603,75.289
102.588,214.778,31.603,75.289
110.621,215.808,31.603,75.289
118.242,214.778,31.603,75.289
126.275,212.925,31.603,75.289
134.721,211.071,31.603,75.289
140.694,212.513,31.603,75.289
149.551,210.659,31.603,75.289
155.936,212.925,31.603,75.289
162.733,211.483,31.603,75.289
169.009,209.581,32.302,76.955
176.798,208.108,32.302,76.955
185.430,210.845,32.302,76.955
191.536,215.266,32.302,76.955
198.484,218.424,32.302,76.955
204.168,222.003,32.302,76.955
208.589,223.056,32.302,76.955
214.274,225.371,32.302,76.955
215.747,228.108,32.302,76.955
213.861,224.418,33.017,78.658
215.952,220.645,33.747,80.398
214.852,217.346,33.747,80.398
216.831,214.926,33.747,80.398
218.371,213.826,33.747,80.398
218.591,212.287,33.747,80.398
220.131,214.266,33.747,80.398
218.160,216.344,34.494,82.177
221.982,212.971,34.494,82.177
226.254,209.599,34.494,82.177
229.176,205.777,34.494,82.177
232.099,201.505,34.494,82.177
235.717,193.497,33.758,80.424
239.018,189.317,33.758,80.424
242.758,186.896,33.758,80.424
247.379,187.556,33.758,80.424
253.319,187.776,33.758,80.424
258.380,190.197,33.758,80.424
263.440,193.497,33.758,80.424
269.821,192.397,33.758,80.424
275.611,194.018,34.505,82.204
335.658,133.972,34.505,82.204
331.835,129.249,34.505,82.204
330.685,131.643,33.769,80.451
331.786,135.825,33.769,80.451
331.566,139.566,33.769,80.451
332.562,142.758,33.049,78.735
331.916,144.696,33.049,78.735
333.307,148.235,32.345,77.056
334.361,164.467,32.345,77.056
334.909,169.556,31.655,75.413
335.528,172.651,31.655,75.413
336.972,172.032,31.655,75.413
337.178,170.587,31.655,75.413
338.210,170.794,31.655,75.413
339.241,171.000,31.655,75.413
339.035,171.619,31.655,75.413
338.003,173.476,31.655,75.413
336.147,175.333,31.655,75.413
336.766,179.253,31.655,75.413
334.496,182.347,31.655,75.413
337.591,186.267,31.655,75.413
339.035,188.537,31.655,75.413
339.241,188.743,31.655,75.413
340.273,187.712,31.655,75.413
340.892,186.680,31.655,75.413
340.686,184.823,31.655,75.413
341.222,177.076,30.980,73.805
341.020,181.720,30.980,73.805
338.799,187.576,30.980,73.805
341.180,197.862,31.665,75.438
350.054,207.150,31.665,75.438
345.021,184.680,30.990,73.829
346.435,188.114,30.990,73.829
348.128,196.883,30.329,72.254
348.325,203.801,30.329,72.254
348.458,214.289,29.682,70.714
348.265,222.221,29.682,70.714
349.232,225.510,29.682,70.714
349.813,227.251,29.682,70.714
350.006,226.670,29.682,70.714
350.199,228.411,29.682,70.714
348.845,230.539,29.682,70.714
350.199,232.667,29.682,70.714
349.619,233.635,29.682,70.714
350.586,234.602,29.682,70.714
351.167,234.409,29.682,70.714
350.973,231.894,29.682,70.714
351.103,232.834,29.049,69.206
352.807,226.965,29.049,69.206
352.997,225.261,29.049,69.206
354.322,225.071,29.049,69.206
355.647,225.261,29.049,69.206
354.701,225.071,29.049,69.206
355.269,225.261,29.049,69.206
355.837,225.071,29.049,69.206
355.269,224.125,29.049,69.206
355.458,224.314,29.049,69.206
355.647,225.261,29.049,69.206
354.701,225.829,29.049,69.206
355.269,224.882,29.049,69.206
354.701,222.799,29.049,69.206
353.375,219.959,29.049,69.206
352.807,220.149,29.049,69.206
351.482,220.338,29.049,69.206
350.535,220.149,29.049,69.206
350.346,218.445,29.049,69.206
351.293,217.119,29.049,69.206
350.346,218.445,29.049,69.206
350.535,216.741,29.049,69.206
351.758,224.596,28.430,67.730
350.090,218.110,28.430,67.730
348.422,216.443,28.430,67.730
348.978,217.740,28.430,67.730
347.310,217.554,28.430,67.730
347.496,219.593,28.430,67.730
346.940,219.407,28.430,67.730
346.013,220.704,28.430,67.730
346.569,219.037,28.430,67.730
348.237,216.628,28.430,67.730
347.681,215.331,28.430,67.730
348.520,215.517,27.824,66.285
349.691,218.147,27.230,64.872
348.093,222.584,27.230,64.872
347.916,224.181,27.230,64.872
345.964,224.713,27.230,64.872
345.076,220.986,27.230,64.872
343.118,218.243,27.833,66.307
341.122,218.425,27.833,66.307
338.401,232.393,27.833,66.307
337.131,231.486,27.833,66.307
334.410,232.756,27.833,66.307
333.140,224.592,27.833,66.307
331.145,211.713,27.833,66.307
328.061,207.178,27.833,66.307
324.252,201.554,27.833,66.307
