450.000,91.000,31.000,37.000
443.982,97.018,31.000,37.000
435.419,101.924,30.339,36.211
430.053,104.410,30.339,36.211
421.673,109.211,29.692,35.439
416.165,111.389,29.692,35.439
411.426,112.542,29.692,35.439
409.504,114.207,29.692,35.439
408.463,116.190,29.059,34.683
410.344,117.163,28.439,33.943
409.819,117.644,27.833,33.220
407.298,118.724,27.833,33.220
404.536,120.045,27.833,33.220
400.574,118.484,27.833,33.220
398.053,120.765,27.833,33.220
392.650,126.408,27.833,33.220
382.685,133.972,27.833,33.220
381.124,137.214,27.833,33.220
381.484,141.897,27.833,33.220
401.570,137.043,27.239,32.511
399.807,145.856,27.239,32.511
398.515,151.614,27.239,32.511
396.880,157.283,26.658,31.818
388.407,161.502,26.090,31.139
384.672,160.858,25.533,30.475
381.441,159.803,24.989,29.825
379.110,157.939,24.456,29.189
379.848,153.613,24.456,29.189
375.734,151.609,24.456,29.189
357.483,146.228,24.456,29.189
356.008,143.388,24.997,29.835
354.606,141.555,24.997,29.835
354.930,139.722,24.997,29.835
359.042,142.015,24.464,29.199
370.967,146.342,24.464,29.199
373.364,147.772,23.942,28.576
377.598,145.603,23.942,28.576
374.603,150.044,23.942,28.576
372.434,151.387,23.942,28.576
371.505,151.490,23.942,28.576
371.402,152.626,23.942,28.576
369.646,156.654,23.942,28.576
368.716,157.377,23.942,28.576
369.852,155.002,23.942,28.576
373.261,153.865,23.942,28.576
374.603,152.936,23.942,28.576
376.352,154.137,23.432,27.967
375.140,152.389,22.932,27.370
376.822,151.103,22.932,27.370
375.827,152.825,22.443,26.787
372.051,157.569,22.443,26.787
376.116,156.268,21.964,26.215
378.106,157.500,21.964,26.215
373.274,163.090,21.964,26.215
372.042,169.059,21.964,26.215
372.916,174.544,21.496,25.656
373.949,175.444,21.038,25.109
373.736,177.198,20.589,24.574
373.416,177.756,21.044,25.118
377.138,174.397,21.044,25.118
380.134,174.669,21.044,25.118
381.314,172.602,21.510,25.673
383.263,171.952,21.510,25.673
384.655,169.818,21.510,25.673
386.232,168.426,21.510,25.673
387.445,168.611,21.051,25.126
383.206,176.669,20.602,24.590
383.682,177.530,20.163,24.066
390.520,174.182,19.733,23.552
396.394,182.439,19.733,23.552
383.540,184.227,19.733,23.552
384.489,186.201,19.312,23.050
383.651,188.133,18.900,22.559
382.102,189.682,18.900,22.559
381.439,190.630,18.497,22.077
382.636,190.071,18.497,22.077
385.748,189.034,18.497,22.077
386.454,189.700,18.907,22.566
388.003,188.966,18.907,22.566
387.269,187.906,18.907,22.566
386.292,189.640,18.503,22.085
384.137,191.476,18.503,22.085
383.795,192.250,18.109,21.614
384.967,191.803,17.723,21.153
383.668,190.962,17.723,21.153
381.909,191.191,17.723,21.153
382.172,192.670,17.345,20.702
385.090,196.635,17.345,20.702
385.614,197.159,17.345,20.702
388.681,196.635,17.345,20.702
391.749,196.710,17.345,20.702
391.824,197.383,17.345,20.702
391.793,198.253,16.975,20.260
388.937,198.326,16.975,20.260
388.482,199.460,16.613,19.828
387.551,198.528,16.613,19.828
386.830,199.500,16.259,19.405
386.339,199.009,16.259,19.405
389.776,198.097,16.259,19.405
392.856,197.154,15.912,18.992
392.101,196.125,15.912,18.992
391.483,195.233,15.912,18.992
392.238,193.928,15.912,18.992
391.483,195.233,15.912,18.992
392.787,195.164,15.912,18.992
389.973,197.841,15.912,18.992
380.981,201.067,15.912,18.992
380.158,202.527,15.573,18.587
378.447,201.365,15.240,18.190
376.014,200.116,15.240,18.190
374.897,199.524,15.240,18.190
370.229,200.642,15.240,18.190
365.385,201.533,14.915,17.802
362.747,202.112,14.915,17.802
362.100,200.751,14.597,17.423
362.793,200.814,14.597,17.423
361.344,198.610,14.597,17.423
359.392,198.673,14.597,17.423
358.448,197.729,14.597,17.423
358.178,197.490,14.286,17.051
358.271,196.662,13.981,16.687
357.781,196.433,13.683,16.332
357.073,196.777,13.391,15.983
357.495,197.115,13.106,15.642
356.708,195.701,12.826,15.309
356.365,195.278,12.553,14.982
360.622,191.836,12.285,14.663
359.782,191.431,12.023,14.350
358.961,189.134,11.767,14.044
355.710,190.018,11.516,13.745
355.016,190.330,11.771,14.049
355.386,189.158,11.520,13.749
356.036,186.766,11.274,13.456
356.953,186.582,11.034,13.169
356.291,184.658,10.798,12.888
356.900,184.301,10.568,12.613
357.584,183.952,10.343,12.344
358.425,183.525,10.122,12.081
357.902,182.349,9.906,11.824
357.637,181.940,9.695,11.571
359.393,180.330,9.488,11.325
359.928,180.253,9.286,11.083
359.911,180.642,9.088,10.847
359.819,180.568,8.894,10.615
360.395,181.088,8.704,10.389
360.524,181.308,8.519,10.168
351.470,171.015,8.707,10.392
352.971,174.057,8.900,10.622
343.751,164.977,9.097,10.857
344.180,164.979,9.298,11.098
336.276,160.574,9.100,10.861
335.565,167.174,9.301,11.101
327.968,168.259,9.103,10.865
335.673,168.186,8.909,10.633
333.939,166.274,9.106,10.868
344.720,174.182,9.307,11.109
344.161,174.494,9.109,10.872
343.530,169.767,9.310,11.112
343.978,170.002,9.112,10.875
353.297,180.770,9.313,11.116
356.224,179.146,9.115,10.879
356.653,176.782,9.316,11.120
356.091,168.445,9.522,11.366
358.927,170.919,9.733,11.617
351.948,160.237,9.526,11.369
351.886,156.914,9.736,11.621
352.111,157.321,9.529,11.373
352.389,155.532,9.740,11.625
351.886,159.180,9.532,11.377
351.226,159.694,9.743,11.628
351.613,157.266,9.535,11.380
352.468,157.030,9.332,11.138
352.761,156.722,9.133,10.900
352.517,157.104,8.938,10.668
353.987,160.228,8.747,10.440
353.753,160.739,8.561,10.218
354.023,160.670,8.378,10.000
353.450,160.672,8.200,9.787
352.958,153.992,8.025,9.578
353.336,156.436,8.202,9.790
353.389,156.848,8.027,9.581
352.974,155.515,7.856,9.377
352.437,156.889,7.689,9.177
351.836,157.991,7.859,9.380
351.433,159.119,8.033,9.587
350.805,159.624,8.210,9.799
346.519,169.080,8.210,9.799
344.004,168.195,8.210,9.799
344.323,167.380,8.210,9.799
346.696,167.699,8.210,9.799
347.157,166.672,8.210,9.799
349.105,166.920,8.210,9.799
349.638,167.216,8.392,10.016
346.804,166.616,8.578,10.238
345.647,165.335,8.395,10.019
344.452,164.647,8.395,10.019
344.054,162.655,8.395,10.019
344.374,159.651,8.580,10.241
354.257,169.534,8.580,10.241
359.269,168.921,8.770,10.468
360.669,168.278,8.770,10.468
361.161,168.467,8.770,10.468
361.728,167.749,8.770,10.468
362.599,166.878,8.770,10.468
364.301,163.436,8.770,10.468
364.566,161.355,8.770,10.468
363.015,159.274,8.770,10.468
360.329,156.891,8.770,10.468
358.853,154.734,8.770,10.468
358.167,153.637,8.964,10.699
358.911,152.917,9.163,10.936
360.491,151.853,9.365,11.178
361.435,151.016,9.573,11.425
361.889,150.480,9.573,11.425
361.435,150.686,9.573,11.425
361.146,150.562,9.573,11.425
360.939,150.108,9.573,11.425
360.650,148.745,9.573,11.425
361.273,148.062,9.784,11.678
361.484,146.500,9.784,11.678
361.610,144.432,9.784,11.678
362.247,142.245,10.001,11.936
362.807,140.476,10.001,11.936
362.419,138.966,10.001,11.936
362.807,136.766,10.001,11.936
362.247,134.911,10.001,11.936
361.945,134.005,10.001,11.936
362.419,132.581,10.001,11.936
363.239,131.157,10.001,11.936
362.937,130.769,10.001,11.936
362.376,129.949,10.001,11.936
361.901,129.820,10.001,11.936
361.082,129.259,10.001,11.936
360.693,129.561,10.001,11.936
360.391,128.741,10.001,11.936
361.039,128.784,10.001,11.936
360.823,127.965,10.001,11.936
360.348,127.490,10.001,11.936
360.995,127.188,10.001,11.936
358.960,126.564,10.222,12.201
358.122,125.726,10.222,12.201
359.048,125.065,10.222,12.201
359.710,123.282,10.004,11.940
360.098,122.462,10.004,11.940
360.573,120.779,10.004,11.940
359.667,118.405,10.004,11.940
359.278,116.463,10.004,11.940
359.753,114.176,10.004,11.940
359.278,110.940,10.004,11.940
360.185,107.703,10.004,11.940
360.832,104.207,10.004,11.940
362.083,100.884,10.004,11.940
364.026,96.784,10.004,11.940
366.140,92.944,10.004,11.940
369.032,88.153,10.004,11.940
370.628,83.536,10.004,11.940
370.067,72.013,10.004,11.940
370.542,72.143,10.004,11.940
371.103,68.115,10.225,12.205
382.880,56.338,10.225,12.205
383.454,52.588,10.225,12.205
381.557,50.339,10.225,12.205
388.835,42.266,10.225,12.205
392.320,38.958,10.225,12.205
395.893,35.385,10.225,12.205
405.738,28.245,10.007,11.944
417.178,24.317,10.007,11.944
421.625,20.647,10.007,11.944
427.539,18.532,10.007,11.944
434.908,20.057,10.229,12.209
442.532,21.982,10.455,12.479
454.910,25.634,10.686,12.755
462.177,29.369,10.459,12.483
469.377,34.851,10.236,12.217
475.572,42.429,10.017,11.956
480.302,49.845,9.804,11.701
489.141,59.699,9.804,11.701
488.675,65.239,9.804,11.701
492.245,74.861,9.595,11.452
499.902,84.670,9.595,11.452
498.129,91.694,9.390,11.207
486.804,102.791,9.598,11.455
487.591,101.093,9.598,11.455
489.123,99.230,9.598,11.455
489.081,97.367,9.598,11.455
489.868,95.670,9.598,11.455
490.738,94.221,9.598,11.455
492.269,92.192,9.598,11.455
493.056,90.163,9.598,11.455
494.236,88.968,9.393,11.211
495.816,87.064,9.393,11.211
496.424,85.403,9.393,11.211
496.870,83.336,9.393,11.211
497.883,82.809,9.393,11.211
498.734,80.662,9.393,11.211
500.071,79.001,9.393,11.211
500.516,78.069,9.393,11.211
501.773,76.812,9.393,11.211
503.353,75.070,9.393,11.211
502.988,74.057,9.393,11.211
504.487,72.882,9.393,11.211
505.257,71.707,9.393,11.211
506.756,70.127,9.393,11.211
507.052,68.801,9.193,10.972
506.774,68.127,9.193,10.972
507.607,66.581,9.193,10.972
508.123,65.986,9.193,10.972
509.669,65.232,9.193,10.972
510.343,63.527,9.193,10.972
510.859,62.853,9.193,10.972
511.929,62.020,9.193,10.972
512.048,60.315,9.193,10.972
511.692,59.799,9.193,10.972
512.128,59.601,9.193,10.972
512.643,58.768,9.193,10.972
513.714,58.332,9.193,10.972
514.229,57.499,9.193,10.972
514.269,57.063,9.193,10.972
513.912,56.548,9.193,10.972
513.714,56.825,9.193,10.972
514.150,56.865,9.193,10.972
513.873,56.984,9.193,10.972
513.516,57.420,9.193,10.972
512.921,56.905,9.193,10.972
513.040,57.817,9.193,10.972
512.445,58.411,9.193,10.972
512.881,58.848,9.193,10.972
512.207,60.315,9.193,10.972
511.216,60.830,9.193,10.972
509.510,62.536,9.193,10.972
508.916,63.527,9.193,10.972
508.241,64.598,9.193,10.972
506.536,66.462,9.193,10.972
505.783,68.087,9.193,10.972
504.712,69.713,9.193,10.972
503.243,71.780,8.997,10.738
501.729,74.535,8.997,10.738
500.371,76.514,8.997,10.738
498.469,79.037,8.997,10.738
496.180,82.258,8.997,10.738
493.694,84.505,8.805,10.509
492.289,87.885,8.805,10.509
490.884,90.430,8.805,10.509
488.263,94.342,8.805,10.509
485.977,97.639,8.617,10.285
483.487,100.576,8.617,10.285
481.035,104.161,8.433,10.066
479.325,106.962,8.433,10.066
478.488,110.637,8.433,10.066
477.943,112.783,8.433,10.066
477.106,115.148,8.433,10.066
476.415,116.858,8.433,10.066
478.223,118.823,8.253,9.851
481.819,119.571,8.253,9.851
482.282,122.312,8.253,9.851
477.462,125.952,8.077,9.641
478.194,128.984,8.077,9.641
480.598,132.991,8.077,9.641
478.124,136.858,8.077,9.641
477.572,139.614,7.905,9.435
468.467,140.603,7.905,9.435
469.115,142.684,7.905,9.435
471.270,145.184,7.737,9.234
473.973,146.285,7.737,9.234
476.543,148.121,7.737,9.234
474.040,149.622,7.737,9.234
472.868,150.332,7.572,9.037
472.854,150.082,7.410,8.844
471.032,144.488,7.410,8.844
479.338,142.025,7.252,8.656
487.691,148.814,7.252,8.656
492.790,151.473,7.252,8.656
500.142,151.629,7.252,8.656
501.576,152.475,7.097,8.471
505.754,158.556,6.946,8.291
512.361,166.765,7.100,8.474
520.766,172.105,7.257,8.661
529.358,174.900,7.417,8.853
537.901,174.484,7.417,8.853
546.683,173.158,7.582,9.049
555.659,169.563,7.749,9.249
564.584,166.721,7.749,9.249
565.157,166.723,7.921,9.454
564.751,169.135,8.096,9.663
574.336,176.311,8.275,9.877
575.763,178.906,8.458,10.095
576.010,182.920,8.645,10.319
576.340,193.137,8.837,10.547
573.355,195.987,9.032,10.780
567.798,206.660,9.232,11.019
567.244,207.661,9.035,10.784
562.043,209.692,8.842,10.554
560.560,206.528,9.038,10.787
567.377,205.640,9.238,11.026
576.908,195.884,9.442,11.270
587.784,195.681,9.442,11.270
588.736,196.105,9.651,11.519
588.241,194.293,9.865,11.774
588.264,194.560,10.083,12.035
585.129,193.660,10.306,12.301
581.648,194.308,10.534,12.573
579.877,197.640,10.310,12.305
582.944,198.071,10.090,12.043
582.171,197.570,9.875,11.786
571.588,201.461,10.093,12.047
573.147,202.457,10.316,12.313
576.311,202.090,10.545,12.586
575.392,204.452,10.778,12.864
