197.000,203.000,170.000,149.000
191.352,201.117,170.000,149.000
197.000,200.490,170.000,149.000
212.690,203.628,170.000,149.000
228.381,203.000,170.000,149.000
240.305,202.372,170.000,149.000
252.230,200.490,170.000,149.000
267.920,199.862,170.000,149.000
263.527,194.213,170.000,149.000
232.774,176.013,170.000,149.000
190.724,172.875,170.000,149.000
162.481,174.757,170.000,149.000
151.812,170.364,170.000,149.000
164.992,167.226,170.000,149.000
195.745,170.364,170.000,149.000
242.816,179.778,170.000,149.000
291.142,185.427,170.000,149.000
311.853,189.820,170.000,149.000
286.121,195.469,170.000,149.000
235.284,194.841,170.000,149.000
185.703,196.724,170.000,149.000
162.481,192.331,170.000,149.000
158.088,180.406,170.000,149.000
163.737,172.247,170.000,149.000
178.172,169.109,170.000,149.000
191.351,169.736,170.000,149.000
200.766,171.619,170.000,149.000
212.690,179.778,170.000,149.000
219.594,197.979,170.000,149.000
221.477,227.477,170.000,149.000
233.402,255.719,170.000,149.000
241.561,262.623,170.000,149.000
233.402,249.443,170.000,149.000
220.222,236.263,170.000,149.000
203.276,223.084,170.000,149.000
190.096,196.096,170.000,149.000
193.234,174.130,170.000,149.000
206.414,183.544,170.000,149.000
227.125,213.042,170.000,149.000
247.837,235.008,170.000,149.000
257.251,240.657,170.000,149.000
255.368,235.008,170.000,149.000
243.443,204.255,170.000,149.000
211.435,174.757,170.000,149.000
168.130,170.364,170.000,149.000
133.611,173.502,170.000,149.000
124.197,187.937,170.000,149.000
129.845,202.372,170.000,149.000
139.260,200.489,170.000,149.000
162.481,198.607,170.000,149.000
189.469,199.234,170.000,149.000
212.690,202.372,170.000,149.000
234.657,219.318,170.000,149.000
259.134,237.519,170.000,149.000
277.334,244.422,170.000,149.000
285.493,242.539,170.000,149.000
268.548,233.125,170.000,149.000
216.456,208.648,170.000,149.000
165.619,184.172,170.000,149.000
173.778,187.310,170.000,149.000
210.808,186.682,170.000,149.000
237.795,184.799,170.000,149.000
255.996,195.469,170.000,149.000
267.920,203.627,170.000,149.000
272.314,220.573,170.000,149.000
265.410,246.305,170.000,149.000
252.230,258.230,170.000,149.000
249.092,260.113,170.000,149.000
252.230,251.954,170.000,149.000
235.284,241.284,170.000,149.000
212.063,236.891,170.000,149.000
202.649,232.498,170.000,149.000
207.042,224.339,170.000,149.000
218.967,217.435,170.000,149.000
227.125,204.255,170.000,149.000
223.987,176.013,170.000,149.000
233.402,152.791,170.000,149.000
250.347,155.929,170.000,149.000
263.527,181.661,170.000,149.000
266.665,216.180,170.000,149.000
263.527,246.933,170.000,149.000
251.602,265.134,170.000,149.000
224.615,259.485,170.000,149.000
193.862,236.263,170.000,149.000
169.385,210.531,170.000,149.000
158.716,186.054,170.000,149.000
165.619,167.854,170.000,149.000
178.799,178.523,170.000,149.000
189.469,208.021,170.000,149.000
193.862,241.284,170.000,149.000
190.724,263.251,170.000,149.000
188.841,261.368,170.000,149.000
197.000,251.954,170.000,149.000
210.180,232.498,170.000,149.000
223.360,208.021,170.000,149.000
223.987,211.159,170.000,149.000
213.318,218.063,170.000,149.000
211.435,209.904,170.000,149.000
200.766,196.724,170.000,149.000
176.289,179.778,170.000,149.000
163.109,174.130,170.000,149.000
172.523,182.289,170.000,149.000
208.297,199.234,170.000,149.000
236.540,208.648,170.000,149.000
234.657,224.339,170.000,149.000
211.435,241.284,170.000,149.000
168.130,249.443,170.000,149.000
133.611,242.539,170.000,149.000
121.687,214.297,170.000,149.000
131.101,189.820,170.000,149.000
159.343,184.171,170.000,149.000
201.393,194.841,170.000,149.000
232.146,204.255,170.000,149.000
240.305,198.607,170.000,149.000
233.402,186.682,170.000,149.000
212.690,170.992,170.000,149.000
180.682,160.322,170.000,149.000
163.737,167.226,170.000,149.000
160.599,165.343,170.000,149.000
173.778,147.142,170.000,149.000
223.360,138.983,170.000,149.000
272.941,134.590,170.000,149.000
288.632,130.197,170.000,149.000
279.217,128.314,170.000,149.000
250.975,136.473,170.000,149.000
213.946,163.460,170.000,149.000
188.214,192.958,170.000,149.000
183.820,209.904,170.000,149.000
186.958,209.276,170.000,149.000
193.862,196.096,170.000,149.000
208.297,175.385,170.000,149.000
226.498,160.950,170.000,149.000
232.146,159.067,170.000,149.000
230.264,170.992,170.000,149.000
214.573,177.895,170.000,149.000
188.841,168.481,170.000,149.000
169.385,145.259,170.000,149.000
152.440,133.335,170.000,149.000
127.963,137.728,170.000,149.000
119.804,157.184,170.000,149.000
143.025,167.853,170.000,149.000
172.523,167.226,170.000,149.000
205.787,159.067,170.000,149.000
246.581,160.950,170.000,149.000
269.803,179.150,170.000,149.000
267.920,191.075,170.000,149.000
250.975,196.724,170.000,149.000
230.264,196.096,170.000,149.000
200.766,194.213,170.000,149.000
164.992,196.096,170.000,149.000
148.046,195.468,170.000,149.000
158.716,191.075,170.000,149.000
185.703,177.895,170.000,149.000
203.904,153.418,170.000,149.000
208.297,121.410,170.000,149.000
223.987,110.741,170.000,149.000
245.954,120.155,170.000,149.000
254.113,143.377,170.000,149.000
262.272,160.322,170.000,149.000
266.665,163.460,170.000,149.000
269.803,164.088,170.000,149.000
265.410,165.971,170.000,149.000
254.740,175.385,170.000,149.000
235.284,192.330,170.000,149.000
217.084,211.786,170.000,149.000
215.201,218.690,170.000,149.000
222.105,209.276,170.000,149.000
229.008,186.054,170.000,149.000
233.402,166.598,170.000,149.000
241.288,160.392,173.761,152.297
253.477,163.599,173.761,152.297
259.250,177.071,173.761,152.297
244.496,189.259,173.761,152.297
218.194,205.297,173.761,152.297
204.723,216.202,173.761,152.297
195.100,218.127,173.761,152.297
185.478,220.051,173.761,152.297
189.968,215.561,173.761,152.297
204.723,194.391,173.761,152.297
237.439,173.222,173.761,152.297
281.703,163.599,173.761,152.297
301.744,157.256,177.606,155.666
287.974,163.157,177.606,155.666
254.534,172.992,177.606,155.666
205.357,173.648,177.606,155.666
165.360,182.172,177.606,155.666
147.656,190.696,177.606,155.666
152.246,195.286,177.606,155.666
176.507,192.007,177.606,155.666
203.390,174.304,177.606,155.666
227.651,153.977,177.606,155.666
257.157,153.322,177.606,155.666
289.286,157.911,177.606,155.666
313.546,167.747,177.606,155.666
302.399,171.025,177.606,155.666
253.223,169.058,177.606,155.666
196.177,161.846,177.606,155.666
160.114,158.567,177.606,155.666
167.327,156.600,177.606,155.666
195.522,152.010,177.606,155.666
204.046,144.798,177.606,155.666
196.833,146.765,177.606,155.666
204.046,180.205,177.606,155.666
217.815,228.070,177.606,155.666
234.207,268.068,177.606,155.666
238.797,289.705,177.606,155.666
236.830,287.738,177.606,155.666
225.683,262.166,177.606,155.666
210.603,230.038,177.606,155.666
196.833,203.154,177.606,155.666
202.734,182.828,177.606,155.666
226.995,180.861,177.606,155.666
257.812,181.516,177.606,155.666
282.073,190.040,177.606,155.666
285.351,198.564,177.606,155.666
274.205,208.400,177.606,155.666
256.501,218.235,177.606,155.666
240.109,222.825,177.606,155.666
236.830,218.235,177.606,155.666
224.372,203.154,177.606,155.666
209.291,193.319,177.606,155.666
195.522,172.992,177.606,155.666
188.309,151.355,177.606,155.666
198.144,149.387,177.606,155.666
227.651,159.223,177.606,155.666
244.043,176.927,177.606,155.666
252.567,205.121,177.606,155.666
262.402,230.693,177.606,155.666
257.812,249.708,177.606,155.666
238.797,260.855,177.606,155.666
215.848,261.511,177.606,155.666
198.144,252.987,177.606,155.666
186.998,239.217,177.606,155.666
183.719,211.022,177.606,155.666
193.555,181.516,177.606,155.666
206.013,148.076,177.606,155.666
234.207,117.259,177.606,155.666
261.091,115.292,177.606,155.666
272.238,125.127,177.606,155.666
280.762,136.274,177.606,155.666
286.663,151.355,177.606,155.666
276.827,170.370,177.606,155.666
264.369,190.696,177.606,155.666
247.977,211.022,177.606,155.666
223.716,226.103,177.606,155.666
206.013,230.693,177.606,155.666
180.441,222.169,177.606,155.666
149.623,201.843,177.606,155.666
141.099,185.451,177.606,155.666
169.294,171.681,177.606,155.666
200.111,155.289,177.606,155.666
221.749,149.387,177.606,155.666
232.896,161.846,177.606,155.666
234.863,176.927,177.606,155.666
218.471,188.073,177.606,155.666
200.767,191.352,177.606,155.666
198.800,190.696,177.606,155.666
226.995,192.663,177.606,155.666
256.501,188.073,177.606,155.666
268.959,174.304,177.606,155.666
280.106,160.534,177.606,155.666
301.591,152.714,173.818,152.347
308.650,148.222,173.818,152.347
296.458,160.415,173.818,152.347
262.447,179.024,173.818,152.347
232.287,192.500,173.818,152.347
234.212,199.559,173.818,152.347
228.437,198.917,173.818,152.347
209.879,198.686,170.111,149.098
198.981,203.302,166.484,145.918
210.827,205.451,162.934,142.806
251.129,202.443,162.934,142.806
304.665,195.826,162.934,142.806
364.216,189.210,162.934,142.806
402.112,186.202,162.934,142.806
396.698,189.210,162.934,142.806
350.381,191.014,162.934,142.806
289.627,196.428,162.934,142.806
243.309,206.654,162.934,142.806
216.241,209.661,162.934,142.806
212.030,210.263,162.934,142.806
216.241,207.255,162.934,142.806
208.421,200.639,162.934,142.806
211.429,195.225,162.934,142.806
228.873,193.420,162.934,142.806
259.020,195.523,159.459,139.761
291.398,201.998,159.459,139.761
304.938,196.700,159.459,139.761
296.107,193.757,159.459,139.761
270.793,194.345,159.459,139.761
226.641,187.870,159.459,139.761
177.779,166.088,159.459,139.761
148.933,145.484,159.459,139.761
157.764,123.702,159.459,139.761
166.594,104.275,159.459,139.761
154.232,121.347,159.459,139.761
139.514,169.031,159.459,139.761
129.506,212.006,159.459,139.761
135.982,242.030,159.459,139.761
144.812,253.215,159.459,139.761
146.579,246.739,159.459,139.761
150.699,246.151,159.459,139.761
160.707,245.562,159.459,139.761
175.425,223.780,159.459,139.761
188.965,190.225,159.459,139.761
195.440,164.911,159.459,139.761
206.626,163.145,159.459,139.761
220.166,181.394,159.459,139.761
227.819,200.821,159.459,139.761
221.343,201.410,159.459,139.761
213.690,183.160,159.459,139.761
210.746,155.491,159.459,139.761
226.641,139.597,159.459,139.761
237.826,127.234,159.459,139.761
227.819,114.871,159.459,139.761
220.166,114.283,159.459,139.761
226.641,106.630,159.459,139.761
230.762,93.090,159.459,139.761
221.932,123.113,159.459,139.761
214.279,191.991,159.459,139.761
217.222,229.078,159.459,139.761
220.166,234.377,159.459,139.761
216.045,227.901,159.459,139.761
210.746,212.006,159.459,139.761
213.690,196.112,159.459,139.761
209.569,169.620,159.459,139.761
210.158,141.951,159.459,139.761
221.343,129.589,159.459,139.761
240.770,131.355,159.459,139.761
267.261,131.944,159.459,139.761
290.220,129.000,159.459,139.761
290.289,128.065,162.987,142.853
283.670,135.887,162.987,142.853
280.661,147.320,162.987,142.853
270.432,147.922,162.987,142.853
243.354,158.151,162.987,142.853
210.260,180.415,162.987,142.853
186.793,207.492,162.987,142.853
186.191,221.332,162.987,142.853
186.261,221.624,166.593,146.014
179.495,216.089,166.593,146.014
176.420,197.023,166.593,146.014
180.725,193.948,166.593,146.014
189.951,197.023,166.593,146.014
210.247,198.868,166.593,146.014
240.384,197.023,166.593,146.014
281.591,187.797,166.593,146.014
324.029,182.262,166.593,146.014
343.095,170.576,166.593,146.014
332.956,160.666,170.279,149.244
305.925,155.008,170.279,149.244
266.320,154.379,170.279,149.244
229.230,151.236,170.279,149.244
205.971,150.607,170.279,149.244
197.798,151.236,170.279,149.244
187.111,151.865,170.279,149.244
176.424,160.037,170.279,149.244
177.053,166.952,170.279,149.244
192.769,166.324,170.279,149.244
219.801,158.151,170.279,149.244
245.575,149.979,170.279,149.244
272.607,145.578,170.279,149.244
295.866,131.120,170.279,149.244
300.267,111.632,170.279,149.244
287.065,111.003,170.279,149.244
271.349,122.947,170.279,149.244
274.493,144.950,170.279,149.244
271.349,179.525,170.279,149.244
260.663,215.358,170.279,149.244
251.233,234.846,170.279,149.244
239.289,230.445,170.279,149.244
231.116,215.986,170.279,149.244
223.363,205.856,174.046,152.546
221.435,191.078,174.046,152.546
221.510,180.724,177.897,155.922
214.285,165.618,177.897,155.922
206.185,155.035,181.833,159.371
201.486,153.021,181.833,159.371
207.527,175.174,181.833,159.371
220.282,195.984,181.833,159.371
