250.000,168.000,106.000,105.000
248.754,170.907,106.000,105.000
239.201,182.122,106.000,105.000
224.663,196.659,106.000,105.000
216.772,210.366,106.000,105.000
221.341,207.459,106.000,105.000
221.756,197.905,106.000,105.000
218.018,199.152,106.000,105.000
188.528,213.689,106.000,105.000
159.038,246.502,106.000,105.000
193.512,251.901,106.000,105.000
247.092,224.073,106.000,105.000
233.386,208.705,106.000,105.000
223.833,204.136,106.000,105.000
211.787,202.059,106.000,105.000
197.250,208.289,106.000,105.000
197.665,217.012,106.000,105.000
206.388,210.781,106.000,105.000
223.417,183.783,106.000,105.000
223.002,151.801,106.000,105.000
205.142,143.079,106.000,105.000
209.711,158.447,106.000,105.000
235.878,187.937,106.000,105.000
263.707,223.242,106.000,105.000
273.260,240.271,106.000,105.000
263.707,242.348,106.000,105.000
248.339,247.748,106.000,105.000
242.939,249.825,106.000,105.000
236.709,241.102,106.000,105.000
229.648,226.565,106.000,105.000
228.402,217.012,106.000,105.000
234.632,208.289,106.000,105.000
243.354,196.244,106.000,105.000
244.600,174.230,106.000,105.000
233.386,155.539,106.000,105.000
227.156,133.526,106.000,105.000
231.724,121.480,106.000,105.000
246.262,128.541,106.000,105.000
254.984,131.449,106.000,105.000
259.553,141.002,106.000,105.000
268.275,173.815,106.000,105.000
272.014,212.443,106.000,105.000
276.583,231.964,106.000,105.000
278.659,237.364,106.000,105.000
274.921,235.287,106.000,105.000
268.691,222.411,106.000,105.000
265.783,213.689,106.000,105.000
270.352,197.490,106.000,105.000
273.260,168.000,106.000,105.000
272.844,161.770,106.000,105.000
273.260,179.630,106.000,105.000
268.691,183.368,106.000,105.000
267.445,180.461,106.000,105.000
271.183,180.876,106.000,105.000
277.413,187.106,106.000,105.000
286.136,196.659,106.000,105.000
282.397,209.535,106.000,105.000
261.833,212.252,108.345,107.323
229.992,210.979,108.345,107.323
206.642,208.007,108.345,107.323
207.916,205.884,108.345,107.323
227.020,207.158,108.345,107.323
259.710,210.129,108.345,107.323
296.645,211.403,108.345,107.323
328.486,216.922,108.345,107.323
330.609,219.045,108.345,107.323
321.694,209.280,108.345,107.323
302.589,188.478,108.345,107.323
270.748,165.977,108.345,107.323
248.248,157.911,108.345,107.323
243.578,167.675,108.345,107.323
250.795,182.534,108.345,107.323
255.465,196.544,108.345,107.323
268.626,209.705,108.345,107.323
291.126,221.168,108.345,107.323
307.684,231.781,108.345,107.323
306.410,240.696,108.345,107.323
300.891,247.914,108.345,107.323
288.579,245.791,108.345,107.323
266.078,234.328,108.345,107.323
235.936,227.960,108.345,107.323
216.831,228.385,108.345,107.323
212.161,232.206,108.345,107.323
218.530,229.234,108.345,107.323
234.238,208.431,108.345,107.323
249.097,179.987,108.345,107.323
260.559,152.392,108.345,107.323
289.853,140.080,108.345,107.323
313.203,143.052,108.345,107.323
325.514,153.665,108.345,107.323
326.788,167.675,108.345,107.323
317.024,179.138,108.345,107.323
297.070,190.600,108.345,107.323
273.720,207.158,108.345,107.323
254.616,224.564,108.345,107.323
238.908,225.837,108.345,107.323
224.049,214.375,108.345,107.323
215.133,203.761,108.345,107.323
207.916,202.488,108.345,107.323
213.435,193.572,108.345,107.323
229.992,176.166,108.345,107.323
243.153,165.552,108.345,107.323
258.012,170.222,108.345,107.323
275.418,185.930,108.345,107.323
295.372,211.828,108.345,107.323
304.287,221.592,108.345,107.323
297.070,205.035,108.345,107.323
264.380,191.025,108.345,107.323
220.652,194.846,108.345,107.323
187.113,208.856,108.345,107.323
169.707,228.809,108.345,107.323
165.886,236.027,108.345,107.323
173.953,218.620,108.345,107.323
194.755,191.025,108.345,107.323
218.105,173.619,108.345,107.323
230.417,174.043,108.345,107.323
229.143,190.600,108.345,107.323
226.171,204.610,108.345,107.323
224.049,202.488,108.345,107.323
231.266,193.572,108.345,107.323
240.181,193.997,108.345,107.323
238.059,205.459,108.345,107.323
227.445,217.771,108.345,107.323
212.586,220.743,108.345,107.323
206.218,207.582,108.345,107.323
202.397,191.874,108.345,107.323
197.727,189.751,108.345,107.323
200.699,201.214,108.345,107.323
208.765,226.262,108.345,107.323
208.341,250.461,108.345,107.323
204.520,247.489,108.345,107.323
201.119,220.315,110.742,109.698
203.288,198.184,110.742,109.698
196.779,179.525,110.742,109.698
178.120,172.148,110.742,109.698
166.404,182.128,110.742,109.698
171.177,193.845,110.742,109.698
182.026,201.221,110.742,109.698
199.817,200.788,110.742,109.698
220.212,207.297,110.742,109.698
244.946,219.881,110.742,109.698
269.681,234.201,110.742,109.698
290.076,239.842,110.742,109.698
286.170,235.068,110.742,109.698
256.229,225.088,110.742,109.698
221.080,217.711,110.742,109.698
184.195,214.673,110.742,109.698
150.782,220.315,110.742,109.698
116.501,220.749,110.742,109.698
117.803,209.900,110.742,109.698
159.895,197.316,110.742,109.698
204.590,190.807,110.742,109.698
224.117,185.166,110.742,109.698
228.023,186.468,110.742,109.698
235.400,196.448,110.742,109.698
241.909,208.164,110.742,109.698
235.400,215.541,110.742,109.698
207.194,216.843,110.742,109.698
178.988,221.617,110.742,109.698
178.554,222.050,110.742,109.698
207.628,218.145,110.742,109.698
252.323,211.636,110.742,109.698
273.586,212.070,110.742,109.698
270.549,213.372,110.742,109.698
261.436,202.523,110.742,109.698
254.059,195.146,110.742,109.698
248.418,191.241,110.742,109.698
253.191,183.864,110.742,109.698
264.039,189.505,110.742,109.698
273.152,198.618,110.742,109.698
266.643,200.788,110.742,109.698
245.380,206.429,110.742,109.698
213.703,224.220,110.742,109.698
191.572,240.276,110.742,109.698
178.988,245.049,110.742,109.698
181.158,243.747,110.742,109.698
199.817,238.106,110.742,109.698
208.062,234.201,110.742,109.698
198.081,230.295,110.742,109.698
179.422,226.390,110.742,109.698
174.649,219.881,110.742,109.698
190.704,215.975,110.742,109.698
225.853,210.334,110.742,109.698
271.416,197.750,110.742,109.698
277.058,192.977,110.742,109.698
255.795,189.071,110.742,109.698
220.646,181.694,110.742,109.698
200.251,177.789,110.742,109.698
183.327,180.826,110.742,109.698
170.743,184.732,110.742,109.698
173.781,186.034,110.742,109.698
203.722,189.939,110.742,109.698
251.889,192.977,110.742,109.698
286.170,190.807,110.742,109.698
290.944,188.637,110.742,109.698
276.624,190.807,110.742,109.698
257.964,196.448,110.742,109.698
236.702,204.693,110.742,109.698
214.571,211.202,110.742,109.698
182.026,199.486,110.742,109.698
149.480,186.034,110.742,109.698
142.971,183.864,110.742,109.698
159.027,184.298,110.742,109.698
180.290,189.071,110.742,109.698
191.138,192.109,110.742,109.698
189.836,187.336,110.742,109.698
194.610,175.619,110.742,109.698
203.722,168.242,110.742,109.698
212.835,168.676,110.742,109.698
215.005,178.657,110.742,109.698
208.496,189.505,110.742,109.698
202.855,202.957,110.742,109.698
211.967,225.088,110.742,109.698
221.080,245.483,110.742,109.698
212.835,247.653,110.742,109.698
195.044,236.804,110.742,109.698
185.931,209.466,110.742,109.698
182.026,173.450,110.742,109.698
188.535,155.658,110.742,109.698
200.251,156.960,110.742,109.698
218.042,168.676,110.742,109.698
235.834,182.996,110.742,109.698
242.343,184.298,110.742,109.698
234.966,183.864,110.742,109.698
215.439,191.241,110.742,109.698
195.044,198.618,110.742,109.698
188.278,210.244,108.381,107.358
188.702,214.915,108.381,107.358
186.579,206.846,108.381,107.358
187.853,184.338,108.381,107.358
196.771,162.679,108.381,107.358
227.773,160.556,108.381,107.358
261.323,166.077,108.381,107.358
285.530,183.489,108.381,107.358
294.448,205.148,108.381,107.358
293.174,218.313,108.381,107.358
295.298,221.286,108.381,107.358
299.120,218.313,108.381,107.358
291.051,221.286,108.381,107.358
268.543,225.957,108.381,107.358
248.004,226.692,106.070,105.069
234.288,235.421,106.070,105.069
223.066,239.161,106.070,105.069
210.182,228.771,106.070,105.069
209.766,215.886,106.070,105.069
214.338,207.158,106.070,105.069
221.404,201.755,106.070,105.069
235.119,201.339,106.070,105.069
249.666,192.611,106.070,105.069
257.563,178.064,106.070,105.069
262.135,166.011,106.070,105.069
275.851,178.896,106.070,105.069
285.410,215.055,106.070,105.069
280.007,246.227,106.070,105.069
264.629,254.124,106.070,105.069
255.069,232.096,106.070,105.069
249.666,191.780,106.070,105.069
243.432,164.764,106.070,105.069
238.860,156.867,106.070,105.069
225.144,162.271,106.070,105.069
210.597,169.336,106.070,105.069
216.832,167.258,106.070,105.069
241.354,156.036,106.070,105.069
263.382,142.320,106.070,105.069
279.591,138.580,106.070,105.069
278.344,152.296,106.070,105.069
263.797,171.830,106.070,105.069
247.588,183.883,106.070,105.069
239.691,185.961,106.070,105.069
240.938,183.883,106.070,105.069
249.680,186.205,103.808,102.828
241.952,198.001,103.808,102.828
218.766,208.170,103.808,102.828
207.784,210.204,103.808,102.828
215.512,201.662,103.808,102.828
228.936,186.612,103.808,102.828
239.918,183.765,103.808,102.828
242.765,191.493,103.808,102.828
241.545,200.035,103.808,102.828
239.511,202.882,103.808,102.828
232.596,207.357,103.808,102.828
217.546,218.339,103.808,102.828
210.631,232.576,103.808,102.828
217.546,237.050,103.808,102.828
224.461,231.763,103.808,102.828
220.800,225.661,103.808,102.828
217.953,222.000,103.808,102.828
225.681,212.645,103.808,102.828
245.613,186.205,103.808,102.828
272.866,163.020,103.808,102.828
280.594,157.732,103.808,102.828
281.815,167.087,103.808,102.828
277.340,191.086,103.808,102.828
269.612,215.085,103.808,102.828
261.883,226.881,103.808,102.828
246.020,224.034,103.808,102.828
225.275,225.254,103.808,102.828
219.987,236.237,103.808,102.828
227.715,245.592,103.808,102.828
236.257,241.932,103.808,102.828
240.732,225.254,103.808,102.828
243.579,210.204,103.808,102.828
259.443,208.984,103.808,102.828
280.188,212.645,103.808,102.828
299.305,209.797,103.808,102.828
296.458,202.882,103.808,102.828
284.662,200.849,103.808,102.828
272.866,210.204,103.808,102.828
266.764,224.441,103.808,102.828
259.849,237.051,103.808,102.828
256.189,239.084,103.808,102.828
262.290,235.423,103.808,102.828
267.578,226.068,103.808,102.828
263.917,217.526,103.808,102.828
260.256,211.424,103.808,102.828
257.409,206.137,103.808,102.828
261.070,204.103,103.808,102.828
267.985,195.561,103.808,102.828
270.019,189.459,103.808,102.828
271.239,196.374,103.808,102.828
278.154,210.611,103.808,102.828
285.882,223.221,103.808,102.828
291.170,226.881,103.808,102.828
276.933,227.288,103.808,102.828
254.562,235.017,103.808,102.828
231.376,234.610,103.808,102.828
216.326,219.560,103.808,102.828
206.157,193.934,103.808,102.828
204.123,169.935,103.808,102.828
211.038,162.206,103.808,102.828
222.834,169.121,103.808,102.828
237.884,179.290,103.808,102.828
245.613,180.511,103.808,102.828
252.528,184.985,103.808,102.828
266.764,200.849,103.808,102.828
283.442,225.661,103.808,102.828
291.170,246.406,103.808,102.828
286.696,242.745,103.808,102.828
277.340,213.865,103.808,102.828
263.917,198.001,103.808,102.828
248.949,194.001,101.594,100.635
229.443,197.584,101.594,100.635
221.879,214.701,101.594,100.635
228.647,227.838,101.594,100.635
229.841,224.256,101.594,100.635
259.698,225.450,101.594,100.635
274.427,230.625,101.594,100.635
277.214,239.781,101.594,100.635
273.631,253.714,101.594,100.635
271.640,259.685,101.594,100.635
272.835,256.103,101.594,100.635
272.437,250.928,101.594,100.635
275.223,239.383,101.594,100.635
277.214,230.227,101.594,100.635
272.835,230.625,101.594,100.635
263.679,238.189,101.594,100.635
256.115,239.383,101.594,100.635
251.736,231.023,101.594,100.635
252.134,219.479,101.594,100.635
249.348,215.100,101.594,100.635
244.172,218.682,101.594,100.635
247.755,223.061,101.594,100.635
257.707,224.256,101.594,100.635
272.437,216.692,101.594,100.635
287.962,202.759,101.594,100.635
294.801,191.937,99.427,98.489
290.515,190.768,99.427,98.489
286.230,197.392,99.427,98.489
281.944,205.573,99.427,98.489
264.272,207.313,101.627,100.668
244.759,200.543,101.627,100.668
223.653,189.792,101.627,100.668
220.866,195.765,101.627,100.668
226.043,214.481,101.627,100.668
244.759,252.312,101.627,100.668
265.864,275.807,101.627,100.668
286.174,260.276,101.627,100.668
307.279,239.171,101.627,100.668
312.456,226.826,101.627,100.668
299.315,219.260,101.627,100.668
279.006,226.029,101.627,100.668
250.732,236.781,101.627,100.668
227.237,234.790,101.627,100.668
238.786,232.799,101.627,100.668
270.245,233.994,101.627,100.668
301.704,232.799,101.627,100.668
322.013,226.826,101.627,100.668
335.155,227.224,101.627,100.668
342.721,233.994,101.627,100.668
348.794,235.451,99.460,98.522
349.963,228.046,99.460,98.522
341.000,229.995,99.460,98.522
321.123,245.974,99.460,98.522
303.026,260.172,97.339,96.421
298.068,254.450,97.339,96.421
308.297,243.347,95.263,94.364
317.629,240.734,95.263,94.364
327.707,249.319,95.263,94.364
345.998,258.651,95.263,94.364
358.316,247.826,95.263,94.364
349.731,220.576,95.263,94.364
316.533,183.516,97.371,96.452
291.733,162.531,97.371,96.452
286.010,169.017,97.371,96.452
283.339,186.949,97.371,96.452
274.563,207.934,97.371,96.452
255.105,228.156,97.371,96.452
237.388,239.849,95.294,94.395
224.319,241.716,95.294,94.395
223.198,245.077,95.294,94.395
231.787,246.197,95.294,94.395
247.096,235.368,95.294,94.395
254.938,205.869,95.294,94.395
245.603,179.358,95.294,94.395
237.014,172.263,95.294,94.395
231.413,178.611,95.294,94.395
214.610,191.680,95.294,94.395
199.301,205.496,95.294,94.395
191.459,207.363,95.294,94.395
187.352,211.470,95.294,94.395
183.244,225.286,95.294,94.395
185.858,234.621,95.294,94.395
202.661,234.995,95.294,94.395
230.671,232.042,93.262,92.382
259.540,220.714,93.262,92.382
289.141,216.694,93.262,92.382
308.509,224.368,93.262,92.382
312.529,237.158,93.262,92.382
294.623,247.025,93.262,92.382
256.982,232.773,93.262,92.382
219.342,218.521,93.262,92.382
194.126,217.425,93.262,92.382
184.260,226.561,93.262,92.382
201.104,232.829,91.273,90.412
217.199,218.881,91.273,90.412
244.022,202.071,91.273,90.412
262.262,195.276,91.273,90.412
287.655,198.495,91.273,90.412
315.909,204.575,91.273,90.412
334.149,209.224,91.273,90.412
330.931,206.721,91.273,90.412
313.406,200.641,91.273,90.412
284.436,184.547,91.273,90.412
246.883,160.584,91.273,90.412
252.248,148.782,91.273,90.412
277.641,143.417,91.273,90.412
296.596,130.899,91.273,90.412
304.107,120.528,91.273,90.412
307.326,129.469,91.273,90.412
306.968,156.292,91.273,90.412
311.618,195.991,91.273,90.412
310.545,226.391,91.273,90.412
309.472,230.326,91.273,90.412
306.968,217.093,91.273,90.412
301.603,203.860,91.273,90.412
296.239,192.057,91.273,90.412
296.596,173.817,91.273,90.412
299.100,143.417,91.273,90.412
298.027,100.142,91.273,90.412
308.399,78.325,91.273,90.412
325.208,95.850,91.273,90.412
336.295,136.979,91.273,90.412
326.639,168.095,91.273,90.412
311.260,184.904,91.273,90.412
298.027,202.429,91.273,90.412
287.655,218.523,91.273,90.412
278.714,228.895,91.273,90.412
272.634,233.544,91.273,90.412
275.853,237.479,91.273,90.412
283.363,235.690,91.273,90.412
290.874,224.603,91.273,90.412
297.669,212.801,91.273,90.412
308.756,198.137,91.273,90.412
317.658,192.552,89.327,88.484
324.309,194.302,89.327,88.484
338.659,202.352,89.327,88.484
339.009,219.503,89.327,88.484
325.359,238.754,89.327,88.484
302.607,256.605,89.327,88.484
283.356,266.756,89.327,88.484
269.705,265.706,89.327,88.484
264.455,261.156,89.327,88.484
251.504,235.604,89.327,88.484
244.854,200.952,89.327,88.484
260.605,183.801,89.327,88.484
279.856,177.851,89.327,88.484
295.607,182.401,89.327,88.484
311.358,198.152,89.327,88.484
326.409,214.603,89.327,88.484
342.860,234.554,89.327,88.484
350.910,257.306,89.327,88.484
347.060,266.756,89.327,88.484
332.709,268.506,89.327,88.484
307.009,273.161,87.422,86.597
268.986,274.873,87.422,86.597
231.647,272.476,87.422,86.597
221.713,255.005,87.422,86.597
226.166,227.943,87.422,86.597
229.249,202.937,87.422,86.597
240.553,191.632,87.422,86.597
264.875,188.549,87.422,86.597
292.622,188.207,87.422,86.597
311.463,189.234,87.422,86.597
318.656,195.743,87.422,86.597
325.165,205.677,87.422,86.597
330.303,221.777,87.422,86.597
318.999,235.137,87.422,86.597
292.622,238.905,87.422,86.597
254.598,237.192,87.422,86.597
211.617,237.785,85.558,84.751
189.826,234.768,85.558,84.751
196.196,236.444,85.558,84.751
229.385,236.780,85.558,84.751
253.188,235.103,85.558,84.751
260.229,230.745,85.558,84.751
284.031,229.739,85.558,84.751
331.302,224.040,85.558,84.751
368.515,214.318,85.558,84.751
353.428,207.948,85.558,84.751
286.713,210.965,85.558,84.751
217.987,220.688,85.558,84.751
172.728,221.693,85.558,84.751
167.029,214.653,85.558,84.751
183.456,191.521,85.558,84.751
217.987,167.718,85.558,84.751
223.016,162.689,85.558,84.751
225.362,172.411,85.558,84.751
233.073,199.567,85.558,84.751
240.114,230.745,85.558,84.751
239.778,251.866,85.558,84.751
244.807,264.941,85.558,84.751
251.847,270.640,85.558,84.751
244.807,261.588,85.558,84.751
228.380,259.242,85.558,84.751
231.397,271.646,85.558,84.751
255.200,289.414,85.558,84.751
273.639,289.749,85.558,84.751
279.338,277.345,85.558,84.751
274.565,252.408,87.451,86.626
281.064,208.432,89.385,88.542
274.409,163.249,89.385,88.542
259.496,153.728,87.479,86.654
244.756,164.354,87.479,86.654
235.501,186.635,87.479,86.654
230.359,222.627,87.479,86.654
228.645,249.021,87.479,86.654
237.215,258.962,87.479,86.654
245.784,251.764,87.479,86.654
251.612,238.395,87.479,86.654
250.583,229.826,87.479,86.654
258.467,228.112,87.479,86.654
275.949,218.171,87.479,86.654
283.147,205.488,87.479,86.654
275.949,192.805,87.479,86.654
281.776,183.550,87.479,86.654
296.255,183.483,85.614,84.806
299.274,203.276,85.614,84.806
287.533,234.475,85.614,84.806
281.159,256.951,85.614,84.806
288.204,266.680,85.614,84.806
293.907,259.635,85.614,84.806
283.507,245.881,85.614,84.806
278.475,240.848,85.614,84.806
280.152,241.184,85.614,84.806
281.159,239.507,85.614,84.806
275.456,231.791,85.614,84.806
268.411,223.404,85.614,84.806
264.050,223.739,85.614,84.806
258.347,230.784,85.614,84.806
249.289,231.791,85.614,84.806
247.612,228.771,85.614,84.806
264.050,223.068,85.614,84.806
289.881,225.417,85.614,84.806
284.178,235.145,85.614,84.806
267.740,242.861,85.614,84.806
263.379,243.197,85.614,84.806
269.753,232.126,85.614,84.806
274.785,220.385,85.614,84.806
276.668,218.379,83.788,82.998
282.308,224.643,82.001,81.228
289.056,227.535,82.001,81.228
289.377,228.499,82.001,81.228
283.272,227.535,82.001,81.228
281.665,222.716,82.001,81.228
284.557,226.893,82.001,81.228
286.806,234.926,82.001,81.228
281.344,248.100,82.001,81.228
277.167,253.562,82.001,81.228
283.272,243.601,82.001,81.228
294.518,229.142,82.001,81.228
292.912,224.322,82.001,81.228
286.806,233.640,82.001,81.228
278.131,244.244,82.001,81.228
276.524,238.781,82.001,81.228
278.774,220.466,82.001,81.228
281.665,211.791,82.001,81.228
285.200,219.181,82.001,81.228
286.164,232.355,82.001,81.228
279.416,242.316,82.001,81.228
273.954,243.280,82.001,81.228
275.560,239.745,82.001,81.228
275.882,235.568,82.001,81.228
270.419,235.890,82.001,81.228
263.029,246.493,82.001,81.228
257.567,256.454,82.001,81.228
257.245,255.490,82.001,81.228
260.137,246.814,82.001,81.228
259.816,242.637,82.001,81.228
260.780,248.742,82.001,81.228
259.816,260.631,82.001,81.228
260.780,266.736,82.001,81.228
260.459,268.342,82.001,81.228
260.137,268.021,82.001,81.228
258.531,263.201,82.001,81.228
253.068,256.454,82.001,81.228
252.104,250.991,82.001,81.228
254.354,237.175,82.001,81.228
251.462,227.857,82.001,81.228
249.855,226.893,82.001,81.228
251.462,228.499,82.001,81.228
256.282,226.893,82.001,81.228
259.816,217.575,82.001,81.228
262.708,215.325,82.001,81.228
264.314,224.001,82.001,81.228
264.636,239.745,82.001,81.228
264.314,249.064,82.001,81.228
262.708,245.529,82.001,81.228
261.744,237.496,82.001,81.228
269.777,230.749,82.001,81.228
273.954,232.998,82.001,81.228
271.705,241.031,82.001,81.228
264.957,244.565,82.001,81.228
260.780,244.244,82.001,81.228
264.314,234.926,82.001,81.228
262.065,229.463,82.001,81.228
256.603,241.352,82.001,81.228
249.213,255.811,82.001,81.228
247.606,259.346,82.001,81.228
256.282,258.382,82.001,81.228
270.098,247.778,82.001,81.228
285.843,236.532,82.001,81.228
273.954,240.709,82.001,81.228
258.852,253.241,82.001,81.228
266.885,260.631,82.001,81.228
281.987,255.168,82.001,81.228
286.164,240.067,82.001,81.228
270.419,232.034,82.001,81.228
253.390,234.283,82.001,81.228
246.642,236.532,82.001,81.228
246.963,236.211,82.001,81.228
248.570,232.676,82.001,81.228
244.393,232.998,82.001,81.228
242.786,232.676,82.001,81.228
247.606,240.067,82.001,81.228
249.855,249.385,82.001,81.228
261.744,257.418,82.001,81.228
284.557,255.811,82.001,81.228
308.013,249.063,82.001,81.228
296.767,250.027,82.001,81.228
262.387,263.201,82.001,81.228
235.075,275.090,82.001,81.228
233.468,277.339,82.001,81.228
247.927,269.949,82.001,81.228
261.744,264.487,82.001,81.228
254.996,266.736,82.001,81.228
240.537,267.700,82.001,81.228
227.363,268.664,82.001,81.228
232.183,272.198,82.001,81.228
246.000,271.877,82.001,81.228
252.105,267.057,82.001,81.228
252.426,258.382,82.001,81.228
247.606,256.132,82.001,81.228
245.357,251.313,82.001,81.228
252.747,242.637,82.001,81.228
256.282,235.890,82.001,81.228
254.032,231.070,82.001,81.228
253.068,223.680,82.001,81.228
257.246,218.860,82.001,81.228
261.423,229.463,82.001,81.228
256.603,259.346,82.001,81.228
243.429,289.228,82.001,81.228
241.180,290.835,82.001,81.228
247.927,269.949,82.001,81.228
254.675,249.706,82.001,81.228
262.708,233.962,82.001,81.228
268.170,216.289,82.001,81.228
263.993,201.830,82.001,81.228
259.816,188.656,82.001,81.228
260.780,173.554,82.001,81.228
263.672,164.236,82.001,81.228
269.777,170.341,82.001,81.228
276.525,186.728,82.001,81.228
279.951,212.832,83.816,83.025
284.221,242.062,83.816,83.025
285.863,240.420,83.816,83.025
283.564,218.415,83.816,83.025
281.265,204.293,83.816,83.025
294.073,201.337,83.816,83.025
312.137,208.891,83.816,83.025
319.691,218.415,83.816,83.025
314.107,223.999,83.816,83.025
300.642,226.298,83.816,83.025
298.343,231.881,83.816,83.025
303.926,248.631,83.816,83.025
314.107,273.262,83.816,83.025
320.347,282.130,83.816,83.025
316.078,272.606,83.816,83.025
307.210,253.885,83.816,83.025
301.627,231.224,83.816,83.025
298.671,211.190,83.816,83.025
295.450,206.061,82.028,81.254
293.843,212.811,82.028,81.254
301.235,224.703,82.028,81.254
313.771,232.739,82.028,81.254
318.053,238.872,80.279,79.522
315.222,244.219,80.279,79.522
309.245,253.971,80.279,79.522
303.898,255.544,80.279,79.522
302.954,246.421,80.279,79.522
304.527,232.266,80.279,79.522
305.471,216.223,80.279,79.522
306.414,207.730,80.279,79.522
304.842,203.640,80.279,79.522
307.673,203.326,80.279,79.522
316.795,209.303,80.279,79.522
333.467,222.200,80.279,79.522
340.702,242.017,80.279,79.522
320.255,258.060,80.279,79.522
296.034,259.633,80.279,79.522
274.958,255.544,80.279,79.522
267.627,248.812,78.567,77.826
255.621,225.722,78.567,77.826
251.619,195.244,78.567,77.826
255.621,183.854,78.567,77.826
270.706,187.856,78.567,77.826
284.560,201.710,78.567,77.826
288.562,211.869,78.567,77.826
290.717,214.640,78.567,77.826
295.335,217.410,78.567,77.826
298.721,219.565,78.567,77.826
301.492,222.336,78.567,77.826
302.415,223.875,78.567,77.826
