227.000,207.000,122.000,99.000
237.861,208.303,122.000,99.000
253.936,213.082,122.000,99.000
257.846,222.206,122.000,99.000
259.149,232.198,122.000,99.000
255.239,239.584,122.000,99.000
246.985,246.969,122.000,99.000
242.206,252.617,122.000,99.000
247.854,253.052,122.000,99.000
257.773,259.619,124.699,101.190
254.664,268.944,124.699,101.190
248.003,269.388,124.699,101.190
248.447,269.833,124.699,101.190
255.108,277.382,124.699,101.190
261.769,292.036,124.699,101.190
269.318,304.025,124.699,101.190
275.091,310.686,124.699,101.190
263.101,309.354,124.699,101.190
243.118,300.029,124.699,101.190
239.122,283.598,124.699,101.190
244.007,268.944,124.699,101.190
259.549,258.731,124.699,101.190
270.650,264.504,124.699,101.190
263.101,284.487,124.699,101.190
234.237,302.693,124.699,101.190
218.695,303.137,124.699,101.190
233.349,279.602,124.699,101.190
255.996,256.955,124.699,101.190
273.315,255.622,124.699,101.190
282.640,265.836,124.699,101.190
278.643,270.721,124.699,101.190
256.884,267.612,124.699,101.190
221.873,259.582,127.458,103.429
204.171,253.682,127.458,103.429
208.256,252.320,127.458,103.429
213.249,253.682,127.458,103.429
218.242,254.135,127.458,103.429
219.603,260.944,127.458,103.429
210.188,262.154,130.278,105.718
205.085,256.123,130.278,105.718
202.765,243.597,130.278,105.718
206.013,226.432,130.278,105.718
218.539,209.266,130.278,105.718
228.281,211.586,130.278,105.718
220.394,231.535,130.278,105.718
213.435,252.412,130.278,105.718
218.539,264.938,130.278,105.718
231.065,274.680,130.278,105.718
226.889,286.278,130.278,105.718
216.303,288.478,133.161,108.057
212.984,277.572,133.161,108.057
203.026,256.233,133.161,108.057
195.913,232.998,133.161,108.057
204.922,222.091,133.161,108.057
213.932,224.462,133.161,108.057
222.942,226.833,133.161,108.057
231.951,219.720,133.161,108.057
238.116,209.762,133.161,108.057
232.900,211.185,133.161,108.057
215.355,225.885,133.161,108.057
195.913,246.275,133.161,108.057
191.645,252.440,133.161,108.057
208.242,245.327,133.161,108.057
228.632,237.265,133.161,108.057
241.435,226.359,133.161,108.057
245.703,214.504,133.161,108.057
240.487,205.494,133.161,108.057
222.942,211.659,133.161,108.057
198.758,221.617,133.161,108.057
181.213,220.194,133.161,108.057
175.048,205.494,133.161,108.057
174.574,176.569,133.161,108.057
172.203,168.507,133.161,108.057
173.625,183.207,133.161,108.057
194.964,185.578,133.161,108.057
228.632,178.465,133.161,108.057
229.619,203.345,136.107,110.447
216.532,258.114,136.107,110.447
223.575,312.710,139.118,112.891
262.712,335.994,139.118,112.891
294.914,324.600,139.118,112.891
281.538,291.407,139.118,112.891
244.382,255.242,139.118,112.891
205.245,227.004,139.118,112.891
185.924,219.573,139.118,112.891
188.401,234.931,139.118,112.891
194.841,251.279,139.118,112.891
193.355,252.765,139.118,112.891
197.814,233.444,139.118,112.891
204.254,211.151,139.118,112.891
206.731,194.802,139.118,112.891
201.282,197.280,139.118,112.891
196.823,212.637,139.118,112.891
206.236,226.013,139.118,112.891
229.520,222.545,139.118,112.891
249.832,211.151,139.118,112.891
262.170,213.500,142.196,115.389
289.008,229.197,142.196,115.389
324.960,237.806,142.196,115.389
347.747,238.312,142.196,115.389
351.292,226.666,142.196,115.389
334.581,209.955,142.196,115.389
308.757,203.373,142.196,115.389
290.021,207.930,142.196,115.389
287.489,208.436,142.196,115.389
286.983,209.955,142.196,115.389
281.413,218.564,142.196,115.389
271.792,232.236,142.196,115.389
264.196,240.844,142.196,115.389
269.766,242.363,142.196,115.389
275.336,245.908,142.196,115.389
257.613,254.516,142.196,115.389
226.725,266.162,142.196,115.389
209.002,255.529,142.196,115.389
220.648,233.755,142.196,115.389
245.460,215.019,142.196,115.389
260.145,203.373,142.196,115.389
254.575,214.006,142.196,115.389
240.903,231.729,142.196,115.389
235.333,243.376,142.196,115.389
240.903,246.920,142.196,115.389
256.600,246.414,142.196,115.389
269.260,242.869,142.196,115.389
265.715,233.248,142.196,115.389
257.107,229.704,142.196,115.389
262.677,233.248,142.196,115.389
275.336,234.768,142.196,115.389
280.906,226.159,142.196,115.389
270.272,210.462,142.196,115.389
253.562,199.828,142.196,115.389
253.056,194.258,142.196,115.389
259.639,195.777,142.196,115.389
249.005,197.296,142.196,115.389
223.180,192.739,142.196,115.389
202.419,187.169,142.196,115.389
207.989,184.637,142.196,115.389
217.610,184.131,142.196,115.389
205.963,183.624,142.196,115.389
166.973,189.194,142.196,115.389
144.186,196.790,142.196,115.389
171.024,200.334,142.196,115.389
225.206,200.841,142.196,115.389
268.247,201.347,142.196,115.389
280.906,202.866,142.196,115.389
278.374,203.373,142.196,115.389
266.728,197.803,142.196,115.389
226.804,189.696,145.342,117.942
198.337,188.144,145.342,117.942
192.644,189.696,145.342,117.942
201.442,190.214,145.342,117.942
207.136,187.626,145.342,117.942
199.372,182.968,145.342,117.942
194.714,181.415,145.342,117.942
199.372,180.898,145.342,117.942
213.347,178.310,145.342,117.942
239.743,169.511,145.342,117.942
258.893,154.501,145.342,117.942
251.130,151.914,145.342,117.942
241.296,159.677,145.342,117.942
252.165,157.089,145.342,117.942
275.455,150.361,145.342,117.942
288.395,153.984,145.342,117.942
284.772,182.450,145.342,117.942
271.832,224.374,145.342,117.942
261.999,243.524,145.342,117.942
260.446,235.760,145.342,117.942
255.788,212.470,145.342,117.942
248.024,197.460,145.342,117.942
235.085,195.907,145.342,117.942
223.181,199.530,145.342,117.942
215.417,199.013,145.342,117.942
218.005,194.355,145.342,117.942
233.014,187.626,145.342,117.942
256.305,178.827,145.342,117.942
266.139,178.310,145.342,117.942
265.622,184.003,145.342,117.942
270.280,191.767,145.342,117.942
270.797,205.741,145.342,117.942
266.139,223.856,145.342,117.942
257.340,234.725,145.342,117.942
252.682,233.173,145.342,117.942
256.305,221.268,145.342,117.942
265.104,207.294,145.342,117.942
266.657,193.319,145.342,117.942
252.682,181.415,145.342,117.942
241.813,179.863,145.342,117.942
234.050,187.626,145.342,117.942
222.145,201.601,145.342,117.942
217.487,221.786,145.342,117.942
236.637,232.655,145.342,117.942
269.244,223.856,145.342,117.942
296.676,206.776,145.342,117.942
299.264,192.802,145.342,117.942
294.606,185.038,145.342,117.942
308.580,184.521,145.342,117.942
329.801,180.898,145.342,117.942
341.705,173.134,145.342,117.942
341.187,166.406,145.342,117.942
322.037,175.204,145.342,117.942
303.922,187.109,145.342,117.942
317.896,190.732,145.342,117.942
357.750,186.073,145.342,117.942
393.462,182.450,145.342,117.942
404.331,185.038,145.342,117.942
411.060,193.837,145.342,117.942
422.964,198.495,145.342,117.942
434.868,190.732,145.342,117.942
433.315,178.827,145.342,117.942
414.411,180.584,142.243,115.427
379.460,190.208,142.243,115.427
341.470,199.832,142.243,115.427
318.676,200.339,142.243,115.427
323.235,195.780,142.243,115.427
332.859,190.208,142.243,115.427
345.523,180.584,142.243,115.427
355.147,172.986,142.243,115.427
349.575,179.571,142.243,115.427
341.977,192.234,142.243,115.427
334.379,202.871,142.243,115.427
313.611,200.339,142.243,115.427
275.621,189.701,142.243,115.427
233.578,187.169,142.243,115.427
204.706,189.701,142.243,115.427
203.186,192.234,142.243,115.427
213.823,190.715,142.243,115.427
217.369,184.130,142.243,115.427
202.679,186.662,142.243,115.427
193.055,199.326,142.243,115.427
201.666,215.028,142.243,115.427
235.604,226.679,142.243,115.427
257.138,233.280,139.209,112.965
243.753,229.810,139.209,112.965
210.539,224.357,139.209,112.965
185.257,217.912,139.209,112.965
176.829,214.442,139.209,112.965
200.129,211.963,139.209,112.965
240.316,212.690,136.241,110.556
277.674,215.116,136.241,110.556
280.100,220.453,136.241,110.556
253.416,221.908,136.241,110.556
200.533,219.482,136.241,110.556
149.591,217.056,136.241,110.556
129.699,210.749,136.241,110.556
139.888,198.620,136.241,110.556
164.631,190.373,136.241,110.556
183.552,186.006,136.241,110.556
192.019,188.588,133.335,108.198
204.839,190.012,133.335,108.198
227.156,191.437,133.335,108.198
245.674,194.760,133.335,108.198
248.997,199.983,133.335,108.198
242.825,205.206,133.335,108.198
234.753,213.278,133.335,108.198
228.580,224.199,133.335,108.198
226.206,237.019,133.335,108.198
229.530,238.444,133.335,108.198
235.702,217.077,133.335,108.198
240.925,194.760,133.335,108.198
239.501,195.235,133.335,108.198
235.228,215.652,133.335,108.198
229.055,233.221,133.335,108.198
219.084,243.192,133.335,108.198
206.264,241.767,133.335,108.198
201.990,226.098,133.335,108.198
207.213,205.681,133.335,108.198
206.739,190.962,133.335,108.198
215.760,198.084,133.335,108.198
234.278,216.602,133.335,108.198
245.199,233.221,133.335,108.198
242.825,239.393,133.335,108.198
236.652,228.472,133.335,108.198
236.177,211.854,133.335,108.198
243.299,201.883,133.335,108.198
248.522,200.458,133.335,108.198
251.846,204.732,133.335,108.198
255.170,202.357,133.335,108.198
256.594,198.084,133.335,108.198
263.716,193.811,133.335,108.198
274.749,194.507,130.492,105.891
281.719,186.607,130.492,105.891
281.255,172.202,130.492,105.891
273.355,168.019,130.492,105.891
261.738,178.707,130.492,105.891
266.849,202.407,130.492,105.891
287.760,224.247,130.492,105.891
301.236,218.206,130.492,105.891
295.195,190.789,130.492,105.891
276.143,175.454,130.492,105.891
258.020,183.354,130.492,105.891
256.626,195.901,130.492,105.891
270.102,205.659,130.492,105.891
277.072,210.771,130.492,105.891
274.749,205.659,130.492,105.891
272.425,185.678,130.492,105.891
264.526,164.767,130.492,105.891
269.637,160.584,130.492,105.891
290.548,172.202,130.492,105.891
300.307,182.890,130.492,105.891
283.113,175.919,130.492,105.891
251.808,170.330,127.709,103.633
221.338,169.875,127.709,103.633
223.612,168.511,127.709,103.633
237.710,163.508,127.709,103.633
253.628,156.686,127.709,103.633
259.540,152.593,127.709,103.633
243.622,151.229,127.709,103.633
214.062,156.232,127.709,103.633
195.416,167.601,127.709,103.633
188.813,176.363,130.535,105.926
178.121,183.336,130.535,105.926
157.203,193.098,130.535,105.926
149.301,202.859,130.535,105.926
158.133,198.676,130.535,105.926
177.192,182.406,130.535,105.926
186.953,177.293,130.535,105.926
180.910,178.687,130.535,105.926
168.360,190.309,130.535,105.926
167.895,199.141,130.535,105.926
183.234,193.098,130.535,105.926
192.996,173.109,130.535,105.926
201.828,154.981,130.535,105.926
222.486,149.389,127.751,103.667
239.318,153.484,127.751,103.667
243.413,172.136,127.751,103.667
238.408,188.058,127.751,103.667
234.314,186.694,127.751,103.667
228.400,164.402,127.751,103.667
217.936,139.381,127.751,103.667
202.924,134.377,127.751,103.667
207.018,147.570,127.751,103.667
221.121,168.951,127.751,103.667
232.494,177.595,127.751,103.667
242.958,170.771,127.751,103.667
257.060,154.849,127.751,103.667
267.524,148.934,127.751,103.667
274.348,159.398,127.751,103.667
270.253,172.591,127.751,103.667
247.962,177.595,127.751,103.667
201.104,168.041,127.751,103.667
166.984,158.488,127.751,103.667
151.972,156.213,127.751,103.667
148.787,163.037,127.751,103.667
153.791,169.861,127.751,103.667
162.435,168.496,127.751,103.667
184.727,162.582,127.751,103.667
215.207,155.758,127.751,103.667
233.859,151.664,127.751,103.667
239.773,150.299,127.751,103.667
239.318,148.934,127.751,103.667
233.404,155.758,127.751,103.667
225.670,168.041,127.751,103.667
217.936,181.234,127.751,103.667
198.375,191.698,127.751,103.667
167.894,195.792,127.751,103.667
136.504,193.518,127.751,103.667
114.212,189.423,127.751,103.667
107.389,183.509,127.751,103.667
117.852,183.054,127.751,103.667
141.053,179.870,127.751,103.667
165.655,174.398,125.027,101.456
183.910,167.719,125.027,101.456
203.054,164.603,125.027,101.456
221.309,163.267,125.027,101.456
228.878,154.808,125.027,101.456
222.199,137.444,125.027,101.456
202.164,139.670,125.027,101.456
190.143,147.239,125.027,101.456
196.821,149.465,125.027,101.456
215.966,151.691,125.027,101.456
231.549,145.903,125.027,101.456
241.789,134.772,125.027,101.456
251.139,131.656,125.027,101.456
250.694,135.663,125.027,101.456
244.906,144.122,125.027,101.456
237.337,162.377,125.027,101.456
232.440,177.069,125.027,101.456
231.104,179.295,125.027,101.456
236.892,176.179,125.027,101.456
245.351,171.281,125.027,101.456
253.121,161.634,122.360,99.293
268.372,151.613,122.360,99.293
289.723,157.277,122.360,99.293
313.688,176.014,122.360,99.293
319.353,196.493,122.360,99.293
300.918,218.131,119.751,97.175
268.935,226.233,119.751,97.175
249.745,212.161,119.751,97.175
248.466,188.707,119.751,97.175
242.922,169.517,119.751,97.175
233.967,169.943,119.751,97.175
242.922,189.986,119.751,97.175
261.259,210.029,119.751,97.175
259.127,215.572,119.751,97.175
256.142,197.235,119.751,97.175
260.833,173.781,119.751,97.175
263.818,170.796,119.751,97.175
268.509,194.250,119.751,97.175
274.052,215.146,119.751,97.175
281.302,206.191,119.751,97.175
289.404,184.442,119.751,97.175
291.537,181.457,119.751,97.175
286.846,198.941,119.751,97.175
287.272,208.749,119.751,97.175
283.434,201.500,119.751,97.175
265.097,183.163,119.751,97.175
244.202,175.060,119.751,97.175
238.658,183.163,119.751,97.175
251.877,203.206,119.751,97.175
260.833,212.161,119.751,97.175
269.788,205.764,119.751,97.175
275.332,186.574,119.751,97.175
280.023,178.472,119.751,97.175
297.507,187.427,119.751,97.175
307.315,194.677,119.751,97.175
292.389,189.986,119.751,97.175
261.195,178.280,117.197,95.103
232.398,165.342,117.197,95.103
227.614,172.390,114.698,93.075
220.670,181.785,114.698,93.075
203.107,189.545,114.698,93.075
209.448,193.293,112.252,91.090
237.030,188.896,112.252,91.090
253.419,189.296,112.252,91.090
241.827,193.693,112.252,91.090
215.844,200.489,112.252,91.090
212.246,204.086,112.252,91.090
241.427,198.890,112.252,91.090
270.608,188.896,112.252,91.090
272.190,181.006,109.858,89.147
258.497,181.397,109.858,89.147
244.805,187.265,109.858,89.147
245.196,193.916,109.858,89.147
273.894,199.768,107.516,87.246
326.347,194.791,107.516,87.246
344.342,188.282,107.516,87.246
338.599,181.774,107.516,87.246
313.712,175.265,107.516,87.246
273.511,180.242,107.516,87.246
244.030,195.174,107.516,87.246
250.539,207.809,107.516,87.246
276.957,215.083,107.516,87.246
298.015,211.637,107.516,87.246
293.037,196.705,107.516,87.246
266.619,191.728,107.516,87.246
240.201,203.597,107.516,87.246
242.881,217.763,107.516,87.246
257.048,217.380,107.516,87.246
265.088,200.151,107.516,87.246
265.471,187.517,107.516,87.246
256.665,192.494,107.516,87.246
252.453,207.426,107.516,87.246
261.259,211.637,107.516,87.246
277.723,202.831,107.516,87.246
294.952,185.602,107.516,87.246
312.181,178.328,107.516,87.246
330.176,198.620,107.516,87.246
346.639,219.678,107.516,87.246
350.851,218.529,107.516,87.246
349.702,200.534,107.516,87.246
347.022,181.008,107.516,87.246
350.468,172.968,107.516,87.246
355.445,177.945,107.516,87.246
354.297,181.391,107.516,87.246
347.022,184.837,107.516,87.246
320.604,193.643,107.516,87.246
292.654,197.854,107.516,87.246
267.768,196.706,107.516,87.246
251.305,187.899,107.516,87.246
224.886,169.905,107.516,87.246
197.703,162.630,107.516,87.246
170.519,174.499,107.516,87.246
169.370,190.197,107.516,87.246
195.788,191.345,107.516,87.246
235.224,173.350,107.516,87.246
262.408,153.824,107.516,87.246
268.151,148.847,107.516,87.246
265.471,167.607,107.516,87.246
278.871,189.431,107.516,87.246
294.569,188.282,107.516,87.246
298.015,175.648,107.516,87.246
281.551,177.562,107.516,87.246
242.881,200.917,107.516,87.246
214.932,227.335,107.516,87.246
210.720,233.844,107.516,87.246
223.355,228.101,107.516,87.246
220.675,216.232,107.516,87.246
206.509,210.489,107.516,87.246
192.343,225.421,107.516,87.246
194.257,254.136,107.516,87.246
208.559,274.224,109.894,89.177
223.039,276.181,109.894,89.177
229.692,260.918,109.894,89.177
244.954,234.698,109.894,89.177
260.999,219.436,109.894,89.177
266.087,227.654,109.894,89.177
273.522,243.699,109.894,89.177
299.742,244.091,109.894,89.177
327.527,231.176,109.894,89.177
330.778,202.175,112.326,91.150
313.578,188.175,112.326,91.150
284.378,203.775,112.326,91.150
243.178,239.375,112.326,91.150
234.778,254.975,112.326,91.150
242.378,236.175,112.326,91.150
258.778,207.775,112.326,91.150
263.178,208.975,112.326,91.150
269.178,215.775,112.326,91.150
296.778,216.175,112.326,91.150
337.450,209.771,114.811,93.166
354.213,213.451,114.811,93.166
339.903,222.037,114.811,93.166
310.875,230.623,114.811,93.166
280.211,229.396,114.811,93.166
247.976,213.519,117.351,95.228
215.027,192.955,119.948,97.335
214.600,186.548,119.948,97.335
227.897,185.028,122.601,99.488
244.051,188.958,122.601,99.488
261.951,191.141,122.601,99.488
283.696,189.587,125.314,101.689
292.175,183.786,125.314,101.689
283.696,178.877,125.314,101.689
268.970,181.108,125.314,101.689
251.566,185.124,125.314,101.689
240.410,189.141,125.314,101.689
237.286,188.694,125.314,101.689
243.980,185.571,125.314,101.689
245.319,186.017,125.314,101.689
236.840,191.818,125.314,101.689
242.641,203.867,125.314,101.689
275.218,221.271,125.314,101.689
309.481,223.387,128.087,103.939
314.216,213.246,130.920,106.239
297.899,207.185,130.920,106.239
274.684,202.624,133.817,108.589
242.756,202.147,133.817,108.589
217.050,201.440,136.778,110.992
207.796,202.901,136.778,110.992
214.128,203.388,136.778,110.992
220.460,199.005,136.778,110.992
229.714,189.750,136.778,110.992
237.995,183.418,136.778,110.992
234.585,180.983,136.778,110.992
230.201,183.418,136.778,110.992
230.688,185.854,136.778,110.992
224.627,178.057,139.804,113.448
210.168,174.219,142.897,115.958
186.251,182.870,142.897,115.958
171.494,195.591,142.897,115.958
177.091,202.207,142.897,115.958
182.689,196.609,142.897,115.958
173.020,189.994,142.897,115.958
154.017,196.630,146.059,118.523
135.813,221.076,146.059,118.523
128.011,239.280,146.059,118.523
122.290,241.881,146.059,118.523
119.689,236.160,146.059,118.523
126.168,225.675,149.290,121.145
137.332,217.700,149.290,121.145
153.882,213.602,152.593,123.826
162.033,220.666,152.593,123.826
166.924,223.383,152.593,123.826
172.901,217.406,152.593,123.826
166.924,210.342,152.593,123.826
157.686,215.233,152.593,123.826
147.541,223.447,155.969,126.565
140.321,226.224,155.969,126.565
134.211,217.893,155.969,126.565
124.769,211.783,155.969,126.565
117.549,220.114,155.969,126.565
122.548,234.000,155.969,126.565
126.435,244.553,155.969,126.565
126.439,241.424,159.420,129.366
117.018,233.514,162.947,132.228
109.475,228.291,162.947,132.228
110.055,226.551,162.947,132.228
110.059,232.914,166.553,135.153
108.831,241.880,170.238,138.144
107.577,239.723,174.004,141.200
102.000,237.864,174.004,141.200
104.576,230.516,177.854,144.324
99.323,221.691,181.789,147.517
88.317,218.454,181.789,147.517
78.607,228.165,181.789,147.517
74.075,237.875,181.789,147.517
