352.000,197.000,56.000,100.000
352.912,194.872,56.000,100.000
354.432,193.352,56.000,100.000
355.952,193.048,56.000,100.000
356.864,192.744,56.000,100.000
356.560,193.048,56.000,100.000
356.256,193.352,56.000,100.000
356.560,193.048,56.000,100.000
356.256,192.136,56.000,100.000
355.952,191.224,56.000,100.000
355.040,189.704,56.000,100.000
354.736,187.575,56.000,100.000
354.432,186.055,56.000,100.000
354.736,184.535,56.000,100.000
354.432,181.799,56.000,100.000
356.560,179.671,56.000,100.000
356.864,175.719,56.000,100.000
359.600,171.767,56.000,100.000
361.729,168.422,56.000,100.000
363.857,169.942,56.000,100.000
366.593,178.759,56.000,100.000
368.721,196.696,56.000,100.000
370.241,221.929,56.000,100.000
371.153,245.339,56.000,100.000
370.849,262.060,56.000,100.000
368.721,263.580,56.000,100.000
365.985,249.899,56.000,100.000
365.681,225.882,56.000,100.000
365.377,203.080,56.000,100.000
363.857,185.143,56.000,100.000
361.120,170.855,56.000,100.000
358.384,160.822,56.000,100.000
356.864,163.558,56.000,100.000
351.696,176.023,56.000,100.000
341.663,195.176,56.000,100.000
324.942,210.073,56.000,100.000
307.005,217.065,56.000,100.000
298.797,211.289,56.000,100.000
305.789,205.513,56.000,100.000
326.158,194.264,56.000,100.000
342.879,167.814,56.000,100.000
345.616,137.109,56.000,100.000
332.543,112.483,56.000,100.000
325.550,114.611,56.000,100.000
329.503,139.237,56.000,100.000
341.359,183.927,56.000,100.000
364.769,247.467,56.000,100.000
377.233,279.389,56.000,100.000
386.658,289.421,56.000,100.000
383.922,270.876,56.000,100.000
374.497,220.713,56.000,100.000
379.058,178.455,56.000,100.000
389.090,159.910,56.000,100.000
391.218,170.551,56.000,100.000
376.929,204.296,56.000,100.000
352.912,247.163,56.000,100.000
336.191,263.884,56.000,100.000
340.143,252.635,56.000,100.000
348.960,220.105,56.000,100.000
354.128,177.847,56.000,100.000
351.392,146.533,56.000,100.000
336.495,143.797,56.000,100.000
320.990,175.719,56.000,100.000
310.350,227.706,56.000,100.000
310.046,264.492,56.000,100.000
312.782,270.268,56.000,100.000
311.870,237.130,56.000,100.000
306.093,176.023,56.000,100.000
305.181,136.197,56.000,100.000
306.701,138.325,56.000,100.000
299.101,172.071,56.000,100.000
293.933,223.450,56.000,100.000
307.005,250.507,56.000,100.000
340.143,247.163,56.000,100.000
350.176,228.010,56.000,100.000
325.550,199.736,56.000,100.000
283.292,163.558,56.000,100.000
285.420,169.942,56.000,100.000
302.141,206.121,56.000,100.000
309.134,246.555,56.000,100.000
319.774,271.180,56.000,100.000
331.631,267.228,56.000,100.000
332.543,232.874,56.000,100.000
316.430,179.671,56.000,100.000
296.061,147.141,56.000,100.000
286.028,158.998,56.000,100.000
275.388,200.040,56.000,100.000
269.611,241.083,56.000,100.000
275.388,254.763,56.000,100.000
289.068,237.434,56.000,100.000
290.588,194.568,56.000,100.000
275.084,130.420,56.000,100.000
267.483,109.443,56.000,100.000
265.355,131.028,56.000,100.000
260.795,184.839,56.000,100.000
262.315,243.515,56.000,100.000
268.699,261.452,56.000,100.000
270.827,248.987,56.000,100.000
266.875,208.553,56.000,100.000
260.491,164.470,56.000,100.000
258.363,148.965,56.000,100.000
246.506,163.254,56.000,100.000
234.649,197.608,56.000,100.000
253.194,232.570,56.000,100.000
296.669,248.683,56.000,100.000
334.063,237.434,56.000,100.000
348.960,215.849,56.000,100.000
345.616,199.736,56.000,100.000
341.663,198.216,56.000,100.000
346.832,204.601,56.000,100.000
359.296,212.809,56.000,100.000
368.113,225.882,56.000,100.000
371.457,234.090,56.000,100.000
365.073,229.530,56.000,100.000
347.136,208.553,56.000,100.000
306.701,183.927,56.000,100.000
254.714,169.030,56.000,100.000
231.913,177.847,56.000,100.000
235.865,193.960,56.000,100.000
254.410,210.681,56.000,100.000
280.252,219.497,56.000,100.000
306.093,219.193,56.000,100.000
327.679,214.025,56.000,100.000
342.575,200.344,56.000,100.000
343.487,189.704,56.000,100.000
334.063,191.224,56.000,100.000
325.854,196.392,56.000,100.000
315.822,194.872,56.000,100.000
317.342,194.568,56.000,100.000
328.591,200.952,56.000,100.000
325.246,206.121,56.000,100.000
303.661,203.992,56.000,100.000
283.900,198.216,56.000,100.000
281.164,188.792,56.000,100.000
289.372,178.151,56.000,100.000
286.636,173.591,56.000,100.000
285.724,162.950,56.000,100.000
292.717,153.526,56.000,100.000
296.061,146.533,56.000,100.000
296.365,145.621,56.000,100.000
304.573,154.438,56.000,100.000
304.269,162.038,56.000,100.000
300.317,156.870,56.000,100.000
312.174,147.445,56.000,100.000
338.015,141.061,56.000,100.000
339.535,141.973,56.000,100.000
337.407,153.222,56.000,100.000
336.495,161.430,56.000,100.000
310.654,165.990,56.000,100.000
253.802,159.606,56.000,100.000
218.840,159.302,56.000,100.000
207.592,168.118,56.000,100.000
222.488,175.719,56.000,100.000
276.436,179.344,57.239,102.213
347.597,171.575,57.239,102.213
394.519,160.699,57.239,102.213
407.881,159.146,57.239,102.213
417.514,168.779,57.239,102.213
410.367,176.547,57.239,102.213
376.496,181.208,57.239,102.213
320.251,182.141,57.239,102.213
278.301,180.587,57.239,102.213
270.532,188.977,57.239,102.213
257.170,195.503,57.239,102.213
258.102,191.463,57.239,102.213
284.516,178.722,57.239,102.213
318.387,170.954,57.239,102.213
356.608,166.293,57.239,102.213
401.045,167.846,57.239,102.213
434.916,173.129,57.239,102.213
448.278,177.169,57.239,102.213
437.402,176.858,57.239,102.213
417.825,174.683,57.239,102.213
420.000,175.615,57.239,102.213
441.441,178.412,57.239,102.213
461.640,176.858,57.239,102.213
484.324,174.683,57.239,102.213
513.223,173.750,57.239,102.213
526.585,174.061,57.239,102.213
525.653,179.344,57.239,102.213
524.099,187.734,57.239,102.213
514.466,191.774,57.239,102.213
486.188,190.220,57.239,102.213
462.261,186.802,57.239,102.213
449.521,187.112,57.239,102.213
450.453,189.288,57.239,102.213
471.273,188.355,57.239,102.213
496.443,186.802,57.239,102.213
482.460,187.734,57.239,102.213
434.916,192.395,57.239,102.213
396.694,192.084,57.239,102.213
381.468,191.152,57.239,102.213
374.942,189.598,57.239,102.213
365.931,194.260,57.239,102.213
355.676,200.785,57.239,102.213
359.094,206.068,57.239,102.213
379.914,204.514,57.239,102.213
402.598,197.367,57.239,102.213
400.423,187.112,57.239,102.213
374.631,180.587,57.239,102.213
350.704,179.033,57.239,102.213
334.235,178.722,57.239,102.213
321.494,181.519,57.239,102.213
309.375,186.180,57.239,102.213
309.686,192.084,57.239,102.213
317.455,195.503,57.239,102.213
328.952,194.570,57.239,102.213
335.478,186.180,57.239,102.213
327.709,180.898,57.239,102.213
314.347,182.451,57.239,102.213
296.013,183.384,57.239,102.213
274.572,181.208,57.239,102.213
259.967,174.683,57.239,102.213
257.170,178.101,57.239,102.213
263.696,182.141,57.239,102.213
278.922,186.802,57.239,102.213
305.336,185.870,57.239,102.213
331.127,179.965,57.239,102.213
338.274,177.790,57.239,102.213
324.912,182.451,57.239,102.213
302.228,188.355,57.239,102.213
283.894,189.288,57.239,102.213
259.967,185.870,57.239,102.213
242.876,179.344,57.239,102.213
240.079,176.547,57.239,102.213
234.175,161.942,57.239,102.213
221.435,135.529,57.239,102.213
234.175,125.896,57.239,102.213
256.859,147.337,57.239,102.213
267.736,190.531,57.239,102.213
284.826,242.425,57.239,102.213
297.567,272.567,57.239,102.213
296.635,271.013,57.239,102.213
291.974,240.871,57.239,102.213
305.336,197.056,57.239,102.213
318.076,168.157,57.239,102.213
331.438,163.496,57.239,102.213
342.314,191.152,57.239,102.213
342.625,243.046,57.239,102.213
344.800,289.347,57.239,102.213
361.269,325.083,57.239,102.213
365.309,327.880,57.239,102.213
356.919,302.709,57.239,102.213
349.772,257.030,57.239,102.213
345.111,211.351,57.239,102.213
326.777,186.802,57.239,102.213
312.793,198.299,57.239,102.213
321.183,232.792,57.239,102.213
341.382,281.579,57.239,102.213
353.501,309.856,57.239,102.213
353.812,313.896,57.239,102.213
341.071,289.347,57.239,102.213
319.008,243.668,57.239,102.213
302.539,196.746,57.239,102.213
303.471,162.875,57.239,102.213
314.347,168.779,57.239,102.213
318.387,211.972,57.239,102.213
316.833,265.731,57.239,102.213
325.845,307.060,57.239,102.213
323.669,317.936,57.239,102.213
309.064,300.223,57.239,102.213
295.081,247.708,57.239,102.213
299.121,192.085,57.239,102.213
318.076,163.807,57.239,102.213
327.709,178.412,57.239,102.213
323.048,222.848,57.239,102.213
318.387,276.607,57.239,102.213
310.618,309.856,57.239,102.213
302.228,307.060,57.239,102.213
300.053,271.946,57.239,102.213
308.443,223.159,57.239,102.213
326.155,196.124,57.239,102.213
341.382,215.701,57.239,102.213
344.178,267.595,57.239,102.213
338.896,319.490,57.239,102.213
333.613,338.445,57.239,102.213
326.466,315.761,57.239,102.213
312.483,263.866,57.239,102.213
297.878,197.678,57.239,102.213
299.431,167.536,57.239,102.213
310.307,184.005,57.239,102.213
318.697,235.899,57.239,102.213
327.709,290.280,57.239,102.213
332.370,319.800,57.239,102.213
327.087,316.382,57.239,102.213
314.347,280.025,57.239,102.213
309.686,216.323,57.239,102.213
310.618,161.321,57.239,102.213
305.335,138.637,57.239,102.213
301.296,152.620,57.239,102.213
298.499,195.192,57.239,102.213
308.132,257.652,57.239,102.213
329.573,294.630,57.239,102.213
334.235,304.263,57.239,102.213
324.601,282.822,57.239,102.213
309.996,240.871,57.239,102.213
295.392,179.033,57.239,102.213
296.324,143.298,57.239,102.213
307.200,144.851,57.239,102.213
303.782,179.344,57.239,102.213
295.392,240.561,57.239,102.213
298.810,288.726,57.239,102.213
309.686,310.789,57.239,102.213
317.454,298.670,57.239,102.213
323.980,263.556,57.239,102.213
326.777,216.633,57.239,102.213
315.279,169.711,57.239,102.213
309.375,153.242,57.239,102.213
308.443,169.090,57.239,102.213
303.160,206.068,57.239,102.213
307.821,257.962,57.239,102.213
315.590,286.861,57.239,102.213
319.630,287.794,57.239,102.213
329.263,257.652,57.239,102.213
336.410,213.215,57.239,102.213
328.020,171.265,57.239,102.213
317.765,148.580,57.239,102.213
318.697,154.485,57.239,102.213
318.387,182.141,57.239,102.213
313.104,224.091,57.239,102.213
318.387,265.420,57.239,102.213
326.777,290.590,57.239,102.213
330.195,288.415,57.239,102.213
331.127,263.245,57.239,102.213
332.681,220.052,57.239,102.213
327.398,173.751,57.239,102.213
319.630,142.987,57.239,102.213
318.076,142.055,57.239,102.213
315.901,156.660,57.239,102.213
316.211,191.152,57.239,102.213
327.087,243.668,57.239,102.213
326.155,276.918,57.239,102.213
315.279,284.686,57.239,102.213
313.104,263.245,57.239,102.213
319.008,222.537,57.239,102.213
320.562,185.559,57.239,102.213
314.658,157.281,57.239,102.213
311.861,152.620,57.239,102.213
309.686,172.818,57.239,102.213
297.567,204.825,57.239,102.213
286.691,237.453,57.239,102.213
281.408,263.245,57.239,102.213
278.611,275.985,57.239,102.213
291.973,274.432,57.239,102.213
323.980,260.448,57.239,102.213
352.258,245.222,57.239,102.213
386.750,243.668,57.239,102.213
412.542,249.572,57.239,102.213
437.091,256.719,57.239,102.213
446.724,260.137,57.239,102.213
430.254,260.448,57.239,102.213
392.654,261.380,57.239,102.213
346.354,257.962,57.239,102.213
312.482,255.166,57.239,102.213
296.635,252.990,57.239,102.213
299.431,248.951,57.239,102.213
319.008,242.425,57.239,102.213
356.608,229.685,57.239,102.213
378.671,215.701,57.239,102.213
382.089,206.689,57.239,102.213
384.264,201.407,57.239,102.213
385.818,194.881,57.239,102.213
372.456,198.921,57.239,102.213
338.585,210.418,57.239,102.213
297.256,225.645,57.239,102.213
267.735,235.899,57.239,102.213
261.831,241.804,57.239,102.213
285.758,242.736,57.239,102.213
328.330,232.481,57.239,102.213
379.603,207.311,57.239,102.213
410.988,184.005,57.239,102.213
423.729,170.022,57.239,102.213
424.661,160.389,57.239,102.213
405.084,153.863,57.239,102.213
366.863,150.445,57.239,102.213
328.020,157.592,57.239,102.213
288.555,174.683,57.239,102.213
242.254,194.881,57.239,102.213
195.953,205.757,57.239,102.213
160.218,209.797,57.239,102.213
154.935,207.000,57.239,102.213
191.378,202.968,58.505,104.474
264.875,191.597,59.800,106.785
324.934,164.651,59.800,106.785
355.126,145.497,59.800,106.785
366.489,143.224,59.800,106.785
383.695,155.236,59.800,106.785
393.759,161.405,59.800,106.785
381.747,153.938,59.800,106.785
345.712,139.329,59.800,106.785
293.444,127.966,59.800,106.785
238.578,119.201,59.800,106.785
202.543,118.227,59.800,106.785
171.052,117.902,59.800,106.785
158.391,114.980,59.800,106.785
173.649,106.215,59.800,106.785
207.737,94.852,59.800,106.785
238.578,91.281,59.800,106.785
259.680,92.904,59.800,106.785
271.043,101.020,59.800,106.785
263.576,107.838,59.800,106.785
241.176,113.357,59.800,106.785
224.619,118.227,59.800,106.785
228.839,126.343,59.800,106.785
247.993,135.758,59.800,106.785
269.744,141.926,59.800,106.785
296.690,136.407,59.800,106.785
322.337,124.395,59.800,106.785
333.051,119.525,59.800,106.785
338.569,120.499,59.800,106.785
334.349,126.667,59.800,106.785
321.039,132.836,59.800,106.785
297.339,135.108,59.800,106.785
268.446,135.433,59.800,106.785
254.486,140.303,59.800,106.785
254.811,137.381,59.800,106.785
265.524,120.824,59.800,106.785
290.522,93.878,59.800,106.785
333.051,81.866,59.800,106.785
360.645,87.385,59.800,106.785
375.904,100.046,59.800,106.785
386.617,117.902,59.800,106.785
378.501,129.914,59.800,106.785
355.451,136.732,59.800,106.785
327.856,144.198,59.800,106.785
310.650,145.822,59.800,106.785
314.870,141.601,59.800,106.785
326.233,126.343,59.800,106.785
329.155,103.293,59.800,106.785
334.674,96.475,59.800,106.785
353.828,112.383,59.800,106.785
378.176,139.978,59.800,106.785
386.293,166.924,59.800,106.785
361.944,180.883,59.800,106.785
314.870,187.052,59.800,106.785
258.057,179.585,59.800,106.785
232.410,161.729,59.800,106.785
231.436,147.120,59.800,106.785
223.969,131.862,59.800,106.785
215.204,117.902,59.800,106.785
213.581,109.786,59.800,106.785
240.526,122.447,59.800,106.785
286.301,155.886,59.800,106.785
322.986,187.376,59.800,106.785
343.439,214.322,59.800,106.785
337.271,226.334,59.800,106.785
311.624,220.166,59.800,106.785
289.223,194.519,59.800,106.785
294.093,159.132,59.800,106.785
322.986,122.447,59.800,106.785
353.179,92.904,59.800,106.785
378.176,80.243,59.800,106.785
391.487,94.852,59.800,106.785
400.252,128.940,59.800,106.785
405.122,165.625,59.800,106.785
400.902,192.571,59.800,106.785
373.956,205.881,59.800,106.785
328.181,202.959,59.800,106.785
296.041,183.805,59.800,106.785
287.925,156.860,59.800,106.785
292.145,122.772,59.800,106.785
302.858,93.878,59.800,106.785
327.207,88.359,59.800,106.785
351.555,106.215,59.800,106.785
375.255,139.004,59.800,106.785
395.707,176.988,59.800,106.785
391.487,201.336,59.800,106.785
357.399,210.751,59.800,106.785
320.065,194.843,59.800,106.785
282.730,158.808,59.800,106.785
245.396,114.331,59.800,106.785
235.332,75.698,59.800,106.785
259.680,53.297,59.800,106.785
291.171,65.959,59.800,106.785
307.079,94.852,59.800,106.785
332.726,133.485,59.800,106.785
351.231,164.326,59.800,106.785
340.517,183.481,59.800,106.785
315.520,184.455,59.800,106.785
304.157,167.898,59.800,106.785
304.482,140.303,59.800,106.785
308.053,117.253,59.800,106.785
320.714,111.734,59.800,106.785
336.622,123.746,59.800,106.785
342.790,144.198,59.800,106.785
332.077,164.002,59.800,106.785
317.467,177.962,59.800,106.785
312.598,184.779,59.800,106.785
316.818,178.611,59.800,106.785
326.233,156.210,59.800,106.785
331.752,129.914,59.800,106.785
315.195,111.409,59.800,106.785
285.003,116.279,59.800,106.785
278.185,146.471,59.800,106.785
294.093,183.805,59.800,106.785
306.754,199.064,59.800,106.785
311.624,187.701,59.800,106.785
330.129,162.054,59.800,106.785
345.387,131.213,59.800,106.785
341.816,113.357,59.800,106.785
328.505,118.876,59.800,106.785
317.143,146.471,59.800,106.785
323.311,183.805,59.800,106.785
314.546,206.206,59.800,106.785
283.704,207.829,59.800,106.785
278.185,182.182,59.800,106.785
296.041,148.094,59.800,106.785
306.105,128.291,59.800,106.785
297.339,129.914,59.800,106.785
302.209,160.106,59.800,106.785
327.207,199.388,59.800,106.785
330.129,219.192,59.800,106.785
318.117,210.426,59.800,106.785
319.740,182.831,59.800,106.785
325.259,174.066,59.800,106.785
321.688,198.414,59.800,106.785
297.989,239.644,59.800,106.785
286.626,261.396,59.800,106.785
291.496,246.137,59.800,106.785
293.119,200.362,59.800,106.785
299.287,157.834,59.800,106.785
321.688,155.561,59.800,106.785
328.505,190.298,59.800,106.785
321.688,249.709,59.800,106.785
310.974,295.484,59.800,106.785
298.313,293.860,59.800,106.785
290.846,251.332,59.800,106.785
296.365,192.571,59.800,106.785
311.624,168.222,59.800,106.785
325.584,189.974,59.800,106.785
324.610,237.047,59.800,106.785
311.299,280.225,59.800,106.785
296.041,279.901,59.800,106.785
284.029,243.216,59.800,106.785
291.496,190.298,59.800,106.785
318.441,174.391,59.800,106.785
333.700,197.440,59.800,106.785
333.375,245.163,59.800,106.785
325.259,283.796,59.800,106.785
301.560,283.472,59.800,106.785
277.211,245.488,59.800,106.785
276.237,184.779,59.800,106.785
301.235,173.417,59.800,106.785
309.351,207.504,59.800,106.785
299.287,276.005,59.800,106.785
302.209,327.624,59.800,106.785
312.922,326.650,59.800,106.785
320.389,293.211,59.800,106.785
322.662,250.033,59.800,106.785
321.688,224.386,59.800,106.785
314.221,242.242,59.800,106.785
306.754,286.069,59.800,106.785
312.922,318.209,59.800,106.785
317.143,307.496,59.800,106.785
314.870,263.668,59.800,106.785
306.754,215.296,59.800,106.785
296.690,196.142,59.800,106.785
291.820,220.490,59.800,106.785
281.107,260.422,59.800,106.785
267.147,274.382,59.800,106.785
260.330,250.033,59.800,106.785
271.043,199.713,59.800,106.785
296.041,173.417,59.800,106.785
311.948,189.974,59.800,106.785
307.728,236.398,59.800,106.785
285.327,283.472,59.800,106.785
274.614,282.498,59.800,106.785
278.834,237.372,59.800,106.785
285.003,169.521,59.800,106.785
286.626,132.186,59.800,106.785
277.860,127.966,59.800,106.785
271.692,164.002,59.800,106.785
271.368,222.763,59.800,106.785
265.849,252.306,59.800,106.785
256.434,237.697,59.800,106.785
265.849,189.974,59.800,106.785
289.548,155.886,59.800,106.785
298.313,152.315,59.800,106.785
289.548,175.364,59.800,106.785
274.289,207.504,59.800,106.785
257.732,229.256,59.800,106.785
241.175,237.372,59.800,106.785
224.618,231.853,59.800,106.785
229.488,225.035,59.800,106.785
253.837,224.061,59.800,106.785
267.796,226.983,59.800,106.785
271.368,226.009,59.800,106.785
282.730,218.542,59.800,106.785
290.846,205.232,59.800,106.785
295.716,193.220,59.800,106.785
303.183,192.246,59.800,106.785
300.261,197.116,59.800,106.785
292.145,200.038,59.800,106.785
282.730,199.713,59.800,106.785
268.770,198.090,59.800,106.785
263.251,196.467,59.800,106.785
278.510,190.298,59.800,106.785
300.261,173.741,59.800,106.785
311.624,155.886,59.800,106.785
328.830,151.016,59.800,106.785
350.581,153.938,59.800,106.785
344.413,157.509,59.800,106.785
321.363,157.834,59.800,106.785
299.612,156.210,59.800,106.785
294.093,157.184,59.800,106.785
288.574,156.860,59.800,106.785
277.211,152.639,59.800,106.785
273.640,140.627,59.800,106.785
283.704,129.914,59.800,106.785
295.067,125.694,59.800,106.785
301.884,127.317,59.800,106.785
304.806,134.784,59.800,106.785
307.079,139.004,59.800,106.785
316.493,142.575,59.800,106.785
325.908,149.393,59.800,106.785
321.038,154.262,59.800,106.785
308.377,159.781,59.800,106.785
298.963,164.002,59.800,106.785
299.936,168.222,59.800,106.785
309.351,174.391,59.800,106.785
319.415,184.455,59.800,106.785
323.636,194.519,59.800,106.785
320.065,203.284,59.800,106.785
316.493,212.050,59.800,106.785
317.467,218.218,59.800,106.785
319.740,221.140,59.800,106.785
318.766,221.464,59.800,106.785
310.650,225.035,59.800,106.785
306.429,227.308,59.800,106.785
308.053,230.879,59.800,106.785
308.377,233.152,59.800,106.785
