228.000,236.000,80.000,64.000
229.981,235.151,80.000,64.000
232.528,236.000,80.000,64.000
234.510,244.774,80.000,64.000
233.095,253.548,80.000,64.000
228.283,255.529,80.000,64.000
228.566,247.321,80.000,64.000
228.849,232.321,80.000,64.000
227.434,226.943,80.000,64.000
227.717,241.378,80.000,64.000
223.472,260.906,80.000,64.000
223.755,266.850,80.000,64.000
227.434,252.416,80.000,64.000
231.679,228.924,80.000,64.000
233.094,220.151,80.000,64.000
235.642,231.755,80.000,64.000
242.098,240.737,81.770,65.416
252.801,232.926,81.770,65.416
251.355,216.437,81.770,65.416
237.180,209.783,81.770,65.416
214.905,215.858,81.770,65.416
189.736,228.876,81.770,65.416
199.862,239.001,81.770,65.416
229.658,246.233,81.770,65.416
235.733,249.994,81.770,65.416
220.401,249.126,81.770,65.416
196.969,243.051,81.770,65.416
172.954,235.424,83.579,66.863
166.744,238.085,83.579,66.863
180.050,240.747,83.579,66.863
200.453,235.128,83.579,66.863
204.297,221.231,83.579,66.863
196.904,217.979,83.579,66.863
195.426,225.962,83.579,66.863
205.775,226.258,83.579,66.863
215.533,220.048,83.579,66.863
214.646,216.204,83.579,66.863
208.436,221.822,83.579,66.863
209.915,244.591,83.579,66.863
214.350,267.950,83.579,66.863
218.194,272.385,83.579,66.863
210.802,263.219,83.579,66.863
196.313,262.332,83.579,66.863
185.372,269.724,83.579,66.863
183.894,275.934,83.579,66.863
196.017,276.229,83.579,66.863
209.915,278.890,83.579,66.863
216.716,285.100,83.579,66.863
218.194,278.299,83.579,66.863
220.264,260.853,83.579,66.863
231.796,243.408,83.579,66.863
245.693,239.564,83.579,66.863
261.365,252.278,83.579,66.863
258.703,257.305,83.579,66.863
238.892,251.096,83.579,66.863
215.533,240.747,83.579,66.863
203.410,235.720,83.579,66.863
207.254,238.381,83.579,66.863
215.237,246.365,83.579,66.863
227.952,249.617,83.579,66.863
238.301,238.085,83.579,66.863
239.779,224.188,83.579,66.863
234.753,223.301,83.579,66.863
240.371,222.414,83.579,66.863
256.634,219.161,83.579,66.863
277.036,214.134,83.579,66.863
285.020,220.935,83.579,66.863
281.767,238.381,83.579,66.863
267.870,249.322,83.579,66.863
259.295,246.069,83.579,66.863
264.913,233.354,83.579,66.863
272.305,224.779,83.579,66.863
277.332,223.892,83.579,66.863
280.585,209.995,83.579,66.863
270.827,187.227,83.579,66.863
249.241,173.921,83.579,66.863
225.882,172.442,83.579,66.863
209.619,170.964,83.579,66.863
212.280,171.260,83.579,66.863
222.038,165.050,83.579,66.863
226.473,157.658,83.579,66.863
232.091,168.598,83.579,66.863
233.570,186.044,83.579,66.863
227.952,200.533,83.579,66.863
222.925,208.516,83.579,66.863
214.350,205.264,83.579,66.863
199.270,197.280,83.579,66.863
191.878,184.566,83.579,66.863
199.270,168.303,83.579,66.863
220.264,172.738,83.579,66.863
243.623,204.968,83.579,66.863
250.982,232.759,85.428,68.343
246.448,248.777,85.428,68.343
240.101,242.430,85.428,68.343
231.941,224.598,85.428,68.343
226.199,212.207,85.428,68.343
227.710,213.114,85.428,68.343
232.848,215.229,85.428,68.343
240.404,210.696,85.428,68.343
244.333,197.700,85.428,68.343
233.755,195.584,85.428,68.343
221.363,206.162,85.428,68.343
225.292,222.181,85.428,68.343
249.168,227.319,85.428,68.343
283.925,217.949,85.428,68.343
284.832,208.580,85.428,68.343
262.769,210.696,85.428,68.343
238.893,221.274,85.428,68.343
222.270,221.576,85.428,68.343
217.736,208.580,85.428,68.343
216.830,196.189,85.428,68.343
219.550,200.722,85.428,68.343
222.874,211.905,85.428,68.343
246.146,220.669,85.428,68.343
285.134,223.390,85.428,68.343
293.294,217.647,85.428,68.343
280.298,205.860,85.428,68.343
229.826,194.073,85.428,68.343
160.615,188.935,85.428,68.343
136.738,186.215,85.428,68.343
145.503,187.122,85.428,68.343
162.730,188.028,85.428,68.343
169.077,184.704,85.428,68.343
176.633,183.193,85.428,68.343
193.256,176.846,85.428,68.343
209.274,178.357,85.428,68.343
218.643,191.353,85.428,68.343
222.572,200.118,85.428,68.343
228.315,201.024,85.428,68.343
232.244,194.678,85.428,68.343
237.381,193.166,85.428,68.343
236.475,202.536,85.428,68.343
236.777,207.069,85.428,68.343
253.400,209.185,85.428,68.343
274.254,222.181,85.428,68.343
284.227,247.266,85.428,68.343
282.716,267.515,85.428,68.343
281.205,282.325,85.428,68.343
281.507,289.276,85.428,68.343
279.996,280.511,85.428,68.343
281.507,270.538,85.428,68.343
283.623,257.542,85.428,68.343
280.903,230.643,85.428,68.343
284.227,200.118,85.428,68.343
279.694,199.816,85.428,68.343
269.720,230.945,85.428,68.343
258.538,272.351,85.428,68.343
254.609,299.854,85.428,68.343
253.097,298.947,85.428,68.343
243.728,267.818,85.428,68.343
231.337,259.657,85.428,68.343
223.781,264.191,85.428,68.343
223.479,256.635,85.428,68.343
221.968,240.617,85.428,68.343
224.083,233.061,85.428,68.343
234.057,235.177,85.428,68.343
238.590,225.203,85.428,68.343
236.475,200.722,85.428,68.343
228.919,171.406,85.428,68.343
226.803,168.686,85.428,68.343
232.546,179.868,85.428,68.343
243.728,189.237,85.428,68.343
247.053,189.540,85.428,68.343
238.288,189.842,85.428,68.343
218.039,191.353,85.428,68.343
195.976,185.611,85.428,68.343
189.024,178.055,85.428,68.343
202.625,162.641,85.428,68.343
218.643,141.183,85.428,68.343
214.714,126.373,85.428,68.343
210.181,125.467,85.428,68.343
210.483,142.694,85.428,68.343
215.181,152.453,83.607,66.885
227.900,146.242,83.607,66.885
234.703,147.129,83.607,66.885
234.998,151.566,83.607,66.885
235.294,170.200,83.607,66.885
228.491,196.525,83.607,66.885
216.955,215.751,83.607,66.885
211.927,215.455,83.607,66.885
210.448,195.638,83.607,66.885
203.645,162.214,83.607,66.885
189.743,118.142,83.607,66.885
186.489,106.015,83.607,66.885
196.250,124.649,83.607,66.885
210.152,149.199,83.607,66.885
230.562,159.552,83.607,66.885
247.421,160.439,83.607,66.885
247.717,152.453,83.607,66.885
243.280,144.467,83.607,66.885
247.717,153.045,83.607,66.885
247.421,163.989,83.607,66.885
240.027,167.242,83.607,66.885
234.407,175.820,83.607,66.885
234.703,186.764,83.607,66.885
237.365,186.468,83.607,66.885
244.168,184.398,83.607,66.885
250.379,177.003,83.607,66.885
250.675,163.101,83.607,66.885
246.238,174.045,83.607,66.885
239.435,218.709,83.607,66.885
245.647,261.007,83.607,66.885
255.408,273.725,83.607,66.885
265.760,277.571,83.607,66.885
260.140,263.077,83.607,66.885
246.830,245.626,83.607,66.885
247.717,254.203,83.607,66.885
259.844,269.880,83.607,66.885
266.647,272.542,83.607,66.885
265.760,260.415,83.607,66.885
257.774,247.696,83.607,66.885
248.013,241.485,83.607,66.885
252.450,235.865,83.607,66.885
265.168,219.597,83.607,66.885
268.422,195.046,83.607,66.885
262.802,189.426,83.607,66.885
261.323,207.469,83.607,66.885
264.577,230.836,83.607,66.885
261.323,232.907,83.607,66.885
249.788,220.780,83.607,66.885
236.477,211.019,83.607,66.885
227.899,226.104,83.607,66.885
231.153,256.570,83.607,66.885
241.506,274.021,83.607,66.885
247.126,257.753,83.607,66.885
234.407,221.371,83.607,66.885
228.787,211.019,83.607,66.885
248.604,220.780,83.607,66.885
279.070,224.625,83.607,66.885
294.156,208.357,83.607,66.885
280.254,183.215,83.607,66.885
247.421,175.229,83.607,66.885
206.307,185.581,83.607,66.885
184.123,194.750,83.607,66.885
180.278,182.623,83.607,66.885
182.940,168.130,83.607,66.885
196.250,163.693,83.607,66.885
227.899,163.397,83.607,66.885
257.774,156.002,83.607,66.885
259.844,156.298,83.607,66.885
246.534,161.327,83.607,66.885
225.473,163.465,81.824,65.459
203.762,172.439,81.824,65.459
194.209,190.676,81.824,65.459
186.393,206.598,81.824,65.459
171.051,209.782,81.824,65.459
149.340,195.018,81.824,65.459
145.577,176.202,81.824,65.459
166.709,181.702,81.824,65.459
193.051,206.308,81.824,65.459
201.446,230.335,81.824,65.459
197.683,240.467,81.824,65.459
188.130,229.756,81.824,65.459
177.999,220.782,81.824,65.459
178.288,225.703,81.824,65.459
190.736,230.624,81.824,65.459
221.131,230.335,81.824,65.459
261.368,219.045,81.824,65.459
294.079,201.966,81.824,65.459
293.790,203.413,81.824,65.459
273.237,222.808,81.824,65.459
259.880,232.156,80.079,64.063
253.364,220.540,80.079,64.063
240.048,198.159,80.079,64.063
218.234,182.577,80.079,64.063
195.853,185.127,80.079,64.063
195.569,206.375,80.079,64.063
224.750,239.522,80.079,64.063
250.531,256.237,80.079,64.063
245.714,246.321,80.079,64.063
225.033,228.473,80.079,64.063
206.052,220.257,80.079,64.063
209.735,229.039,80.079,64.063
238.348,250.287,80.079,64.063
269.795,258.503,80.079,64.063
282.544,244.621,80.079,64.063
270.929,227.906,80.079,64.063
249.114,212.891,80.079,64.063
242.598,202.975,80.079,64.063
262.713,209.491,80.079,64.063
283.961,221.674,80.079,64.063
272.912,212.891,80.079,64.063
248.831,196.176,80.079,64.063
244.581,190.793,80.079,64.063
261.296,188.810,80.079,64.063
279.711,187.394,80.079,64.063
276.028,178.044,80.079,64.063
256.480,166.429,80.079,64.063
252.797,172.378,80.079,64.063
257.047,183.427,80.079,64.063
262.429,182.577,80.079,64.063
274.045,170.962,80.079,64.063
287.360,172.378,80.079,64.063
300.676,192.493,80.079,64.063
306.625,211.475,80.079,64.063
300.676,212.324,80.079,64.063
295.859,203.542,80.079,64.063
284.244,197.593,80.079,64.063
245.431,199.576,80.079,64.063
197.552,212.324,80.079,64.063
205.768,210.908,80.079,64.063
229.283,193.060,80.079,64.063
244.864,184.277,80.079,64.063
242.315,183.427,80.079,64.063
227.866,191.643,80.079,64.063
232.682,210.058,80.079,64.063
260.730,216.574,80.079,64.063
288.210,201.559,80.079,64.063
304.359,181.444,80.079,64.063
306.908,168.129,80.079,64.063
293.026,174.078,80.079,64.063
282.544,204.392,80.079,64.063
299.259,227.340,80.079,64.063
323.340,211.758,80.079,64.063
336.655,187.677,80.079,64.063
331.272,182.294,80.079,64.063
312.858,193.343,80.079,64.063
298.976,203.259,80.079,64.063
296.426,205.242,80.079,64.063
297.276,199.859,80.079,64.063
292.460,195.043,80.079,64.063
289.343,188.527,80.079,64.063
288.493,187.677,80.079,64.063
284.244,187.394,80.079,64.063
273.762,188.810,80.079,64.063
268.945,192.493,80.079,64.063
269.795,197.309,80.079,64.063
268.945,202.692,80.079,64.063
269.795,204.675,80.079,64.063
281.977,212.891,80.079,64.063
294.726,222.807,80.079,64.063
292.176,228.756,80.079,64.063
280.561,226.773,80.079,64.063
270.645,216.291,80.079,64.063
272.062,217.141,80.079,64.063
284.810,223.657,80.079,64.063
282.261,223.940,80.079,64.063
251.947,222.523,80.079,64.063
229.566,215.441,80.079,64.063
234.949,203.259,80.079,64.063
241.465,200.709,80.079,64.063
246.281,201.559,80.079,64.063
250.531,202.975,80.079,64.063
247.981,207.225,80.079,64.063
243.731,210.908,80.079,64.063
254.780,207.225,80.079,64.063
258.463,206.375,80.079,64.063
248.547,206.658,80.079,64.063
252.230,198.442,80.079,64.063
262.146,190.227,80.079,64.063
255.088,180.994,81.850,65.480
249.007,178.967,81.850,65.480
254.509,187.944,81.850,65.480
259.431,197.500,81.850,65.480
255.667,197.789,81.850,65.480
242.636,188.233,81.850,65.480
228.447,172.886,81.850,65.480
