57.000,156.000,198.000,173.000
62.109,153.810,198.000,173.000
64.299,154.540,198.000,173.000
66.489,153.810,198.000,173.000
68.678,154.540,198.000,173.000
70.868,153.810,198.000,173.000
73.058,154.540,198.000,173.000
76.707,155.270,198.000,173.000
77.437,156.000,198.000,173.000
81.087,156.730,198.000,173.000
83.276,157.460,198.000,173.000
85.466,159.650,198.000,173.000
89.116,161.839,198.000,173.000
92.765,161.109,198.000,173.000
90.575,163.299,198.000,173.000
97.145,161.109,198.000,173.000
93.495,164.759,198.000,173.000
100.064,165.489,198.000,173.000
93.495,167.678,198.000,173.000
86.926,169.868,198.000,173.000
90.575,169.138,198.000,173.000
91.305,166.949,198.000,173.000
92.035,170.598,198.000,173.000
92.765,164.029,198.000,173.000
84.736,160.379,198.000,173.000
95.685,165.489,198.000,173.000
84.736,157.460,198.000,173.000
75.248,155.270,198.000,173.000
75.977,156.000,198.000,173.000
67.949,152.351,198.000,173.000
70.763,152.085,193.778,169.311
69.387,151.824,189.645,165.700
71.484,155.320,189.645,165.700
72.183,153.223,189.645,165.700
71.484,155.320,189.645,165.700
72.183,153.223,189.645,165.700
71.484,153.922,189.645,165.700
70.785,154.621,189.645,165.700
70.086,153.922,189.645,165.700
70.785,154.621,189.645,165.700
70.086,153.922,189.645,165.700
72.183,154.621,189.645,165.700
70.836,154.366,185.601,162.167
72.889,156.419,185.601,162.167
72.205,154.366,185.601,162.167
72.889,156.419,185.601,162.167
70.836,154.366,185.601,162.167
72.889,156.419,185.601,162.167
70.836,152.998,185.601,162.167
74.794,155.386,181.643,158.708
76.802,157.395,181.643,158.708
74.794,155.386,181.643,158.708
78.142,157.395,181.643,158.708
74.794,155.386,181.643,158.708
78.142,157.395,181.643,158.708
74.794,155.386,181.643,158.708
78.142,157.395,181.643,158.708
76.133,155.386,181.643,158.708
79.481,157.395,181.643,158.708
77.472,156.725,181.643,158.708
76.802,154.717,181.643,158.708
77.472,156.725,181.643,158.708
78.142,156.056,181.643,158.708
80.150,156.725,181.643,158.708
79.481,156.056,181.643,158.708
81.490,158.065,181.643,158.708
78.142,156.056,181.643,158.708
81.490,156.725,181.643,158.708
78.142,156.056,181.643,158.708
81.490,156.725,181.643,158.708
78.142,156.056,181.643,158.708
81.490,156.725,181.643,158.708
78.142,156.056,181.643,158.708
81.490,156.725,181.643,158.708
79.481,156.056,181.643,158.708
81.490,158.065,181.643,158.708
79.481,156.056,181.643,158.708
82.829,158.065,181.643,158.708
80.820,156.056,181.643,158.708
81.490,158.065,181.643,158.708
79.481,156.056,181.643,158.708
82.829,158.065,181.643,158.708
80.820,156.056,181.643,158.708
81.490,156.725,181.643,158.708
79.481,156.056,181.643,158.708
82.829,158.065,181.643,158.708
80.820,156.056,181.643,158.708
82.829,158.065,181.643,158.708
80.820,156.056,181.643,158.708
82.829,158.065,181.643,158.708
80.820,156.056,181.643,158.708
82.829,158.065,181.643,158.708
80.820,156.056,181.643,158.708
82.829,158.065,181.643,158.708
80.820,157.395,181.643,158.708
81.490,158.065,181.643,158.708
80.820,157.395,181.643,158.708
81.490,158.065,181.643,158.708
80.820,158.734,181.643,158.708
80.150,158.065,181.643,158.708
80.820,157.395,181.643,158.708
81.490,159.404,181.643,158.708
79.481,158.734,181.643,158.708
81.490,158.065,181.643,158.708
79.481,158.734,181.643,158.708
80.150,158.065,181.643,158.708
80.820,158.734,181.643,158.708
80.150,158.065,181.643,158.708
80.820,157.395,181.643,158.708
80.150,159.404,181.643,158.708
80.820,158.734,181.643,158.708
80.150,158.065,181.643,158.708
80.820,158.734,181.643,158.708
80.150,158.065,181.643,158.708
80.820,158.734,181.643,158.708
78.811,158.065,181.643,158.708
79.481,157.395,181.643,158.708
81.490,159.404,181.643,158.708
79.481,158.734,181.643,158.708
80.150,158.065,181.643,158.708
79.481,157.395,181.643,158.708
81.490,159.404,181.643,158.708
78.142,158.734,181.643,158.708
81.490,156.725,181.643,158.708
79.481,158.734,181.643,158.708
78.811,158.065,181.643,158.708
79.481,157.395,181.643,158.708
81.490,159.404,181.643,158.708
78.142,158.734,181.643,158.708
80.150,156.725,181.643,158.708
80.820,158.734,181.643,158.708
78.811,158.065,181.643,158.708
79.481,157.395,181.643,158.708
80.150,159.404,181.643,158.708
80.820,158.734,181.643,158.708
78.811,158.065,181.643,158.708
79.481,157.395,181.643,158.708
80.150,159.404,181.643,158.708
79.481,158.734,181.643,158.708
78.811,158.065,181.643,158.708
78.142,157.395,181.643,158.708
80.150,158.065,181.643,158.708
79.481,157.395,181.643,158.708
78.811,158.065,181.643,158.708
79.481,157.395,181.643,158.708
80.150,159.404,181.643,158.708
79.481,158.734,181.643,158.708
78.811,158.065,181.643,158.708
78.142,157.395,181.643,158.708
80.150,158.065,181.643,158.708
79.481,157.395,181.643,158.708
80.150,159.404,181.643,158.708
79.481,158.734,181.643,158.708
78.811,158.065,181.643,158.708
78.142,157.395,181.643,158.708
80.150,158.065,181.643,158.708
78.142,157.395,181.643,158.708
80.150,158.065,181.643,158.708
78.142,157.395,181.643,158.708
80.150,158.065,181.643,158.708
79.481,157.395,181.643,158.708
78.811,158.065,181.643,158.708
78.142,157.395,181.643,158.708
80.150,158.065,181.643,158.708
78.142,157.395,181.643,158.708
80.150,158.065,181.643,158.708
78.142,157.395,181.643,158.708
80.150,158.065,181.643,158.708
78.142,157.395,181.643,158.708
80.150,158.065,181.643,158.708
78.142,157.395,181.643,158.708
80.150,158.065,181.643,158.708
78.142,157.395,181.643,158.708
80.150,158.065,181.643,158.708
78.142,157.395,181.643,158.708
80.150,158.065,181.643,158.708
78.142,157.395,181.643,158.708
80.150,158.065,181.643,158.708
78.142,157.395,181.643,158.708
78.811,158.065,181.643,158.708
78.142,157.395,181.643,158.708
80.150,158.065,181.643,158.708
78.142,157.395,181.643,158.708
78.811,158.065,181.643,158.708
76.802,157.395,181.643,158.708
78.811,159.404,181.643,158.708
76.802,157.395,181.643,158.708
78.811,159.404,181.643,158.708
76.802,157.395,181.643,158.708
78.811,159.404,181.643,158.708
76.802,157.395,181.643,158.708
78.811,159.404,181.643,158.708
76.802,157.395,181.643,158.708
78.811,159.404,181.643,158.708
76.802,157.395,181.643,158.708
77.472,158.065,181.643,158.708
76.802,157.395,181.643,158.708
77.472,158.065,181.643,158.708
76.802,157.395,181.643,158.708
77.472,158.065,181.643,158.708
76.802,157.395,181.643,158.708
78.811,158.065,181.643,158.708
76.802,157.395,181.643,158.708
78.811,159.404,181.643,158.708
76.802,157.395,181.643,158.708
78.811,159.404,181.643,158.708
76.802,157.395,181.643,158.708
78.811,158.065,181.643,158.708
76.802,157.395,181.643,158.708
77.472,158.065,181.643,158.708
78.142,157.395,181.643,158.708
78.811,158.065,181.643,158.708
76.802,157.395,181.643,158.708
78.811,158.065,181.643,158.708
76.802,157.395,181.643,158.708
77.472,158.065,181.643,158.708
76.802,157.395,181.643,158.708
77.472,158.065,181.643,158.708
76.802,157.395,181.643,158.708
77.472,158.065,181.643,158.708
76.802,157.395,181.643,158.708
77.472,158.065,181.643,158.708
76.802,157.395,181.643,158.708
78.811,159.404,181.643,158.708
76.802,157.395,181.643,158.708
77.472,158.065,181.643,158.708
76.802,157.395,181.643,158.708
77.472,158.065,181.643,158.708
76.802,157.395,181.643,158.708
77.472,159.404,181.643,158.708
76.802,157.395,181.643,158.708
77.472,158.065,181.643,158.708
76.802,157.395,181.643,158.708
76.133,158.065,181.643,158.708
78.142,158.734,181.643,158.708
77.472,156.725,181.643,158.708
76.802,157.395,181.643,158.708
77.472,158.065,181.643,158.708
76.802,157.395,181.643,158.708
77.472,158.065,181.643,158.708
76.802,157.395,181.643,158.708
78.811,159.404,181.643,158.708
76.802,157.395,181.643,158.708
78.811,159.404,181.643,158.708
76.802,158.734,181.643,158.708
78.811,158.065,181.643,158.708
75.463,157.395,181.643,158.708
77.472,159.404,181.643,158.708
76.802,157.395,181.643,158.708
78.811,159.404,181.643,158.708
76.802,158.734,181.643,158.708
80.150,158.065,181.643,158.708
78.142,158.734,181.643,158.708
78.811,158.065,181.643,158.708
76.802,157.395,181.643,158.708
78.811,159.404,181.643,158.708
76.802,158.734,181.643,158.708
77.472,158.065,181.643,158.708
78.142,158.734,181.643,158.708
78.811,158.065,181.643,158.708
76.802,158.734,181.643,158.708
78.811,158.065,181.643,158.708
76.802,158.734,181.643,158.708
80.150,158.065,181.643,158.708
78.142,158.734,181.643,158.708
78.811,158.065,181.643,158.708
78.142,157.395,181.643,158.708
80.150,159.404,181.643,158.708
79.481,158.734,181.643,158.708
77.472,158.065,181.643,158.708
78.142,157.395,181.643,158.708
80.150,159.404,181.643,158.708
78.142,158.734,181.643,158.708
78.811,156.725,181.643,158.708
78.142,157.395,181.643,158.708
78.811,159.404,181.643,158.708
76.802,158.734,181.643,158.708
77.472,158.065,181.643,158.708
75.463,157.395,181.643,158.708
77.472,159.404,181.643,158.708
75.463,157.395,181.643,158.708
77.472,159.404,181.643,158.708
75.463,157.395,181.643,158.708
77.472,159.404,181.643,158.708
75.463,157.395,181.643,158.708
77.472,159.404,181.643,158.708
76.802,157.395,181.643,158.708
77.472,158.065,181.643,158.708
76.802,157.395,181.643,158.708
77.472,158.065,181.643,158.708
76.802,157.395,181.643,158.708
77.472,158.065,181.643,158.708
76.802,157.395,181.643,158.708
77.472,158.065,181.643,158.708
75.463,157.395,181.643,158.708
76.133,159.404,181.643,158.708
76.802,158.734,181.643,158.708
74.794,156.725,181.643,158.708
76.802,158.734,181.643,158.708
74.794,156.725,181.643,158.708
74.124,157.395,181.643,158.708
76.133,158.065,181.643,158.708
74.124,157.395,181.643,158.708
76.133,158.065,181.643,158.708
75.463,157.395,181.643,158.708
74.794,158.065,181.643,158.708
76.802,158.734,181.643,158.708
76.133,156.725,181.643,158.708
76.802,157.395,181.643,158.708
76.133,158.065,181.643,158.708
78.142,157.395,181.643,158.708
77.472,158.065,181.643,158.708
76.802,156.056,181.643,158.708
78.811,158.065,181.643,158.708
76.802,156.056,181.643,158.708
78.811,158.065,181.643,158.708
76.802,156.056,181.643,158.708
77.472,158.065,181.643,158.708
75.463,156.056,181.643,158.708
77.472,159.404,181.643,158.708
75.463,157.395,181.643,158.708
76.133,159.404,181.643,158.708
75.463,158.734,181.643,158.708
76.133,158.065,181.643,158.708
76.802,158.734,181.643,158.708
76.133,156.725,181.643,158.708
76.802,158.734,181.643,158.708
76.133,156.725,181.643,158.708
76.802,158.734,181.643,158.708
76.133,156.725,181.643,158.708
75.463,158.734,181.643,158.708
74.794,158.065,181.643,158.708
75.463,158.734,181.643,158.708
74.794,158.065,181.643,158.708
75.463,158.734,181.643,158.708
74.794,158.065,181.643,158.708
75.463,158.734,181.643,158.708
74.794,158.065,181.643,158.708
75.463,158.734,181.643,158.708
74.794,158.065,181.643,158.708
75.463,158.734,181.643,158.708
73.454,158.065,181.643,158.708
75.463,158.734,181.643,158.708
73.454,158.065,181.643,158.708
72.785,157.395,181.643,158.708
74.794,158.065,181.643,158.708
76.802,158.734,181.643,158.708
76.133,155.386,181.643,158.708
78.142,158.734,181.643,158.708
76.133,155.386,181.643,158.708
78.142,157.395,181.643,158.708
76.133,155.386,181.643,158.708
78.142,157.395,181.643,158.708
76.133,155.386,181.643,158.708
78.142,157.395,181.643,158.708
76.133,155.386,181.643,158.708
76.802,156.056,181.643,158.708
76.133,155.386,181.643,158.708
78.142,157.395,181.643,158.708
76.133,155.386,181.643,158.708
78.142,157.395,181.643,158.708
76.133,155.386,181.643,158.708
78.142,157.395,181.643,158.708
76.133,155.386,181.643,158.708
78.142,157.395,181.643,158.708
74.794,154.047,181.643,158.708
76.802,156.056,181.643,158.708
76.133,155.386,181.643,158.708
76.802,157.395,181.643,158.708
74.794,155.386,181.643,158.708
78.142,157.395,181.643,158.708
74.794,154.047,181.643,158.708
76.802,156.056,181.643,158.708
76.133,155.386,181.643,158.708
76.802,156.056,181.643,158.708
76.133,155.386,181.643,158.708
76.802,157.395,181.643,158.708
74.794,155.386,181.643,158.708
78.142,157.395,181.643,158.708
74.794,155.386,181.643,158.708
78.142,157.395,181.643,158.708
76.133,155.386,181.643,158.708
76.802,156.056,181.643,158.708
76.133,155.386,181.643,158.708
75.463,156.056,181.643,158.708
74.794,155.386,181.643,158.708
76.802,157.395,181.643,158.708
74.794,155.386,181.643,158.708
76.802,157.395,181.643,158.708
73.454,155.386,181.643,158.708
75.463,156.056,181.643,158.708
72.115,155.386,181.643,158.708
74.124,156.056,181.643,158.708
70.776,154.047,181.643,158.708
71.446,156.056,181.643,158.708
73.454,155.386,181.643,158.708
84.838,161.413,181.643,158.708
85.507,160.743,181.643,158.708
87.516,153.377,181.643,158.708
90.864,150.029,181.643,158.708
100.665,143.411,185.662,162.220
98.611,138.620,185.662,162.220
93.821,136.567,185.662,162.220
87.661,137.251,185.662,162.220
82.870,139.304,185.662,162.220
79.448,139.989,185.662,162.220
73.843,138.904,189.770,165.809
71.745,138.205,189.770,165.809
71.045,140.303,189.770,165.809
71.745,139.604,189.770,165.809
72.444,140.303,189.770,165.809
74.543,141.003,189.770,165.809
76.642,140.303,189.770,165.809
75.942,142.402,189.770,165.809
78.041,141.702,189.770,165.809
77.341,141.003,189.770,165.809
78.041,140.303,189.770,165.809
77.341,141.003,189.770,165.809
76.642,138.904,189.770,165.809
75.942,138.205,189.770,165.809
75.243,138.904,189.770,165.809
75.942,136.806,189.770,165.809
75.243,137.505,189.770,165.809
77.341,138.205,189.770,165.809
79.440,137.505,189.770,165.809
81.539,138.205,189.770,165.809
85.036,136.106,189.770,165.809
89.933,135.406,189.770,165.809
96.229,134.707,189.770,165.809
95.530,139.604,189.770,165.809
92.032,144.501,189.770,165.809
88.534,147.998,189.770,165.809
89.234,150.097,189.770,165.809
84.337,157.792,189.770,165.809
87.835,159.891,189.770,165.809
75.942,156.393,189.770,165.809
68.247,154.295,189.770,165.809
68.947,152.196,189.770,165.809
71.045,152.895,189.770,165.809
71.745,153.595,189.770,165.809
71.045,155.694,189.770,165.809
73.144,153.595,189.770,165.809
72.444,155.694,189.770,165.809
73.144,152.196,189.770,165.809
71.045,154.295,189.770,165.809
73.144,154.994,189.770,165.809
71.796,153.391,185.723,162.273
72.481,155.445,185.723,162.273
71.796,153.391,185.723,162.273
73.850,155.445,185.723,162.273
75.904,153.391,185.723,162.273
73.850,155.445,185.723,162.273
74.535,153.391,185.723,162.273
75.219,155.445,185.723,162.273
73.165,153.391,185.723,162.273
75.219,155.445,185.723,162.273
73.165,153.391,185.723,162.273
75.219,155.445,185.723,162.273
73.165,153.391,185.723,162.273
75.219,155.445,185.723,162.273
73.165,153.391,185.723,162.273
75.219,155.445,185.723,162.273
73.165,153.391,185.723,162.273
75.219,155.445,185.723,162.273
73.165,153.391,185.723,162.273
76.589,155.445,185.723,162.273
73.165,153.391,185.723,162.273
75.219,155.445,185.723,162.273
74.535,153.391,185.723,162.273
76.589,155.445,185.723,162.273
73.165,153.391,185.723,162.273
75.219,155.445,185.723,162.273
74.535,153.391,185.723,162.273
76.589,155.445,185.723,162.273
73.165,153.391,185.723,162.273
75.219,155.445,185.723,162.273
73.165,153.391,185.723,162.273
75.219,155.445,185.723,162.273
73.165,153.391,185.723,162.273
75.219,155.445,185.723,162.273
73.165,153.391,185.723,162.273
75.219,155.445,185.723,162.273
73.165,153.391,185.723,162.273
75.219,155.445,185.723,162.273
73.165,153.391,185.723,162.273
75.219,155.445,185.723,162.273
73.165,153.391,185.723,162.273
73.850,155.445,185.723,162.273
73.165,153.391,185.723,162.273
73.850,155.445,185.723,162.273
73.165,153.391,185.723,162.273
73.850,155.445,185.723,162.273
73.165,153.391,185.723,162.273
73.850,155.445,185.723,162.273
73.165,153.391,185.723,162.273
73.850,155.445,185.723,162.273
73.165,153.391,185.723,162.273
73.850,155.445,185.723,162.273
73.165,153.391,185.723,162.273
73.850,155.445,185.723,162.273
73.165,153.391,185.723,162.273
73.850,155.445,185.723,162.273
73.165,153.391,185.723,162.273
73.850,155.445,185.723,162.273
73.165,153.391,185.723,162.273
73.850,155.445,185.723,162.273
73.165,153.391,185.723,162.273
73.850,155.445,185.723,162.273
73.165,153.391,185.723,162.273
73.850,155.445,185.723,162.273
73.165,153.391,185.723,162.273
73.850,155.445,185.723,162.273
73.165,153.391,185.723,162.273
73.850,155.445,185.723,162.273
73.165,153.391,185.723,162.273
73.850,155.445,185.723,162.273
73.165,153.391,185.723,162.273
73.850,155.445,185.723,162.273
73.165,153.391,185.723,162.273
73.850,155.445,185.723,162.273
73.165,153.391,185.723,162.273
73.850,155.445,185.723,162.273
73.165,153.391,185.723,162.273
73.850,155.445,185.723,162.273
73.165,153.391,185.723,162.273
73.850,155.445,185.723,162.273
73.165,153.391,185.723,162.273
73.850,155.445,185.723,162.273
73.165,153.391,185.723,162.273
73.850,155.445,185.723,162.273
73.165,154.760,185.723,162.273
75.219,156.814,185.723,162.273
71.796,153.391,185.723,162.273
72.481,155.445,185.723,162.273
73.165,154.760,185.723,162.273
76.589,156.814,185.723,162.273
71.796,153.391,185.723,162.273
72.481,155.445,185.723,162.273
73.165,154.760,185.723,162.273
75.219,155.445,185.723,162.273
73.165,154.760,185.723,162.273
75.219,155.445,185.723,162.273
73.165,154.760,185.723,162.273
76.589,155.445,185.723,162.273
71.796,153.391,185.723,162.273
73.850,155.445,185.723,162.273
74.535,153.391,185.723,162.273
75.219,155.445,185.723,162.273
73.165,153.391,185.723,162.273
75.219,155.445,185.723,162.273
73.165,153.391,185.723,162.273
75.219,155.445,185.723,162.273
73.165,153.391,185.723,162.273
73.850,155.445,185.723,162.273
73.165,153.391,185.723,162.273
75.219,155.445,185.723,162.273
73.165,153.391,185.723,162.273
75.219,155.445,185.723,162.273
73.165,153.391,185.723,162.273
75.219,155.445,185.723,162.273
73.165,153.391,185.723,162.273
75.219,155.445,185.723,162.273
73.165,153.391,185.723,162.273
73.850,155.445,185.723,162.273
74.535,153.391,185.723,162.273
75.219,155.445,185.723,162.273
73.165,153.391,185.723,162.273
75.219,155.445,185.723,162.273
73.165,153.391,185.723,162.273
75.219,155.445,185.723,162.273
73.165,153.391,185.723,162.273
75.219,155.445,185.723,162.273
73.165,153.391,185.723,162.273
75.219,155.445,185.723,162.273
73.165,153.391,185.723,162.273
75.219,155.445,185.723,162.273
73.165,153.391,185.723,162.273
73.850,155.445,185.723,162.273
74.535,153.391,185.723,162.273
75.219,155.445,185.723,162.273
73.165,153.391,185.723,162.273
75.219,155.445,185.723,162.273
73.165,153.391,185.723,162.273
73.850,155.445,185.723,162.273
74.535,153.391,185.723,162.273
75.219,155.445,185.723,162.273
73.165,153.391,185.723,162.273
73.850,155.445,185.723,162.273
74.535,153.391,185.723,162.273
75.219,154.075,185.723,162.273
73.165,154.760,185.723,162.273
76.589,155.445,185.723,162.273
71.796,153.391,185.723,162.273
73.850,155.445,185.723,162.273
74.535,153.391,185.723,162.273
73.850,154.075,185.723,162.273
73.165,154.760,185.723,162.273
76.589,155.445,185.723,162.273
71.796,153.391,185.723,162.273
73.850,154.075,185.723,162.273
73.165,154.760,185.723,162.273
75.219,154.075,185.723,162.273
73.165,154.760,185.723,162.273
75.219,154.075,185.723,162.273
71.796,154.760,185.723,162.273
72.481,154.075,185.723,162.273
73.165,154.760,185.723,162.273
75.219,154.075,185.723,162.273
73.165,154.760,185.723,162.273
75.219,155.445,185.723,162.273
71.796,153.391,185.723,162.273
72.481,154.075,185.723,162.273
71.796,154.760,185.723,162.273
71.111,154.075,185.723,162.273
70.427,154.760,185.723,162.273
72.481,154.075,185.723,162.273
73.165,156.129,185.723,162.273
72.481,154.075,185.723,162.273
74.535,156.129,185.723,162.273
73.850,154.075,185.723,162.273
74.535,156.129,185.723,162.273
73.850,154.075,185.723,162.273
73.165,154.760,185.723,162.273
75.219,155.445,185.723,162.273
71.796,153.391,185.723,162.273
72.481,155.445,185.723,162.273
73.165,153.391,185.723,162.273
73.850,155.445,185.723,162.273
73.165,153.391,185.723,162.273
72.481,154.075,185.723,162.273
73.165,156.129,185.723,162.273
72.481,154.075,185.723,162.273
73.165,154.760,185.723,162.273
75.219,154.075,185.723,162.273
71.796,154.760,185.723,162.273
68.373,152.706,185.723,162.273
66.319,154.760,185.723,162.273
65.634,152.706,185.723,162.273
66.955,155.096,181.762,158.812
67.625,154.426,181.762,158.812
68.295,156.436,181.762,158.812
68.295,156.192,177.886,155.426
70.263,158.159,177.886,155.426
68.295,156.192,177.886,155.426
70.263,156.848,177.886,155.426
68.295,154.881,177.886,155.426
71.574,155.536,177.886,155.426
72.230,154.881,177.886,155.426
70.263,156.848,177.886,155.426
69.607,157.504,177.886,155.426
68.951,155.536,177.886,155.426
72.230,157.504,177.886,155.426
72.886,158.159,177.886,155.426
76.164,160.127,177.886,155.426
72.886,158.159,177.886,155.426
76.164,161.438,177.886,155.426
79.443,166.028,177.886,155.426
84.033,173.242,177.886,155.426
89.935,176.521,177.886,155.426
91.903,171.930,177.886,155.426
101.739,175.209,177.886,155.426
105.894,167.367,181.822,158.864
97.624,163.523,185.845,162.379
87.750,163.859,189.956,165.972
82.848,163.159,189.956,165.972
77.946,165.259,189.956,165.972
74.445,161.758,189.956,165.972
67.258,159.196,194.159,169.644
63.679,158.480,194.159,169.644
59.304,155.861,198.455,173.398
55.646,155.129,198.455,173.398
53.451,154.397,198.455,173.398
49.793,155.129,198.455,173.398
49.061,154.397,198.455,173.398
48.330,155.129,198.455,173.398
47.598,155.861,198.455,173.398
46.867,158.055,198.455,173.398
43.912,156.896,202.846,177.234
44.660,157.644,202.846,177.234
42.417,158.392,202.846,177.234
44.660,159.139,202.846,177.234
43.912,159.887,202.846,177.234
44.660,159.139,202.846,177.234
45.408,158.392,202.846,177.234
46.156,159.139,202.846,177.234
46.903,158.392,202.846,177.234
46.156,159.139,202.846,177.234
48.399,158.392,202.846,177.234
47.651,160.635,202.846,177.234
48.399,161.383,202.846,177.234
50.642,163.626,202.846,177.234
48.399,162.878,202.846,177.234
50.642,163.626,202.846,177.234
51.390,162.878,202.846,177.234
52.138,165.122,202.846,177.234
54.381,162.878,202.846,177.234
53.633,166.617,202.846,177.234
54.381,164.374,202.846,177.234
