336.000,165.000,26.000,61.000
336.839,163.490,26.000,61.000
335.329,162.987,26.000,61.000
332.142,163.155,26.000,61.000
328.954,163.658,26.000,61.000
333.148,162.148,26.000,61.000
332.980,160.638,26.000,61.000
332.126,161.774,25.446,59.699
330.973,164.151,24.903,58.426
333.704,163.026,24.903,58.426
335.472,162.866,24.903,58.426
333.383,162.384,24.903,58.426
331.616,163.187,24.903,58.426
327.598,163.669,24.903,58.426
326.474,164.472,24.903,58.426
325.655,166.179,24.372,57.180
332.129,164.212,23.852,55.961
330.129,158.518,23.852,55.961
323.511,168.829,23.852,55.961
326.743,167.137,23.852,55.961
329.513,166.038,24.380,57.199
328.412,167.769,24.380,57.199
331.086,164.151,24.380,57.199
331.872,160.847,24.380,57.199
331.766,161.357,24.919,58.464
330.962,158.945,24.919,58.464
328.872,158.141,24.919,58.464
325.760,158.662,25.471,59.758
323.262,159.195,26.034,61.080
321.750,160.035,26.034,61.080
325.949,158.187,26.034,61.080
329.477,155.331,26.034,61.080
331.997,154.827,26.034,61.080
333.408,153.050,25.479,59.777
335.739,152.895,24.936,58.503
334.291,153.700,24.936,58.503
331.878,155.148,24.936,58.503
330.430,157.239,24.936,58.503
328.016,160.618,24.936,58.503
335.261,150.541,24.404,57.255
333.844,150.384,24.404,57.255
333.056,151.486,24.404,57.255
332.899,153.533,24.404,57.255
334.316,154.950,24.404,57.255
336.549,153.891,23.883,56.034
336.087,155.278,23.883,56.034
335.625,154.200,23.883,56.034
333.921,154.379,24.412,57.274
332.507,149.660,24.952,58.541
330.060,153.522,25.504,59.836
330.883,151.712,25.504,59.836
332.820,150.197,26.068,61.160
334.334,153.392,26.068,61.160
335.848,155.243,26.068,61.160
339.206,154.760,25.512,59.856
340.906,154.605,24.968,58.579
341.711,153.799,24.968,58.579
341.873,154.605,24.968,58.579
340.120,153.211,24.436,57.330
334.454,160.965,23.915,56.108
326.893,159.576,23.915,56.108
329.350,158.155,24.444,57.349
333.170,150.811,24.985,58.618
333.592,153.145,24.452,57.368
335.012,155.512,24.452,57.368
335.729,153.539,23.930,56.144
338.045,151.531,23.930,56.144
334.803,151.686,23.930,56.144
330.325,154.002,23.930,56.144
328.943,152.963,23.420,54.947
331.814,156.439,23.420,54.947
332.570,154.777,23.420,54.947
329.396,152.208,23.420,54.947
326.223,149.639,23.420,54.947
332.721,156.439,23.420,54.947
333.476,154.777,23.420,54.947
333.023,154.928,23.420,54.947
334.685,156.288,23.420,54.947
331.210,158.252,23.420,54.947
328.338,160.821,23.420,54.947
330.001,159.763,23.420,54.947
332.435,157.291,22.921,53.775
330.513,154.777,22.921,53.775
328.878,161.086,23.428,54.965
329.936,160.028,23.428,54.965
332.204,153.528,23.428,54.965
331.750,156.098,23.428,54.965
333.111,155.947,23.428,54.965
331.750,158.214,23.428,54.965
330.994,161.389,23.428,54.965
329.634,164.261,23.428,54.965
331.599,162.296,23.428,54.965
342.029,157.005,23.428,54.965
335.832,160.784,23.428,54.965
337.192,158.214,23.428,54.965
340.793,153.118,22.928,53.793
341.180,161.249,22.439,52.646
357.541,156.471,22.439,52.646
358.265,151.114,22.439,52.646
359.857,150.390,22.439,52.646
356.238,145.323,22.439,52.646
352.908,155.023,22.439,52.646
353.631,158.064,22.439,52.646
368.855,149.220,22.936,53.811
363.972,147.296,22.936,53.811
361.456,149.220,22.936,53.811
359.236,147.000,22.936,53.811
357.312,149.220,22.936,53.811
354.796,155.583,22.936,53.811
358.200,152.179,22.936,53.811
360.716,149.663,22.936,53.811
358.200,148.628,22.936,53.811
371.667,148.184,22.936,53.811
375.478,149.185,22.447,52.663
378.519,148.171,22.447,52.663
368.815,150.344,22.447,52.663
394.161,149.330,22.447,52.663
385.326,142.523,22.447,52.663
374.753,153.675,22.447,52.663
376.347,160.482,22.447,52.663
392.133,145.854,22.447,52.663
393.437,146.289,22.447,52.663
369.526,146.711,21.968,51.540
376.489,152.758,22.454,52.680
379.397,153.528,22.951,53.846
382.803,150.122,22.951,53.846
385.616,148.493,22.951,53.846
385.147,149.496,22.461,52.698
377.756,166.162,22.461,52.698
383.672,166.331,22.958,53.864
386.487,168.849,22.958,53.864
393.746,152.999,22.958,53.864
394.486,151.369,22.958,53.864
390.876,167.792,22.469,52.715
390.417,171.848,21.990,51.591
391.609,173.902,21.521,50.491
428.683,159.044,21.521,50.491
419.380,157.239,21.521,50.491
413.409,154.046,21.521,50.491
409.382,161.405,21.521,50.491
411.465,160.711,21.521,50.491
417.710,154.246,21.997,51.608
419.555,159.213,21.997,51.608
417.994,160.774,21.997,51.608
416.716,162.052,21.997,51.608
419.277,164.927,21.528,50.507
422.749,163.677,21.528,50.507
421.221,164.372,21.528,50.507
424.694,165.622,21.528,50.507
430.667,160.205,21.528,50.507
431.917,163.122,21.528,50.507
431.534,164.148,22.004,51.625
429.973,164.858,22.004,51.625
431.986,162.535,21.535,50.524
430.458,163.785,21.535,50.524
425.317,165.870,21.535,50.524
431.277,166.896,22.011,51.642
432.272,161.358,22.011,51.642
438.069,159.165,22.498,52.784
429.494,161.267,22.018,51.659
429.318,161.133,21.549,50.557
427.789,166.000,21.549,50.557
429.875,164.470,21.549,50.557
419.447,157.936,21.549,50.557
392.204,155.392,21.089,49.479
380.535,153.574,21.556,50.573
378.486,154.784,21.096,49.495
383.522,153.287,21.096,49.495
368.413,146.889,21.096,49.495
369.294,145.974,20.646,48.439
371.292,143.709,20.646,48.439
369.820,143.311,21.103,49.511
375.130,143.720,21.103,49.511
370.762,143.067,20.653,48.455
370.628,141.867,20.653,48.455
372.894,139.602,20.653,48.455
383.155,143.999,20.653,48.455
383.821,143.866,20.653,48.455
384.754,143.999,20.653,48.455
389.418,139.602,20.653,48.455
375.692,140.535,20.653,48.455
369.163,139.602,20.653,48.455
370.539,138.449,20.213,47.422
371.452,139.622,20.213,47.422
360.731,142.265,19.782,46.411
353.966,136.521,19.782,46.411
355.038,138.123,19.360,45.421
360.181,139.932,18.947,44.452
362.504,142.744,18.947,44.452
357.492,128.196,18.947,44.452
356.147,122.695,18.947,44.452
347.712,124.529,18.947,44.452
336.587,129.296,18.947,44.452
333.775,130.397,18.947,44.452
330.141,129.017,19.366,45.436
326.267,127.143,19.366,45.436
322.394,125.268,19.366,45.436
317.520,125.143,19.366,45.436
313.147,126.018,19.366,45.436
309.773,128.892,19.366,45.436
307.149,130.017,19.366,45.436
304.990,129.903,19.795,46.441
302.784,140.123,20.233,47.469
298.998,133.987,20.233,47.469
319.493,150.827,20.233,47.469
319.080,149.194,19.801,46.456
319.719,146.511,19.801,46.456
320.613,144.595,19.801,46.456
287.945,118.368,19.379,45.466
286.319,118.993,19.379,45.466
283.443,120.619,19.379,45.466
280.568,122.994,19.379,45.466
278.942,122.369,19.379,45.466
268.314,136.248,19.379,45.466
273.190,143.626,19.379,45.466
273.566,144.751,19.379,45.466
272.205,151.623,18.966,44.496
246.875,136.327,18.966,44.496
247.242,136.694,18.966,44.496
252.748,139.753,18.966,44.496
254.584,142.323,18.966,44.496
268.901,156.151,18.966,44.496
273.704,151.082,18.561,43.547
256.471,131.345,18.165,42.619
255.885,147.637,18.165,42.619
247.380,150.238,17.778,41.710
248.412,147.600,17.778,41.710
252.029,133.782,17.399,40.820
249.943,135.624,17.028,39.950
248.954,136.393,17.028,39.950
244.889,140.678,17.028,39.950
240.824,145.402,17.028,39.950
242.472,151.445,17.028,39.950
251.019,144.352,16.665,39.098
234.783,136.073,16.665,39.098
235.750,138.546,16.665,39.098
256.718,138.438,16.665,39.098
262.847,137.041,16.665,39.098
270.266,135.428,16.665,39.098
278.976,157.685,16.665,39.098
283.811,155.579,17.033,39.963
285.333,154.111,17.410,40.847
287.917,153.999,17.410,40.847
293.197,152.089,17.410,40.847
294.657,150.629,17.410,40.847
296.250,151.822,17.039,39.976
300.738,150.353,17.416,40.860
287.138,136.727,17.801,41.764
285.875,137.531,17.801,41.764
285.082,138.380,18.195,42.689
288.900,148.504,18.598,43.633
299.340,156.064,18.598,43.633
287.163,137.908,18.201,42.703
285.871,137.321,18.201,42.703
283.170,141.666,18.201,42.703
279.764,155.876,18.201,42.703
276.760,159.181,18.604,43.647
285.763,160.021,18.604,43.647
288.524,160.862,18.604,43.647
287.924,157.140,18.604,43.647
312.051,151.739,18.604,43.647
309.728,152.128,19.015,44.613
307.642,153.723,19.015,44.613
305.557,152.128,19.015,44.613
302.980,153.723,19.015,44.613
302.119,156.209,18.610,43.662
308.242,146.963,18.610,43.662
306.201,144.201,18.610,43.662
305.120,142.880,18.610,43.662
303.800,140.839,18.610,43.662
299.947,138.643,18.213,42.731
297.310,137.173,17.825,41.819
294.895,135.908,17.825,41.819
293.422,134.247,17.444,40.927
291.058,132.784,17.444,40.927
289.183,132.895,17.072,40.055
285.436,132.154,16.708,39.201
284.472,131.014,16.352,38.365
283.731,130.101,16.003,37.546
281.947,128.292,16.357,38.377
296.406,117.422,16.357,38.377
291.868,118.794,16.357,38.377
279.532,122.859,16.719,39.226
271.010,125.987,16.719,39.226
260.894,128.173,16.363,38.390
264.985,125.667,16.725,39.239
264.240,124.225,17.095,40.107
263.708,122.752,17.473,40.995
263.144,121.512,17.473,40.995
261.196,119.304,17.860,41.902
260.159,118.266,17.860,41.902
259.572,117.491,17.479,41.008
259.650,116.733,17.106,40.134
257.972,114.571,17.485,41.022
280.368,145.369,17.871,41.929
280.484,150.097,17.871,41.929
280.830,156.439,17.871,41.929
280.020,157.441,17.490,41.035
278.553,158.006,17.490,41.035
276.634,157.441,17.490,41.035
274.039,158.683,17.490,41.035
270.540,159.699,17.490,41.035
265.913,161.843,17.490,41.035
261.286,162.858,17.490,41.035
256.208,162.068,17.490,41.035
252.258,163.761,17.490,41.035
247.857,165.905,17.490,41.035
245.938,167.824,17.490,41.035
241.989,173.128,17.490,41.035
241.414,175.850,17.117,40.160
240.641,175.960,17.117,40.160
239.647,175.187,17.117,40.160
239.094,173.972,17.117,40.160
239.647,175.408,17.117,40.160
238.653,176.402,17.117,40.160
240.751,186.011,17.117,40.160
241.679,187.397,16.752,39.303
243.084,187.505,16.752,39.303
244.200,187.612,16.395,38.465
246.108,186.900,16.045,37.645
248.375,189.397,15.703,36.842
249.895,191.120,15.703,36.842
251.718,192.709,16.051,37.657
253.893,193.434,16.051,37.657
256.068,193.745,16.051,37.657
260.521,194.056,16.051,37.657
261.660,195.816,16.051,37.657
263.329,198.314,15.708,36.854
264.962,200.954,15.373,36.068
266.648,200.259,15.373,36.068
268.055,199.975,15.046,35.299
269.399,200.088,15.378,36.080
270.888,201.179,15.378,36.080
271.979,200.882,15.378,36.080
277.021,203.849,15.050,35.311
280.420,206.082,15.050,35.311
282.772,206.800,15.383,36.092
284.658,207.892,15.383,36.092
287.735,211.167,15.383,36.092
288.827,212.458,15.383,36.092
289.919,213.351,15.383,36.092
290.881,211.613,15.724,36.891
291.794,210.700,15.724,36.891
292.357,209.765,16.072,37.707
293.498,211.321,16.072,37.707
294.431,213.499,16.072,37.707
296.302,213.401,15.729,36.903
296.809,212.285,15.729,36.903
296.099,212.183,15.729,36.903
296.606,211.879,15.729,36.903
