269.000,75.000,34.000,64.000
266.903,75.953,34.000,64.000
264.806,76.525,34.000,64.000
263.471,77.478,34.000,64.000
264.043,79.957,34.000,64.000
260.802,80.910,34.000,64.000
258.409,84.349,33.275,62.635
260.382,69.011,32.565,61.299
258.373,66.638,32.565,61.299
258.193,65.707,31.871,59.992
259.444,64.814,31.871,59.992
260.300,63.214,31.191,58.713
258.376,61.990,31.191,58.713
256.103,63.214,31.191,58.713
253.479,65.138,31.191,58.713
251.206,67.761,31.191,58.713
247.183,71.784,31.191,58.713
242.811,76.506,31.191,58.713
239.488,78.430,31.191,58.713
234.066,81.753,31.191,58.713
273.067,75.981,31.191,58.713
274.991,75.107,31.191,58.713
276.565,75.282,31.191,58.713
278.839,73.708,31.191,58.713
279.363,75.632,31.191,58.713
278.139,75.806,31.191,58.713
278.664,74.582,31.191,58.713
280.588,72.309,31.191,58.713
282.162,71.434,31.191,58.713
283.386,70.210,31.191,58.713
285.236,67.296,30.526,57.461
283.695,66.098,30.526,57.461
281.128,67.638,30.526,57.461
277.533,69.179,30.526,57.461
274.281,68.323,30.526,57.461
269.660,68.152,30.526,57.461
266.408,69.350,30.526,57.461
263.840,69.521,30.526,57.461
262.642,70.035,30.526,57.461
264.525,70.890,30.526,57.461
266.408,69.692,30.526,57.461
266.237,71.917,30.526,57.461
267.142,73.590,31.201,58.732
268.717,72.016,31.201,58.732
270.230,75.509,30.536,57.480
270.401,80.131,30.536,57.480
271.257,86.809,30.536,57.480
272.455,85.268,30.536,57.480
274.339,85.782,30.536,57.480
276.222,85.268,30.536,57.480
277.421,83.042,30.536,57.480
278.619,83.556,30.536,57.480
279.475,82.015,30.536,57.480
276.907,80.131,30.536,57.480
271.773,84.292,31.212,58.751
266.162,83.097,31.902,60.051
262.406,79.341,31.902,60.051
259.365,77.373,31.902,60.051
256.324,78.267,31.902,60.051
255.072,81.308,31.902,60.051
254.535,81.845,31.902,60.051
255.787,79.520,31.902,60.051
255.608,78.625,31.902,60.051
257.218,80.593,31.902,60.051
258.470,78.267,31.902,60.051
261.154,78.089,31.902,60.051
262.701,78.212,31.222,58.771
263.926,80.487,31.222,58.771
264.489,80.382,31.913,60.071
262.878,77.698,31.913,60.071
261.984,80.024,31.913,60.071
262.841,88.081,31.232,58.790
262.666,85.104,31.232,58.790
263.542,84.579,31.232,58.790
263.717,84.403,31.232,58.790
264.593,83.178,31.232,58.790
267.570,86.155,31.232,58.790
268.095,83.528,31.232,58.790
271.298,83.986,30.566,57.536
273.868,86.557,30.566,57.536
276.342,89.318,29.914,56.309
277.516,86.131,29.914,56.309
277.684,87.976,29.914,56.309
276.509,91.834,29.914,56.309
273.916,88.600,30.576,57.555
273.402,91.858,30.576,57.555
271.859,89.286,30.576,57.555
266.887,87.057,30.576,57.555
263.630,88.600,30.576,57.555
259.344,82.257,30.576,57.555
254.372,78.657,30.576,57.555
253.857,79.857,30.576,57.555
255.400,82.771,30.576,57.555
254.886,85.343,30.576,57.555
246.899,91.999,31.253,58.828
238.956,95.498,30.586,57.574
241.529,98.756,30.586,57.574
244.444,101.329,30.586,57.574
249.075,104.244,30.586,57.574
250.961,103.387,30.586,57.574
254.220,104.587,30.586,57.574
254.734,105.445,30.586,57.574
253.191,101.843,30.586,57.574
257.821,102.358,30.586,57.574
255.935,97.727,30.586,57.574
254.112,95.862,29.934,56.346
252.937,87.973,29.934,56.346
251.091,78.070,29.934,56.346
244.545,72.867,29.934,56.346
237.999,68.671,29.934,56.346
235.482,66.825,29.934,56.346
231.957,64.979,29.934,56.346
232.125,63.132,29.934,56.346
231.621,65.650,29.934,56.346
234.475,66.825,29.934,56.346
234.978,68.000,29.934,56.346
241.188,69.846,29.934,56.346
244.042,71.692,29.934,56.346
240.054,80.298,30.596,57.593
247.087,82.528,30.596,57.593
250.690,84.759,30.596,57.593
251.548,86.646,30.596,57.593
256.008,92.055,29.944,56.365
261.548,93.230,29.944,56.365
267.761,94.741,29.944,56.365
275.652,94.238,29.944,56.365
282.200,92.727,29.944,56.365
285.390,95.917,29.944,56.365
288.580,95.077,29.944,56.365
290.762,95.581,29.944,56.365
296.639,94.741,29.944,56.365
300.500,95.581,29.944,56.365
308.392,97.428,29.944,56.365
309.976,96.282,30.606,57.612
309.462,98.856,30.606,57.612
309.976,101.430,30.606,57.612
310.835,102.975,30.606,57.612
313.065,102.803,30.606,57.612
310.249,103.252,29.954,56.383
306.845,102.720,29.315,55.181
299.449,104.199,29.315,55.181
294.682,101.734,29.315,55.181
291.888,100.583,29.315,55.181
288.436,98.117,29.315,55.181
286.299,95.323,29.315,55.181
289.093,89.242,29.315,55.181
285.642,86.776,29.315,55.181
280.875,86.283,29.315,55.181
277.423,89.077,29.315,55.181
276.272,91.543,29.315,55.181
277.142,94.513,29.963,56.402
278.654,93.001,29.963,56.402
281.510,90.481,29.963,56.402
282.747,92.472,30.626,57.650
284.368,94.863,31.304,58.925
286.299,92.581,31.304,58.925
290.336,91.353,31.304,58.925
293.450,90.154,31.997,60.229
297.005,87.068,32.704,61.561
298.736,85.056,33.428,62.923
296.674,84.868,33.428,62.923
296.112,87.680,33.428,62.923
297.733,92.506,32.715,61.581
300.380,95.814,32.017,60.268
302.355,94.558,32.017,60.268
302.175,91.147,32.017,60.268
301.637,90.967,32.017,60.268
298.861,93.094,32.726,61.602
296.109,90.709,32.726,61.602
300.696,93.828,32.726,61.602
303.081,92.911,32.726,61.602
308.036,91.259,32.726,61.602
328.771,77.130,32.726,61.602
336.294,69.240,32.726,61.602
332.074,70.891,32.726,61.602
331.523,72.543,32.726,61.602
331.340,71.258,32.726,61.602
329.688,73.644,32.726,61.602
330.973,72.359,32.726,61.602
332.624,72.176,32.726,61.602
334.276,70.157,32.726,61.602
334.092,72.543,32.726,61.602
336.033,73.023,32.028,60.288
327.952,86.851,32.028,60.288
330.646,88.108,32.028,60.288
334.417,84.336,32.028,60.288
336.751,82.002,32.028,60.288
333.230,84.130,32.737,61.622
331.211,86.516,32.737,61.622
330.660,90.004,32.737,61.622
331.250,92.178,33.461,62.985
336.691,90.865,33.461,62.985
336.878,88.426,33.461,62.985
336.691,89.364,33.461,62.985
335.737,90.809,34.201,64.379
337.079,92.918,34.201,64.379
339.572,91.192,34.201,64.379
343.983,92.151,34.201,64.379
348.777,90.425,34.201,64.379
352.804,92.151,34.201,64.379
341.490,66.262,34.201,64.379
344.750,57.633,34.201,64.379
346.476,55.140,34.201,64.379
342.220,56.381,33.472,63.006
336.401,54.691,33.472,63.006
328.256,54.097,32.758,61.662
323.297,56.117,32.758,61.662
315.766,56.669,32.758,61.662
308.603,58.322,32.758,61.662
305.234,55.969,32.060,60.347
299.662,57.587,32.060,60.347
296.965,71.788,32.060,60.347
295.348,73.406,32.060,60.347
292.651,72.148,32.060,60.347
285.641,76.642,32.060,60.347
284.423,80.231,31.376,59.060
290.353,78.656,30.707,57.801
290.526,76.418,30.707,57.801
293.108,74.868,30.707,57.801
278.818,82.616,30.707,57.801
279.334,80.722,30.707,57.801
280.959,78.832,31.386,59.080
282.256,79.457,32.081,60.387
291.789,76.399,32.081,60.387
294.847,74.061,32.081,60.387
292.066,75.819,32.790,61.723
288.205,78.209,32.790,61.723
284.712,80.967,32.790,61.723
285.263,80.415,32.790,61.723
287.653,78.760,32.790,61.723
284.528,80.047,32.790,61.723
282.505,79.128,32.790,61.723
279.380,78.576,32.790,61.723
274.783,78.025,32.790,61.723
273.864,80.047,32.790,61.723
275.519,79.496,32.790,61.723
276.806,80.047,32.790,61.723
278.923,76.885,33.516,63.089
276.925,81.723,32.801,61.743
278.213,84.482,32.801,61.743
280.236,83.563,32.801,61.743
279.316,83.379,32.801,61.743
276.190,64.067,32.801,61.743
266.477,65.102,33.527,63.109
253.245,62.694,32.812,61.763
243.126,60.303,32.812,61.763
231.168,62.326,32.812,61.763
218.105,60.671,32.812,61.763
203.203,58.279,32.812,61.763
187.933,56.623,32.812,61.763
173.767,55.335,32.812,61.763
159.600,54.415,32.812,61.763
145.802,53.127,32.812,61.763
132.004,51.840,32.812,61.763
118.205,50.184,32.812,61.763
103.671,49.264,32.812,61.763
89.505,48.344,32.812,61.763
75.338,47.424,32.812,61.763
60.068,46.136,32.812,61.763
44.798,44.848,32.812,61.763
26.584,43.561,32.812,61.763
10.946,42.641,32.812,61.763
-5.060,40.985,32.812,61.763
-18.212,41.638,33.538,63.130
33.509,93.031,34.280,64.527
27.935,127.437,34.280,64.527
26.974,126.860,34.280,64.527
24.860,127.437,34.280,64.527
24.667,128.013,34.280,64.527
23.706,129.743,34.280,64.527
23.516,133.581,33.549,63.151
21.823,141.293,33.549,63.151
21.259,143.739,33.549,63.151
24.336,146.769,32.833,61.804
26.638,145.121,32.133,60.486
26.458,146.743,32.133,60.486
27.322,148.603,31.448,59.196
27.147,151.104,30.777,57.934
28.010,155.073,30.777,57.934
28.873,153.175,30.777,57.934
31.116,154.383,30.777,57.934
32.669,153.175,30.777,57.934
34.568,153.693,30.777,57.934
33.360,154.210,30.777,57.934
32.152,156.109,30.777,57.934
33.014,158.352,30.777,57.934
34.222,163.356,30.777,57.934
32.721,167.135,30.121,56.698
36.943,169.330,30.121,56.698
50.124,166.842,29.479,55.489
48.686,164.725,28.850,54.306
55.642,166.181,28.850,54.306
59.686,166.019,28.850,54.306
