478.000,143.000,80.000,111.000
478.375,141.876,80.000,111.000
478.000,140.002,80.000,111.000
476.126,135.880,80.000,111.000
475.752,135.505,80.000,111.000
474.627,132.132,80.000,111.000
473.503,130.259,80.000,111.000
472.379,129.134,80.000,111.000
473.503,127.261,80.000,111.000
470.880,125.387,80.000,111.000
472.004,124.263,80.000,111.000
470.880,123.888,80.000,111.000
470.505,123.513,80.000,111.000
469.381,123.139,80.000,111.000
471.255,121.265,80.000,111.000
469.381,119.391,80.000,111.000
471.255,119.766,80.000,111.000
468.631,120.141,80.000,111.000
467.507,120.515,80.000,111.000
464.678,120.454,81.770,113.456
465.827,121.603,81.770,113.456
463.146,121.986,81.770,113.456
460.465,122.369,81.770,113.456
457.573,121.511,83.579,115.966
457.965,122.686,83.579,115.966
456.007,125.426,83.579,115.966
451.427,127.799,85.428,118.532
455.028,131.401,85.428,118.532
454.628,135.803,85.428,118.532
458.230,142.606,85.428,118.532
456.229,147.808,85.428,118.532
455.829,152.210,85.428,118.532
455.429,153.410,85.428,118.532
459.030,150.609,85.428,118.532
463.412,155.344,83.607,116.004
465.436,152.429,81.824,113.530
462.753,155.878,81.824,113.530
466.212,154.503,80.079,111.109
463.586,157.879,80.079,111.109
466.212,153.753,80.079,111.109
463.586,157.129,80.079,111.109
466.212,153.753,80.079,111.109
463.586,157.129,80.079,111.109
466.212,154.503,80.079,111.109
462.836,157.879,80.079,111.109
466.212,154.503,80.079,111.109
463.586,157.129,80.079,111.109
466.212,153.753,80.079,111.109
463.586,157.129,80.079,111.109
466.212,154.503,80.079,111.109
462.836,157.879,80.079,111.109
466.212,154.503,80.079,111.109
462.836,157.879,80.079,111.109
466.212,154.503,80.079,111.109
462.836,157.879,80.079,111.109
466.212,154.503,80.079,111.109
462.836,157.879,80.079,111.109
466.212,154.503,80.079,111.109
462.836,157.879,80.079,111.109
466.212,154.503,80.079,111.109
462.836,157.879,80.079,111.109
466.212,153.753,80.079,111.109
462.836,157.129,80.079,111.109
466.212,154.503,80.079,111.109
462.836,157.879,80.079,111.109
465.462,154.503,80.079,111.109
462.836,157.879,80.079,111.109
466.212,153.753,80.079,111.109
462.836,157.129,80.079,111.109
465.462,154.503,80.079,111.109
462.836,157.879,80.079,111.109
465.462,154.503,80.079,111.109
462.836,157.879,80.079,111.109
465.462,154.503,80.079,111.109
462.836,157.879,80.079,111.109
465.462,154.503,80.079,111.109
462.836,157.879,80.079,111.109
465.462,154.503,80.079,111.109
462.836,157.879,80.079,111.109
465.462,154.503,80.079,111.109
462.836,157.879,80.079,111.109
465.462,154.503,80.079,111.109
462.836,157.879,80.079,111.109
465.462,154.503,80.079,111.109
462.836,157.879,80.079,111.109
466.212,154.503,80.079,111.109
463.586,157.879,80.079,111.109
466.212,154.503,80.079,111.109
463.586,157.879,80.079,111.109
466.962,153.753,80.079,111.109
464.336,156.379,80.079,111.109
466.962,153.003,80.079,111.109
465.837,156.379,80.079,111.109
468.463,159.004,80.079,111.109
465.837,161.630,80.079,111.109
468.498,161.730,78.371,108.740
466.663,163.566,78.371,108.740
469.233,161.730,78.371,108.740
470.334,162.097,78.371,108.740
469.233,163.933,78.371,108.740
471.068,162.832,78.371,108.740
469.233,165.401,78.371,108.740
469.508,162.294,80.105,111.146
512.660,110.136,80.105,111.146
507.782,112.763,80.105,111.146
501.403,116.140,80.105,111.146
493.523,120.268,80.105,111.146
483.683,124.878,81.877,113.605
475.217,127.202,83.689,116.118
470.905,129.946,83.689,116.118
465.808,131.907,83.689,116.118
460.712,134.651,83.689,116.118
455.312,136.213,85.540,118.687
452.507,139.018,85.540,118.687
451.305,142.624,85.540,118.687
451.706,146.231,85.540,118.687
452.908,149.837,85.540,118.687
451.706,153.443,85.540,118.687
453.709,155.447,85.540,118.687
452.507,157.450,85.540,118.687
453.709,156.248,85.540,118.687
451.706,158.252,85.540,118.687
455.312,155.447,85.540,118.687
457.316,153.443,85.540,118.687
460.922,150.638,85.540,118.687
462.993,153.835,83.716,116.156
463.385,151.090,83.716,116.156
463.144,156.486,81.931,113.679
464.295,152.264,81.931,113.679
462.376,155.719,81.931,113.679
465.839,153.601,80.184,111.255
463.961,156.982,80.184,111.255
465.839,153.601,80.184,111.255
463.961,156.982,80.184,111.255
465.839,153.601,80.184,111.255
463.961,156.982,80.184,111.255
465.839,153.601,80.184,111.255
463.961,156.982,80.184,111.255
463.585,155.104,80.184,111.255
461.707,159.987,80.184,111.255
465.839,157.357,80.184,111.255
469.952,162.526,78.474,108.882
471.754,150.262,80.210,111.292
468.917,137.726,81.985,113.754
466.815,132.881,83.799,116.271
464.852,134.059,83.799,116.271
462.890,135.236,83.799,116.271
461.555,135.172,85.653,118.843
460.192,136.771,87.548,121.473
462.201,134.151,89.485,124.160
459.037,134.952,91.465,126.907
460.322,132.810,91.465,126.907
458.180,131.524,91.465,126.907
459.465,130.239,91.465,126.907
452.675,229.740,93.488,129.715
453.113,223.171,93.488,129.715
450.047,218.354,93.488,129.715
449.609,217.040,93.488,129.715
448.296,216.602,93.488,129.715
450.485,214.412,93.488,129.715
451.799,211.347,93.488,129.715
453.113,208.281,93.488,129.715
454.427,203.464,93.488,129.715
452.029,199.757,95.557,132.585
454.267,196.624,95.557,132.585
449.960,198.408,97.671,135.518
445.556,198.333,99.832,138.517
446.024,196.930,99.832,138.517
440.880,195.527,99.832,138.517
436.671,193.189,99.832,138.517
430.592,188.980,99.832,138.517
423.180,184.052,102.041,141.581
417.588,179.014,104.298,144.714
427.848,162.891,104.298,144.714
436.153,151.654,104.298,144.714
442.505,144.326,104.298,144.714
447.879,139.929,104.298,144.714
451.299,138.463,104.298,144.714
447.611,138.383,106.606,147.916
451.106,135.886,106.606,147.916
446.300,136.840,108.965,151.188
449.922,136.976,106.641,147.964
450.578,139.036,104.367,144.809
453.104,139.166,102.141,141.721
452.810,142.983,99.963,138.698
456.132,142.205,97.831,135.741
454.083,144.978,95.745,132.846
458.130,145.097,93.703,130.013
457.014,149.445,91.705,127.240
460.062,147.075,89.749,124.527
458.801,150.018,89.749,124.527
461.784,147.699,87.835,121.871
458.904,151.402,87.835,121.871
462.616,149.132,85.962,119.272
460.603,153.562,85.962,119.272
462.616,149.132,85.962,119.272
459.798,153.562,85.962,119.272
463.431,151.340,84.129,116.729
461.461,154.887,84.129,116.729
464.257,151.954,82.335,114.240
461.557,155.425,82.335,114.240
465.781,154.041,80.579,111.803
462.384,157.438,80.579,111.803
465.026,154.041,80.579,111.803
462.384,157.438,80.579,111.803
465.026,154.041,80.579,111.803
462.384,157.438,80.579,111.803
465.026,154.041,80.579,111.803
462.384,157.438,80.579,111.803
465.026,154.041,80.579,111.803
462.384,157.438,80.579,111.803
465.026,154.041,80.579,111.803
462.384,157.438,80.579,111.803
465.026,154.041,80.579,111.803
462.384,157.438,80.579,111.803
465.026,154.041,80.579,111.803
462.384,157.438,80.579,111.803
465.026,154.041,80.579,111.803
462.384,157.438,80.579,111.803
465.026,154.041,80.579,111.803
462.384,157.438,80.579,111.803
465.026,154.041,80.579,111.803
462.384,157.438,80.579,111.803
465.026,154.041,80.579,111.803
462.384,157.438,80.579,111.803
465.026,153.286,80.579,111.803
462.384,156.683,80.579,111.803
465.026,154.041,80.579,111.803
462.384,157.438,80.579,111.803
465.026,154.041,80.579,111.803
462.384,157.438,80.579,111.803
465.026,154.041,80.579,111.803
462.384,157.438,80.579,111.803
465.026,154.041,80.579,111.803
462.384,157.438,80.579,111.803
465.026,154.041,80.579,111.803
462.384,157.438,80.579,111.803
465.781,153.286,80.579,111.803
462.384,156.683,80.579,111.803
465.781,154.041,80.579,111.803
462.384,157.438,80.579,111.803
465.026,154.041,80.579,111.803
463.139,157.438,80.579,111.803
465.026,153.286,80.579,111.803
463.139,156.683,80.579,111.803
465.026,154.041,80.579,111.803
462.384,157.438,80.579,111.803
465.026,154.041,80.579,111.803
462.384,157.438,80.579,111.803
465.026,154.041,80.579,111.803
462.384,157.438,80.579,111.803
465.781,153.286,80.579,111.803
462.384,156.683,80.579,111.803
465.781,153.286,80.579,111.803
462.384,156.683,80.579,111.803
465.781,153.286,80.579,111.803
462.384,156.683,80.579,111.803
465.781,153.286,80.579,111.803
462.384,156.683,80.579,111.803
465.781,154.041,80.579,111.803
462.384,157.438,80.579,111.803
465.781,153.286,80.579,111.803
462.384,156.683,80.579,111.803
465.781,154.041,80.579,111.803
462.384,157.438,80.579,111.803
465.781,153.286,80.579,111.803
462.384,156.683,80.579,111.803
465.781,153.286,80.579,111.803
462.384,156.683,80.579,111.803
465.781,153.286,80.579,111.803
462.384,156.683,80.579,111.803
465.781,153.286,80.579,111.803
462.384,156.683,80.579,111.803
465.781,153.286,80.579,111.803
462.384,156.683,80.579,111.803
465.781,153.286,80.579,111.803
462.384,156.683,80.579,111.803
465.781,153.286,80.579,111.803
462.384,156.683,80.579,111.803
465.781,153.286,80.579,111.803
462.384,156.683,80.579,111.803
465.781,153.286,80.579,111.803
462.384,156.683,80.579,111.803
465.781,153.286,80.579,111.803
462.384,156.683,80.579,111.803
465.781,153.286,80.579,111.803
462.384,156.683,80.579,111.803
465.781,153.286,80.579,111.803
462.384,156.683,80.579,111.803
465.781,154.041,80.579,111.803
462.384,157.438,80.579,111.803
465.781,153.286,80.579,111.803
462.384,156.683,80.579,111.803
465.781,154.041,80.579,111.803
462.384,157.438,80.579,111.803
465.781,153.286,80.579,111.803
462.384,156.683,80.579,111.803
465.781,154.041,80.579,111.803
462.384,157.438,80.579,111.803
465.781,153.286,80.579,111.803
462.384,156.683,80.579,111.803
465.781,153.286,80.579,111.803
463.139,156.683,80.579,111.803
465.781,153.286,80.579,111.803
463.139,156.683,80.579,111.803
465.781,153.286,80.579,111.803
463.139,156.683,80.579,111.803
465.781,153.286,80.579,111.803
463.139,156.683,80.579,111.803
465.781,153.286,80.579,111.803
463.139,156.683,80.579,111.803
465.781,153.286,80.579,111.803
463.139,156.683,80.579,111.803
465.781,153.286,80.579,111.803
463.139,156.683,80.579,111.803
465.781,153.286,80.579,111.803
463.139,156.683,80.579,111.803
465.781,153.286,80.579,111.803
462.384,156.683,80.579,111.803
465.781,153.286,80.579,111.803
462.384,156.683,80.579,111.803
465.781,153.286,80.579,111.803
462.384,156.683,80.579,111.803
465.781,154.041,80.579,111.803
462.384,157.438,80.579,111.803
465.781,153.286,80.579,111.803
462.384,156.683,80.579,111.803
465.781,153.286,80.579,111.803
462.384,156.683,80.579,111.803
465.781,153.286,80.579,111.803
462.384,156.683,80.579,111.803
465.781,154.041,80.579,111.803
462.384,157.438,80.579,111.803
465.781,153.286,80.579,111.803
463.139,156.683,80.579,111.803
465.781,153.286,80.579,111.803
462.384,156.683,80.579,111.803
465.781,154.041,80.579,111.803
462.384,157.438,80.579,111.803
465.781,153.286,80.579,111.803
463.139,156.683,80.579,111.803
465.781,153.286,80.579,111.803
463.139,156.683,80.579,111.803
465.781,153.286,80.579,111.803
462.384,156.683,80.579,111.803
465.781,154.041,80.579,111.803
463.139,157.438,80.579,111.803
465.781,153.286,80.579,111.803
462.384,156.683,80.579,111.803
465.781,154.041,80.579,111.803
463.139,157.438,80.579,111.803
465.781,153.286,80.579,111.803
463.139,156.683,80.579,111.803
465.781,154.041,80.579,111.803
463.139,158.948,80.579,111.803
466.536,154.796,80.579,111.803
468.423,151.398,80.579,111.803
465.781,155.551,80.579,111.803
466.913,155.928,80.579,111.803
466.536,160.080,80.579,111.803
467.668,162.722,80.579,111.803
467.436,166.461,78.861,109.419
468.633,170.120,77.179,107.086
467.713,175.095,75.533,104.802
470.906,178.600,73.922,102.567
469.358,181.362,72.346,100.380
471.052,181.701,72.346,100.380
472.747,182.718,72.346,100.380
478.508,134.256,72.346,100.380
477.491,137.306,72.346,100.380
477.152,142.390,72.346,100.380
479.525,146.795,72.346,100.380
477.152,153.912,72.346,100.380
474.780,158.995,72.346,100.380
469.019,162.723,72.346,100.380
465.291,167.129,72.346,100.380
468.341,171.534,72.346,100.380
466.647,172.551,72.346,100.380
467.663,172.890,72.346,100.380
470.036,172.551,72.346,100.380
474.441,174.923,72.346,100.380
476.813,175.940,72.346,100.380
477.830,176.279,72.346,100.380
477.491,176.618,72.346,100.380
475.797,174.923,72.346,100.380
472.535,170.648,73.947,102.601
469.418,168.917,73.947,102.601
467.686,166.492,73.947,102.601
469.418,164.067,73.947,102.601
469.071,159.564,73.947,102.601
468.032,154.368,73.947,102.601
471.150,148.480,73.947,102.601
474.267,143.284,73.947,102.601
477.385,138.088,73.947,102.601
481.195,132.199,73.947,102.601
483.620,126.311,73.947,102.601
486.745,121.061,72.370,100.413
488.497,116.577,70.826,98.272
488.293,112.828,69.316,96.176
487.968,109.906,69.316,96.176
489.646,106.863,67.838,94.125
491.901,103.885,66.391,92.118
494.700,101.086,66.391,92.118
477.595,169.194,66.391,92.118
474.796,168.883,66.391,92.118
476.351,164.840,66.391,92.118
473.552,167.017,66.391,92.118
475.107,163.596,66.391,92.118
472.308,168.883,66.391,92.118
471.997,171.682,66.391,92.118
472.308,170.127,66.391,92.118
471.997,169.194,66.391,92.118
470.442,170.749,66.391,92.118
472.619,169.194,66.391,92.118
471.064,168.883,66.391,92.118
470.753,171.060,66.391,92.118
472.930,168.261,66.391,92.118
470.131,171.060,66.391,92.118
472.308,168.261,66.391,92.118
470.753,171.060,66.391,92.118
472.930,168.261,66.391,92.118
470.131,171.060,66.391,92.118
472.308,168.261,66.391,92.118
470.753,171.060,66.391,92.118
472.930,168.261,66.391,92.118
470.131,171.060,66.391,92.118
472.308,168.261,66.391,92.118
470.753,171.060,66.391,92.118
472.930,168.261,66.391,92.118
470.131,171.060,66.391,92.118
472.308,168.261,66.391,92.118
470.131,171.060,66.391,92.118
472.308,168.261,66.391,92.118
470.131,171.060,66.391,92.118
472.308,168.261,66.391,92.118
470.131,171.060,66.391,92.118
472.308,168.261,66.391,92.118
470.131,171.060,66.391,92.118
472.308,168.261,66.391,92.118
470.131,171.060,66.391,92.118
472.308,168.261,66.391,92.118
470.131,171.060,66.391,92.118
472.308,168.261,66.391,92.118
470.131,171.060,66.391,92.118
472.308,168.261,66.391,92.118
470.131,171.060,66.391,92.118
471.686,168.261,66.391,92.118
470.753,170.438,66.391,92.118
472.308,168.261,66.391,92.118
470.131,171.060,66.391,92.118
471.686,168.261,66.391,92.118
470.753,171.060,66.391,92.118
472.308,168.261,66.391,92.118
470.131,171.060,66.391,92.118
471.686,168.261,66.391,92.118
470.753,170.438,66.391,92.118
472.308,168.261,66.391,92.118
470.131,171.060,66.391,92.118
471.686,168.261,66.391,92.118
470.753,170.438,66.391,92.118
472.308,168.261,66.391,92.118
470.131,171.060,66.391,92.118
471.686,168.261,66.391,92.118
470.753,171.060,66.391,92.118
472.308,168.261,66.391,92.118
470.131,171.060,66.391,92.118
471.686,168.261,66.391,92.118
470.753,170.438,66.391,92.118
472.308,168.261,66.391,92.118
470.131,171.060,66.391,92.118
471.686,168.261,66.391,92.118
470.753,170.438,66.391,92.118
472.308,168.261,66.391,92.118
470.132,171.060,66.391,92.118
471.687,168.261,66.391,92.118
470.754,170.438,66.391,92.118
472.309,168.261,66.391,92.118
470.132,171.060,66.391,92.118
471.687,168.261,66.391,92.118
470.754,170.438,66.391,92.118
472.309,168.261,66.391,92.118
470.132,171.060,66.391,92.118
471.687,168.261,66.391,92.118
470.754,170.438,66.391,92.118
472.309,168.261,66.391,92.118
470.132,170.438,66.391,92.118
471.687,168.261,66.391,92.118
470.754,170.438,66.391,92.118
472.309,168.261,66.391,92.118
470.132,170.438,66.391,92.118
471.687,168.261,66.391,92.118
470.754,170.438,66.391,92.118
472.309,168.261,66.391,92.118
470.132,171.060,66.391,92.118
471.687,168.261,66.391,92.118
470.754,170.438,66.391,92.118
472.309,168.261,66.391,92.118
470.132,171.060,66.391,92.118
471.687,168.261,66.391,92.118
470.754,170.438,66.391,92.118
472.309,168.261,66.391,92.118
470.132,171.060,66.391,92.118
471.687,168.261,66.391,92.118
470.132,171.060,66.391,92.118
471.687,168.261,66.391,92.118
470.754,171.060,66.391,92.118
472.309,168.261,66.391,92.118
470.132,171.060,66.391,92.118
472.309,168.261,66.391,92.118
470.132,171.060,66.391,92.118
472.309,168.261,66.391,92.118
470.754,171.060,66.391,92.118
472.931,168.883,66.391,92.118
470.754,171.682,66.391,92.118
473.553,169.505,66.391,92.118
471.376,171.682,66.391,92.118
473.553,170.127,66.391,92.118
473.864,171.682,66.391,92.118
475.419,170.749,66.391,92.118
476.974,170.438,66.391,92.118
475.419,173.237,66.391,92.118
477.596,171.060,66.391,92.118
475.419,173.237,66.391,92.118
476.974,171.060,66.391,92.118
475.419,170.127,66.391,92.118
477.596,168.572,66.391,92.118
477.285,163.907,66.391,92.118
473.646,150.950,67.860,94.156
469.927,144.302,69.361,96.239
472.202,139.428,69.361,96.239
475.126,143.652,69.361,96.239
478.700,146.576,69.361,96.239
485.523,143.652,69.361,96.239
491.161,148.318,70.896,98.368
498.799,153.964,70.896,98.368
503.872,158.044,72.465,100.545
515.074,163.814,72.465,100.545
526.954,168.906,72.465,100.545
540.193,173.998,72.465,100.545
548.000,179.768,72.465,100.545
555.807,184.860,72.465,100.545
562.935,189.273,72.465,100.545
574.816,187.575,72.465,100.545
577.871,194.025,72.465,100.545
578.889,199.795,72.465,100.545
579.908,202.850,72.465,100.545
578.889,206.584,72.465,100.545
581.265,204.887,72.465,100.545
579.568,209.979,72.465,100.545
580.587,207.603,72.465,100.545
578.210,206.584,72.465,100.545
580.587,204.887,72.465,100.545
574.816,208.621,72.465,100.545
563.801,203.635,74.068,102.769
553.983,195.659,75.707,105.043
534.478,200.269,75.707,105.043
514.264,191.403,75.707,105.043
500.433,183.246,75.707,105.043
494.404,177.927,75.707,105.043
488.376,179.700,75.707,105.043
481.638,182.892,75.707,105.043
474.900,191.758,75.707,105.043
468.162,189.984,75.707,105.043
462.842,186.793,75.707,105.043
458.941,182.183,75.707,105.043
461.424,176.154,75.707,105.043
463.906,172.253,75.707,105.043
464.261,169.061,75.707,105.043
466.034,166.579,75.707,105.043
464.261,166.224,75.707,105.043
465.325,164.451,75.707,105.043
463.551,164.096,75.707,105.043
464.615,161.614,75.707,105.043
465.679,160.550,75.707,105.043
468.162,158.777,75.707,105.043
466.388,161.259,75.707,105.043
468.162,158.068,75.707,105.043
465.679,161.259,75.707,105.043
467.452,158.068,75.707,105.043
466.388,160.550,75.707,105.043
468.162,158.068,75.707,105.043
465.679,161.259,75.707,105.043
467.452,158.068,75.707,105.043
466.388,160.550,75.707,105.043
468.162,158.777,75.707,105.043
465.679,161.259,75.707,105.043
467.452,158.067,75.707,105.043
466.388,160.550,75.707,105.043
468.162,158.777,75.707,105.043
465.679,161.968,75.707,105.043
467.452,158.777,75.707,105.043
466.388,161.259,75.707,105.043
468.162,158.067,75.707,105.043
465.679,160.550,75.707,105.043
467.452,158.067,75.707,105.043
466.388,160.550,75.707,105.043
468.162,158.067,75.707,105.043
465.679,161.259,75.707,105.043
467.452,158.067,75.707,105.043
466.388,161.259,75.707,105.043
468.162,158.067,75.707,105.043
465.679,161.259,75.707,105.043
467.452,158.067,75.707,105.043
466.388,161.259,75.707,105.043
468.162,158.067,75.707,105.043
465.679,160.550,75.707,105.043
467.452,158.067,75.707,105.043
466.388,161.259,75.707,105.043
468.162,158.067,75.707,105.043
465.679,160.550,75.707,105.043
467.452,158.067,75.707,105.043
466.388,160.550,75.707,105.043
468.162,158.777,75.707,105.043
465.679,161.259,75.707,105.043
467.452,158.067,75.707,105.043
466.388,160.550,75.707,105.043
468.162,158.777,75.707,105.043
465.679,161.968,75.707,105.043
467.452,158.777,75.707,105.043
466.388,161.259,75.707,105.043
468.162,158.067,75.707,105.043
465.679,160.550,75.707,105.043
467.452,158.067,75.707,105.043
466.388,160.550,75.707,105.043
468.162,158.067,75.707,105.043
465.679,160.550,75.707,105.043
467.452,158.067,75.707,105.043
466.388,160.550,75.707,105.043
468.162,158.067,75.707,105.043
465.679,160.550,75.707,105.043
467.452,158.067,75.707,105.043
466.388,160.550,75.707,105.043
468.162,158.067,75.707,105.043
465.679,160.550,75.707,105.043
467.452,158.067,75.707,105.043
466.388,160.550,75.707,105.043
468.162,158.067,75.707,105.043
465.679,161.259,75.707,105.043
467.452,158.067,75.707,105.043
466.388,160.550,75.707,105.043
468.162,158.067,75.707,105.043
465.679,161.259,75.707,105.043
467.452,158.067,75.707,105.043
467.098,160.550,75.707,105.043
468.162,158.067,75.707,105.043
466.388,160.550,75.707,105.043
468.871,158.067,75.707,105.043
466.388,160.550,75.707,105.043
469.580,158.067,75.707,105.043
467.098,160.550,75.707,105.043
468.871,158.067,75.707,105.043
466.388,160.550,75.707,105.043
468.871,158.067,75.707,105.043
466.388,160.550,75.707,105.043
468.871,158.067,75.707,105.043
465.679,161.259,75.707,105.043
468.162,158.067,75.707,105.043
466.388,160.550,75.707,105.043
468.871,158.067,75.707,105.043
465.679,161.259,75.707,105.043
468.162,158.067,75.707,105.043
465.679,161.259,75.707,105.043
468.162,158.067,75.707,105.043
466.388,160.550,75.707,105.043
468.871,158.067,75.707,105.043
465.679,161.259,75.707,105.043
468.162,158.067,75.707,105.043
466.388,160.550,75.707,105.043
468.871,158.067,75.707,105.043
465.679,161.259,75.707,105.043
468.162,158.067,75.707,105.043
466.388,160.550,75.707,105.043
468.871,158.067,75.707,105.043
465.679,161.259,75.707,105.043
468.162,158.067,75.707,105.043
466.388,160.550,75.707,105.043
468.871,158.067,75.707,105.043
465.679,161.259,75.707,105.043
468.162,158.067,75.707,105.043
466.388,160.550,75.707,105.043
468.871,158.067,75.707,105.043
465.679,161.259,75.707,105.043
468.162,158.067,75.707,105.043
466.388,160.550,75.707,105.043
468.871,158.067,75.707,105.043
465.679,161.259,75.707,105.043
468.162,158.067,75.707,105.043
466.388,160.550,75.707,105.043
468.871,158.067,75.707,105.043
465.679,161.259,75.707,105.043
468.162,158.067,75.707,105.043
466.388,160.550,75.707,105.043
468.871,158.067,75.707,105.043
465.679,161.259,75.707,105.043
468.162,158.067,75.707,105.043
466.388,160.550,75.707,105.043
468.871,158.067,75.707,105.043
465.679,161.259,75.707,105.043
468.162,158.067,75.707,105.043
466.388,160.550,75.707,105.043
468.871,158.067,75.707,105.043
465.679,161.259,75.707,105.043
468.162,158.067,75.707,105.043
466.388,160.550,75.707,105.043
468.871,158.067,75.707,105.043
465.679,161.259,75.707,105.043
468.162,158.067,75.707,105.043
465.679,161.259,75.707,105.043
468.162,158.067,75.707,105.043
466.388,160.550,75.707,105.043
468.871,158.067,75.707,105.043
465.679,161.259,75.707,105.043
468.162,158.067,75.707,105.043
466.388,160.550,75.707,105.043
468.871,158.067,75.707,105.043
465.679,161.259,75.707,105.043
468.162,158.067,75.707,105.043
466.388,160.550,75.707,105.043
468.871,158.067,75.707,105.043
465.679,161.259,75.707,105.043
468.162,158.067,75.707,105.043
465.679,161.259,75.707,105.043
468.162,158.067,75.707,105.043
466.388,160.550,75.707,105.043
468.871,158.067,75.707,105.043
465.679,161.259,75.707,105.043
468.162,158.067,75.707,105.043
466.388,160.550,75.707,105.043
468.871,158.067,75.707,105.043
465.679,161.259,75.707,105.043
468.162,158.067,75.707,105.043
466.388,160.550,75.707,105.043
468.871,158.067,75.707,105.043
465.679,161.259,75.707,105.043
468.162,158.067,75.707,105.043
466.388,160.550,75.707,105.043
468.871,158.067,75.707,105.043
465.679,161.259,75.707,105.043
468.162,158.067,75.707,105.043
466.388,160.550,75.707,105.043
468.871,158.067,75.707,105.043
465.679,161.259,75.707,105.043
468.162,158.067,75.707,105.043
466.388,160.550,75.707,105.043
468.871,158.067,75.707,105.043
465.679,160.550,75.707,105.043
468.162,158.067,75.707,105.043
466.388,160.550,75.707,105.043
468.871,158.067,75.707,105.043
465.679,161.259,75.707,105.043
468.162,158.067,75.707,105.043
466.388,160.550,75.707,105.043
468.871,158.067,75.707,105.043
465.679,161.259,75.707,105.043
468.162,158.067,75.707,105.043
466.388,160.550,75.707,105.043
468.871,158.067,75.707,105.043
465.679,161.259,75.707,105.043
468.162,158.067,75.707,105.043
466.388,160.550,75.707,105.043
468.871,158.067,75.707,105.043
465.679,160.550,75.707,105.043
468.162,158.067,75.707,105.043
466.388,160.550,75.707,105.043
468.871,158.067,75.707,105.043
465.679,161.259,75.707,105.043
468.162,158.067,75.707,105.043
466.388,160.550,75.707,105.043
468.871,158.067,75.707,105.043
465.679,161.259,75.707,105.043
468.162,158.067,75.707,105.043
466.388,160.550,75.707,105.043
468.871,158.067,75.707,105.043
465.679,161.259,75.707,105.043
468.162,158.067,75.707,105.043
465.679,161.259,75.707,105.043
468.162,158.067,75.707,105.043
466.388,160.550,75.707,105.043
468.871,158.067,75.707,105.043
465.679,161.259,75.707,105.043
468.162,158.067,75.707,105.043
466.388,160.550,75.707,105.043
468.871,158.067,75.707,105.043
465.679,161.259,75.707,105.043
468.162,158.067,75.707,105.043
466.388,160.550,75.707,105.043
468.871,158.067,75.707,105.043
465.679,161.259,75.707,105.043
468.162,158.067,75.707,105.043
466.388,160.550,75.707,105.043
468.871,158.067,75.707,105.043
465.679,161.259,75.707,105.043
468.162,158.067,75.707,105.043
466.388,160.550,75.707,105.043
468.871,158.067,75.707,105.043
465.679,161.259,75.707,105.043
468.162,158.067,75.707,105.043
466.388,160.550,75.707,105.043
468.871,158.067,75.707,105.043
465.679,161.259,75.707,105.043
468.162,158.067,75.707,105.043
466.388,160.550,75.707,105.043
468.871,158.067,75.707,105.043
465.679,161.259,75.707,105.043
468.162,158.067,75.707,105.043
465.679,161.259,75.707,105.043
468.162,158.067,75.707,105.043
466.388,160.550,75.707,105.043
468.871,158.067,75.707,105.043
465.679,161.259,75.707,105.043
468.162,158.067,75.707,105.043
466.388,160.550,75.707,105.043
468.871,158.067,75.707,105.043
465.679,160.550,75.707,105.043
468.162,158.067,75.707,105.043
466.388,160.550,75.707,105.043
468.871,158.067,75.707,105.043
465.679,160.550,75.707,105.043
468.162,158.067,75.707,105.043
466.388,160.550,75.707,105.043
468.871,158.067,75.707,105.043
466.388,161.259,75.707,105.043
469.580,158.067,75.707,105.043
467.098,161.259,75.707,105.043
468.162,159.486,75.707,105.043
469.226,161.968,75.707,105.043
471.708,160.904,75.707,105.043
469.935,164.805,75.707,105.043
471.673,161.068,77.382,107.367
468.936,141.453,79.094,109.743
464.120,125.521,79.094,109.743
460.785,126.633,79.094,109.743
463.379,127.744,79.094,109.743
464.490,129.597,79.094,109.743
466.343,132.931,79.094,109.743
467.454,134.784,79.094,109.743
469.307,136.636,79.094,109.743
471.159,138.489,79.094,109.743
473.012,141.823,79.094,109.743
474.864,145.158,79.094,109.743
477.458,148.492,79.094,109.743
479.310,152.568,79.094,109.743
480.422,156.643,79.094,109.743
482.274,159.978,79.094,109.743
483.386,164.053,79.094,109.743
485.238,168.129,79.094,109.743
486.350,171.463,79.094,109.743
488.943,174.057,79.094,109.743
490.796,175.909,79.094,109.743
491.907,177.021,79.094,109.743
493.822,179.262,77.407,107.402
490.559,181.800,77.407,107.402
492.433,184.693,75.756,105.112
489.239,187.177,75.756,105.112
487.464,188.241,75.756,105.112
485.690,188.596,75.756,105.112
482.496,188.951,75.756,105.112
482.141,187.177,75.756,105.112
478.948,186.112,75.756,105.112
477.173,185.048,75.756,105.112
475.399,184.693,75.756,105.112
474.334,184.338,75.756,105.112
473.270,182.564,75.756,105.112
472.205,182.918,75.756,105.112
472.560,181.854,75.756,105.112
472.915,180.789,75.756,105.112
471.850,179.725,75.756,105.112
473.625,177.241,75.756,105.112
473.979,174.047,75.756,105.112
475.754,171.563,75.756,105.112
476.109,171.208,75.756,105.112
477.883,168.724,75.756,105.112
478.948,169.079,75.756,105.112
480.012,166.595,75.756,105.112
481.077,166.240,75.756,105.112
481.432,164.466,75.756,105.112
480.367,164.820,75.756,105.112
478.593,163.046,75.756,105.112
473.979,160.562,75.756,105.112
470.786,160.207,75.756,105.112
473.270,159.143,75.756,105.112
475.044,157.368,75.756,105.112
471.850,155.594,75.756,105.112
473.625,154.529,75.756,105.112
476.109,153.465,75.756,105.112
480.012,152.400,75.756,105.112
482.496,151.336,75.756,105.112
485.690,151.690,75.756,105.112
487.464,152.045,75.756,105.112
489.948,151.690,75.756,105.112
488.006,151.632,77.432,107.437
490.545,150.544,77.432,107.437
487.807,148.979,79.146,109.815
489.660,147.867,79.146,109.815
483.015,147.037,80.897,112.244
480.363,145.900,80.897,112.244
482.257,144.763,80.897,112.244
478.610,143.128,82.687,114.728
481.322,143.516,82.687,114.728
480.005,142.648,84.516,117.266
476.195,141.762,86.386,119.860
472.553,142.166,86.386,119.860
468.911,141.762,86.386,119.860
463.650,142.166,86.386,119.860
460.009,141.762,86.386,119.860
455.557,142.166,86.386,119.860
456.771,141.762,86.386,119.860
453.939,144.594,86.386,119.860
455.962,143.380,86.386,119.860
453.939,142.166,86.386,119.860
456.771,140.952,86.386,119.860
458.795,143.785,86.386,119.860
462.436,148.236,86.386,119.860
461.223,152.687,86.386,119.860
458.390,150.664,86.386,119.860
456.367,153.497,86.386,119.860
460.009,149.855,86.386,119.860
461.222,153.497,86.386,119.860
459.199,148.236,86.386,119.860
455.557,147.022,86.386,119.860
453.534,149.855,86.386,119.860
453.939,151.069,86.386,119.860
451.915,153.901,86.386,119.860
453.939,154.306,86.386,119.860
451.106,157.139,86.386,119.860
453.939,155.925,86.386,119.860
450.297,161.995,86.386,119.860
453.129,159.971,86.386,119.860
455.962,157.139,86.386,119.860
454.748,154.306,86.386,119.860
458.390,152.283,86.386,119.860
459.604,150.259,86.386,119.860
461.627,152.283,86.386,119.860
462.841,149.450,86.386,119.860
460.009,153.092,86.386,119.860
463.660,150.860,84.544,117.304
460.888,154.424,84.544,117.304
464.461,151.476,82.741,114.803
462.523,155.739,82.741,114.803
465.236,151.476,82.741,114.803
462.523,155.739,82.741,114.803
466.020,152.854,80.976,112.355
463.365,156.268,80.976,112.355
466.020,152.854,80.976,112.355
463.365,156.268,80.976,112.355
466.020,153.613,80.976,112.355
463.365,157.027,80.976,112.355
466.020,152.854,80.976,112.355
463.365,156.268,80.976,112.355
466.788,154.907,79.249,109.959
464.189,158.990,79.249,109.959
466.788,154.907,79.249,109.959
464.189,158.248,79.249,109.959
466.788,154.164,79.249,109.959
464.189,158.248,79.249,109.959
466.788,154.907,79.249,109.959
464.189,158.248,79.249,109.959
466.788,154.164,79.249,109.959
464.189,157.505,79.249,109.959
466.788,154.164,79.249,109.959
464.189,157.505,79.249,109.959
466.788,154.164,79.249,109.959
463.447,158.248,79.249,109.959
466.045,154.164,79.249,109.959
463.447,158.248,79.249,109.959
465.303,154.907,79.249,109.959
464.189,158.990,79.249,109.959
466.788,154.907,79.249,109.959
463.447,158.990,79.249,109.959
466.045,154.907,79.249,109.959
463.447,158.990,79.249,109.959
466.045,154.907,79.249,109.959
463.447,158.990,79.249,109.959
465.303,155.649,79.249,109.959
464.189,158.990,79.249,109.959
466.788,154.907,79.249,109.959
463.447,158.990,79.249,109.959
466.045,154.907,79.249,109.959
464.189,158.248,79.249,109.959
466.788,154.164,79.249,109.959
464.189,157.505,79.249,109.959
466.788,154.164,79.249,109.959
464.189,157.505,79.249,109.959
466.788,154.164,79.249,109.959
464.189,158.248,79.249,109.959
467.530,154.164,79.249,109.959
464.189,158.248,79.249,109.959
466.788,154.907,79.249,109.959
464.189,158.990,79.249,109.959
466.788,155.649,79.249,109.959
464.189,158.990,79.249,109.959
466.788,155.649,79.249,109.959
464.189,158.990,79.249,109.959
466.788,154.907,79.249,109.959
464.189,158.248,79.249,109.959
466.788,154.164,79.249,109.959
464.189,157.505,79.249,109.959
466.788,154.164,79.249,109.959
464.189,157.505,79.249,109.959
466.788,154.907,79.249,109.959
464.189,158.248,79.249,109.959
466.788,154.164,79.249,109.959
464.189,157.505,79.249,109.959
466.788,154.164,79.249,109.959
464.189,158.248,79.249,109.959
466.788,154.164,79.249,109.959
464.189,157.505,79.249,109.959
466.788,154.907,79.249,109.959
464.189,158.248,79.249,109.959
466.788,154.164,79.249,109.959
464.189,157.505,79.249,109.959
466.788,154.164,79.249,109.959
464.189,157.505,79.249,109.959
466.788,154.164,79.249,109.959
464.189,157.505,79.249,109.959
466.788,154.164,79.249,109.959
464.189,157.505,79.249,109.959
466.788,154.164,79.249,109.959
464.189,157.505,79.249,109.959
466.788,154.164,79.249,109.959
463.447,158.248,79.249,109.959
466.045,154.164,79.249,109.959
464.189,158.248,79.249,109.959
466.788,154.164,79.249,109.959
463.447,158.248,79.249,109.959
466.045,154.164,79.249,109.959
464.189,157.505,79.249,109.959
466.788,154.164,79.249,109.959
463.447,158.248,79.249,109.959
466.045,154.164,79.249,109.959
464.189,157.505,79.249,109.959
466.788,154.164,79.249,109.959
463.447,158.248,79.249,109.959
466.045,154.164,79.249,109.959
464.189,158.248,79.249,109.959
466.788,154.164,79.249,109.959
464.189,157.505,79.249,109.959
466.788,154.164,79.249,109.959
463.447,158.248,79.249,109.959
466.045,154.164,79.249,109.959
464.189,157.505,79.249,109.959
466.788,154.164,79.249,109.959
464.189,157.505,79.249,109.959
466.788,154.164,79.249,109.959
463.447,158.248,79.249,109.959
466.045,154.164,79.249,109.959
464.189,158.248,79.249,109.959
466.788,154.164,79.249,109.959
463.447,158.248,79.249,109.959
466.045,154.164,79.249,109.959
464.189,157.505,79.249,109.959
466.788,154.164,79.249,109.959
463.447,158.248,79.249,109.959
466.045,154.164,79.249,109.959
464.189,157.505,79.249,109.959
466.788,154.164,79.249,109.959
464.189,157.505,79.249,109.959
466.788,154.164,79.249,109.959
463.447,158.248,79.249,109.959
466.045,154.164,79.249,109.959
464.189,158.248,79.249,109.959
466.788,154.907,79.249,109.959
464.189,158.248,79.249,109.959
466.788,154.164,79.249,109.959
464.189,157.505,79.249,109.959
466.788,154.164,79.249,109.959
464.189,157.505,79.249,109.959
466.788,154.164,79.249,109.959
463.447,158.248,79.249,109.959
466.045,154.164,79.249,109.959
464.189,157.505,79.249,109.959
466.788,154.164,79.249,109.959
464.189,157.505,79.249,109.959
466.788,154.164,79.249,109.959
463.447,158.248,79.249,109.959
466.045,154.164,79.249,109.959
464.189,158.248,79.249,109.959
466.788,154.164,79.249,109.959
463.447,158.248,79.249,109.959
466.045,154.164,79.249,109.959
464.189,158.248,79.249,109.959
466.788,154.164,79.249,109.959
463.447,158.248,79.249,109.959
466.045,154.164,79.249,109.959
464.189,157.505,79.249,109.959
466.788,154.164,79.249,109.959
463.447,158.248,79.249,109.959
466.045,154.164,79.249,109.959
464.189,157.505,79.249,109.959
466.788,154.164,79.249,109.959
463.447,158.248,79.249,109.959
466.045,154.164,79.249,109.959
464.189,157.505,79.249,109.959
466.788,154.164,79.249,109.959
463.447,158.248,79.249,109.959
466.045,154.164,79.249,109.959
464.189,158.248,79.249,109.959
466.788,154.164,79.249,109.959
464.189,157.505,79.249,109.959
466.788,154.164,79.249,109.959
464.189,157.505,79.249,109.959
466.788,154.907,79.249,109.959
464.189,158.990,79.249,109.959
467.530,155.649,79.249,109.959
464.189,158.990,79.249,109.959
466.788,155.649,79.249,109.959
463.447,158.990,79.249,109.959
466.788,155.649,79.249,109.959
464.932,159.733,79.249,109.959
468.273,155.649,79.249,109.959
468.760,160.758,77.559,107.614
470.577,158.214,77.559,107.614
468.760,160.031,77.559,107.614
471.303,157.488,77.559,107.614
469.679,162.487,75.905,105.319
471.457,159.998,75.905,105.319
468.968,163.198,75.905,105.319
471.457,160.709,75.905,105.319
468.257,162.487,75.905,105.319
470.035,159.998,75.905,105.319
468.257,162.487,75.905,105.319
469.323,159.998,75.905,105.319
467.546,162.487,75.905,105.319
470.034,159.998,75.905,105.319
468.968,162.487,75.905,105.319
471.457,159.998,75.905,105.319
469.679,162.487,75.905,105.319
472.168,159.998,75.905,105.319
472.635,164.891,74.287,103.073
475.104,164.984,72.703,100.875
476.207,169.014,71.152,98.724
477.874,166.014,71.152,98.724
478.873,161.681,71.152,98.724
477.874,154.682,71.152,98.724
476.874,150.349,71.152,98.724
475.874,148.016,71.152,98.724
474.207,149.016,71.152,98.724
471.691,147.578,72.726,100.908
469.988,150.644,72.726,100.908
471.691,148.941,72.726,100.908
469.306,153.369,72.726,100.908
468.966,157.798,72.726,100.908
471.350,154.732,72.726,100.908
469.647,159.842,72.726,100.908
468.625,162.908,72.726,100.908
471.691,161.205,72.726,100.908
469.306,164.952,72.726,100.908
471.691,161.886,72.726,100.908
469.306,164.952,72.726,100.908
471.010,162.567,72.726,100.908
469.306,161.545,72.726,100.908
468.284,164.612,72.726,100.908
469.988,161.545,72.726,100.908
468.966,165.293,72.726,100.908
470.669,162.227,72.726,100.908
468.284,164.612,72.726,100.908
470.669,161.545,72.726,100.908
467.603,165.293,72.726,100.908
470.669,162.227,72.726,100.908
467.603,165.293,72.726,100.908
469.988,162.908,72.726,100.908
