288.000,143.000,35.000,42.000
289.363,141.334,35.000,42.000
291.331,141.486,35.000,42.000
293.300,141.032,35.000,42.000
294.965,139.972,35.000,42.000
296.631,139.215,35.000,42.000
296.782,138.760,35.000,42.000
297.539,138.609,35.000,42.000
297.691,138.457,35.000,42.000
298.145,140.123,35.000,42.000
298.296,140.577,35.000,42.000
299.054,140.426,35.000,42.000
298.296,141.789,35.000,42.000
297.237,141.032,35.000,42.000
296.177,139.972,35.000,42.000
296.631,140.123,35.000,42.000
297.994,141.486,35.000,42.000
298.448,141.940,35.000,42.000
296.782,141.486,35.000,42.000
296.934,143.151,35.000,42.000
297.388,144.211,35.000,42.000
296.631,144.968,35.000,42.000
296.177,145.726,35.000,42.000
294.511,146.180,35.000,42.000
293.754,146.937,35.000,42.000
292.694,147.088,35.000,42.000
292.543,147.543,35.000,42.000
292.391,147.088,35.000,42.000
291.937,148.451,35.000,42.000
291.785,149.208,35.000,42.000
291.028,148.754,35.000,42.000
290.271,148.905,35.000,42.000
291.028,149.057,35.000,42.000
291.180,148.905,35.000,42.000
291.634,148.148,35.000,42.000
292.391,147.391,35.000,42.000
292.845,147.240,35.000,42.000
293.602,146.785,35.000,42.000
294.057,146.331,35.000,42.000
293.602,146.785,35.000,42.000
294.057,146.634,35.000,42.000
293.905,146.180,35.000,42.000
294.662,146.634,35.000,42.000
294.208,146.180,35.000,42.000
294.057,146.634,35.000,42.000
293.905,145.271,35.000,42.000
294.360,146.634,35.000,42.000
292.694,146.785,35.000,42.000
291.634,147.240,35.000,42.000
290.877,148.602,35.000,42.000
290.725,148.754,35.000,42.000
290.574,148.905,35.000,42.000
290.120,149.057,35.000,42.000
289.363,149.511,35.000,42.000
289.211,149.662,35.000,42.000
289.363,150.419,35.000,42.000
289.211,152.085,35.000,42.000
288.757,152.539,35.000,42.000
289.211,152.994,35.000,42.000
289.060,153.751,35.000,42.000
289.211,153.599,35.000,42.000
289.666,153.448,35.000,42.000
290.120,153.902,35.000,42.000
289.666,153.145,35.000,42.000
291.028,152.691,35.000,42.000
291.785,151.934,35.000,42.000
293.148,152.388,35.000,42.000
292.997,153.145,35.000,42.000
294.662,152.994,35.000,42.000
295.419,153.448,35.000,42.000
296.782,154.508,35.000,42.000
298.751,154.054,35.000,42.000
301.022,155.416,35.000,42.000
302.990,156.779,35.000,42.000
307.079,157.839,35.000,42.000
309.653,160.413,35.000,42.000
313.438,166.318,35.000,42.000
315.104,171.921,35.000,42.000
315.861,177.826,35.000,42.000
317.829,184.034,35.000,42.000
318.889,189.637,35.000,42.000
318.132,193.725,35.000,42.000
315.558,197.208,35.000,42.000
313.590,200.690,35.000,42.000
310.713,202.053,35.000,42.000
306.019,202.507,35.000,42.000
299.811,200.539,35.000,42.000
296.328,196.753,35.000,42.000
291.937,190.848,35.000,42.000
288.151,182.823,35.000,42.000
284.063,172.375,35.000,42.000
281.489,161.019,35.000,42.000
281.338,150.571,35.000,42.000
281.489,142.546,35.000,42.000
282.852,136.035,35.000,42.000
284.517,131.947,35.000,42.000
285.880,129.070,35.000,42.000
287.546,128.615,35.000,42.000
289.514,129.978,35.000,42.000
291.785,134.369,35.000,42.000
293.754,141.183,35.000,42.000
295.722,149.511,35.000,42.000
297.994,160.262,35.000,42.000
300.871,172.829,35.000,42.000
302.233,184.186,35.000,42.000
301.779,192.514,35.000,42.000
301.325,196.299,35.000,42.000
298.448,197.965,35.000,42.000
294.057,194.482,35.000,42.000
286.940,188.577,35.000,42.000
280.429,179.340,35.000,42.000
272.707,171.315,35.000,42.000
265.287,164.199,35.000,42.000
255.946,160.749,35.774,42.929
248.003,159.471,36.566,43.879
243.732,159.946,36.566,43.879
240.093,161.370,36.566,43.879
237.720,163.110,36.566,43.879
235.980,165.799,36.566,43.879
237.404,171.969,36.566,43.879
239.777,175.607,36.566,43.879
242.783,176.714,36.566,43.879
247.054,174.341,36.566,43.879
253.540,168.172,36.566,43.879
261.924,159.788,36.566,43.879
270.624,151.720,36.566,43.879
282.489,145.550,36.566,43.879
290.240,142.545,36.566,43.879
297.359,140.488,36.566,43.879
304.161,140.014,36.566,43.879
310.331,141.754,36.566,43.879
317.133,144.127,36.566,43.879
320.832,148.729,37.375,44.850
324.551,156.329,37.375,44.850
327.299,167.485,37.375,44.850
329.401,177.672,37.375,44.850
327.946,183.978,37.375,44.850
327.138,188.667,37.375,44.850
325.036,190.122,37.375,44.850
321.640,188.667,37.375,44.850
316.628,183.978,37.375,44.850
311.292,176.702,37.375,44.850
306.926,167.809,37.375,44.850
301.914,158.592,37.375,44.850
297.225,149.699,37.375,44.850
292.535,143.393,37.375,44.850
287.523,140.321,37.375,44.850
283.481,138.866,37.375,44.850
279.762,139.674,37.375,44.850
277.013,142.100,37.375,44.850
274.588,147.759,37.375,44.850
272.486,154.065,37.375,44.850
271.677,161.665,37.375,44.850
270.869,167.000,37.375,44.850
269.413,169.426,37.375,44.850
266.665,170.234,37.375,44.850
265.533,168.779,37.375,44.850
264.078,166.677,37.375,44.850
262.622,163.281,37.375,44.850
259.227,159.886,37.375,44.850
256.801,155.844,37.375,44.850
255.023,153.095,37.375,44.850
255.831,151.640,37.375,44.850
257.610,151.478,37.375,44.850
260.035,154.550,37.375,44.850
262.137,158.269,37.375,44.850
263.315,162.955,36.578,43.893
264.106,169.443,36.578,43.893
265.564,176.165,35.798,42.957
266.648,181.895,35.798,42.957
266.493,187.935,35.798,42.957
267.887,189.638,35.798,42.957
266.803,187.006,35.798,42.957
265.719,180.966,35.798,42.957
265.874,173.996,35.798,42.957
267.268,167.647,35.798,42.957
269.591,163.156,35.798,42.957
272.843,159.903,35.798,42.957
276.405,158.819,35.798,42.957
283.064,158.664,35.798,42.957
290.033,159.748,35.798,42.957
297.622,162.691,35.798,42.957
303.972,166.253,35.798,42.957
310.012,168.886,35.798,42.957
313.264,170.899,35.798,42.957
314.967,170.125,35.798,42.957
313.264,168.731,35.798,42.957
310.631,168.886,35.798,42.957
305.211,169.970,35.798,42.957
301.649,173.842,35.798,42.957
298.396,178.952,35.798,42.957
297.003,186.231,35.798,42.957
294.679,192.891,35.798,42.957
290.498,200.169,35.798,42.957
284.458,204.041,35.798,42.957
276.832,205.333,36.590,43.908
270.025,201.693,36.590,43.908
265.514,194.473,37.399,44.879
263.411,185.574,37.399,44.879
265.191,176.352,37.399,44.879
269.883,170.689,37.399,44.879
276.517,166.644,37.399,44.879
284.445,166.159,37.399,44.879
293.020,168.909,37.399,44.879
302.243,174.572,37.399,44.879
310.818,181.853,37.399,44.879
315.186,190.105,37.399,44.879
317.290,196.415,37.399,44.879
315.510,199.489,37.399,44.879
312.112,201.593,37.399,44.879
307.744,198.842,37.399,44.879
299.816,194.797,37.399,44.879
291.240,188.810,37.399,44.879
282.341,184.118,37.399,44.879
273.119,181.368,37.399,44.879
267.456,180.559,37.399,44.879
262.764,182.015,37.399,44.879
260.984,184.118,37.399,44.879
260.822,186.545,37.399,44.879
262.278,187.354,37.399,44.879
265.676,185.251,37.399,44.879
269.721,180.882,37.399,44.879
276.355,175.543,37.399,44.879
280.076,172.792,37.399,44.879
283.474,173.601,37.399,44.879
284.283,175.058,37.399,44.879
285.092,177.161,37.399,44.879
284.930,180.559,37.399,44.879
285.739,183.309,37.399,44.879
284.606,184.118,37.399,44.879
282.503,181.368,37.399,44.879
278.458,176.676,37.399,44.879
273.766,167.777,37.399,44.879
268.427,160.496,37.399,44.879
262.743,155.204,36.602,43.922
259.013,151.551,35.821,42.986
255.138,150.777,35.821,42.986
252.085,151.982,35.057,42.069
249.203,153.650,35.057,42.069
246.321,157.138,35.057,42.069
243.440,160.627,35.057,42.069
240.861,167.452,35.057,42.069
239.800,173.063,35.057,42.069
241.468,173.822,35.057,42.069
244.046,173.367,35.057,42.069
246.321,168.968,35.057,42.069
249.810,162.447,35.057,42.069
252.995,156.835,35.057,42.069
259.213,152.740,35.057,42.069
265.873,150.119,34.310,41.172
271.365,148.783,34.310,41.172
277.451,147.744,34.310,41.172
281.965,148.326,33.578,40.294
285.307,148.471,33.578,40.294
286.033,149.488,33.578,40.294
283.854,151.958,33.578,40.294
280.712,152.527,32.862,39.434
274.598,150.395,32.862,39.434
268.485,144.566,32.862,39.434
264.078,137.884,32.862,39.434
258.533,132.339,32.862,39.434
251.567,127.648,32.862,39.434
241.914,126.013,32.161,38.594
230.087,129.213,32.161,38.594
212.695,137.979,32.161,38.594
193.633,148.414,32.161,38.594
179.302,159.962,32.161,38.594
169.145,175.406,32.161,38.594
163.997,187.233,32.161,38.594
165.806,193.773,32.161,38.594
167.337,201.147,32.161,38.594
168.311,205.182,32.161,38.594
169.563,201.982,32.161,38.594
170.815,196.277,32.161,38.594
172.345,190.016,32.161,38.594
175.824,183.476,32.161,38.594
181.807,177.494,32.161,38.594
186.677,175.963,32.161,38.594
191.546,177.772,32.161,38.594
197.529,180.972,32.161,38.594
201.564,186.677,32.161,38.594
203.651,191.546,32.161,38.594
204.904,196.973,32.161,38.594
207.825,202.121,32.161,38.594
214.087,207.547,32.161,38.594
215.339,212.973,32.161,38.594
209.078,218.678,32.161,38.594
203.930,221.322,32.161,38.594
201.843,218.956,32.161,38.594
203.095,214.087,32.161,38.594
204.625,208.660,32.161,38.594
203.651,205.460,32.161,38.594
204.625,204.486,32.161,38.594
206.712,205.460,32.161,38.594
207.367,208.642,32.873,39.447
205.518,212.482,32.873,39.447
205.092,217.459,32.873,39.447
204.665,220.161,32.873,39.447
203.385,221.441,32.873,39.447
203.527,217.033,32.873,39.447
202.816,210.633,32.873,39.447
202.958,202.811,32.873,39.447
204.238,196.411,32.873,39.447
203.812,192.856,32.873,39.447
201.678,191.861,32.873,39.447
200.114,192.287,32.873,39.447
200.256,192.714,32.873,39.447
200.683,195.132,32.873,39.447
199.403,199.825,32.873,39.447
200.398,203.949,32.873,39.447
199.687,207.789,32.873,39.447
198.976,206.793,32.873,39.447
200.825,202.669,32.873,39.447
202.674,197.407,32.873,39.447
202.816,194.136,32.873,39.447
203.527,193.140,32.873,39.447
203.954,193.283,32.873,39.447
202.958,194.278,32.873,39.447
201.963,196.696,32.873,39.447
202.674,201.673,32.873,39.447
203.385,206.651,32.873,39.447
203.243,212.766,32.873,39.447
200.825,219.166,32.873,39.447
198.123,223.575,32.873,39.447
199.972,221.441,32.873,39.447
201.821,216.748,32.873,39.447
200.541,210.064,32.873,39.447
198.692,202.811,32.873,39.447
195.990,195.843,32.873,39.447
192.719,190.296,32.873,39.447
185.466,186.456,32.873,39.447
181.057,185.461,32.873,39.447
179.777,184.181,32.873,39.447
179.350,185.745,32.873,39.447
175.795,189.301,32.873,39.447
170.249,195.700,32.873,39.447
169.253,203.238,32.873,39.447
170.818,209.069,32.873,39.447
170.391,213.193,32.873,39.447
172.524,214.188,32.873,39.447
174.657,211.202,32.873,39.447
175.937,207.646,32.873,39.447
176.080,205.513,32.873,39.447
177.928,205.087,32.873,39.447
182.621,206.082,32.873,39.447
188.452,208.500,32.873,39.447
193.714,212.908,32.873,39.447
199.830,218.170,32.873,39.447
210.496,222.864,32.873,39.447
222.300,226.134,32.873,39.447
232.112,229.405,32.873,39.447
242.210,224.997,32.873,39.447
253.160,216.322,32.873,39.447
260.413,204.802,32.873,39.447
267.951,196.411,32.873,39.447
276.626,190.296,32.873,39.447
285.017,186.456,32.873,39.447
292.839,184.892,32.873,39.447
296.394,187.025,32.873,39.447
297.105,191.718,32.873,39.447
294.972,197.834,32.873,39.447
291.701,205.940,32.873,39.447
286.439,216.891,32.873,39.447
280.039,223.859,32.873,39.447
269.089,227.983,32.873,39.447
255.294,230.401,32.873,39.447
240.077,231.112,32.873,39.447
223.153,232.961,32.873,39.447
208.789,236.232,32.873,39.447
199.261,239.218,32.873,39.447
193.999,241.352,32.873,39.447
188.168,242.063,32.873,39.447
178.071,243.627,32.873,39.447
166.267,239.218,32.873,39.447
159.583,230.543,32.873,39.447
157.734,218.739,32.873,39.447
161.574,205.798,32.873,39.447
169.964,195.700,32.873,39.447
181.199,192.429,32.873,39.447
190.728,194.563,32.873,39.447
200.825,199.825,32.873,39.447
212.629,208.215,32.873,39.447
225.002,220.019,32.873,39.447
238.797,231.823,32.873,39.447
253.160,243.058,32.873,39.447
267.524,250.027,32.873,39.447
279.328,253.298,32.873,39.447
290.563,252.302,32.873,39.447
305.496,248.747,32.873,39.447
320.428,243.485,32.873,39.447
334.508,237.085,32.873,39.447
349.440,234.099,32.873,39.447
361.244,231.681,32.873,39.447
370.773,230.401,32.873,39.447
374.613,229.974,32.873,39.447
374.186,231.539,32.873,39.447
370.915,233.672,32.873,39.447
361.102,236.090,32.873,39.447
346.454,242.205,32.873,39.447
329.246,250.027,32.873,39.447
308.340,256.142,32.873,39.447
288.857,259.413,32.873,39.447
269.657,257.280,32.873,39.447
253.303,251.449,32.873,39.447
238.086,244.196,32.873,39.447
222.584,239.787,32.873,39.447
209.358,233.956,32.873,39.447
201.821,228.694,32.873,39.447
197.127,222.579,32.873,39.447
196.416,218.455,32.873,39.447
198.550,217.459,32.873,39.447
202.105,216.748,32.873,39.447
208.505,217.459,32.873,39.447
215.189,218.739,32.873,39.447
222.726,220.304,32.873,39.447
235.099,217.602,32.873,39.447
250.601,213.193,32.873,39.447
260.413,207.078,32.873,39.447
268.520,201.247,32.873,39.447
276.910,196.554,32.873,39.447
287.008,190.723,32.873,39.447
294.261,189.158,32.873,39.447
300.945,191.007,32.873,39.447
308.198,193.709,32.873,39.447
315.735,199.540,32.873,39.447
322.306,208.990,33.600,40.320
329.138,219.020,33.600,40.320
335.680,229.050,33.600,40.320
341.930,235.591,33.600,40.320
344.983,237.771,33.600,40.320
348.036,235.591,33.600,40.320
352.641,229.565,34.344,41.212
355.464,222.284,34.344,41.212
353.829,215.301,34.344,41.212
351.898,211.290,34.344,41.212
349.966,208.467,34.344,41.212
343.577,206.535,34.344,41.212
336.594,207.278,34.344,41.212
328.353,210.984,35.103,42.124
317.266,215.996,35.103,42.124
305.691,225.141,35.880,43.056
294.360,235.231,35.880,43.056
283.339,240.974,35.880,43.056
270.766,240.508,35.880,43.056
258.503,235.696,35.880,43.056
247.171,228.711,35.880,43.056
235.662,222.276,36.674,44.009
226.203,216.686,37.485,44.982
213.506,211.646,38.315,45.978
205.052,207.833,38.315,45.978
195.858,206.809,39.162,46.995
188.911,204.606,39.162,46.995
185.353,205.453,39.162,46.995
183.151,205.284,39.162,46.995
186.031,201.387,39.162,46.995
190.267,194.780,39.162,46.995
198.230,185.122,39.162,46.995
210.259,175.126,39.162,46.995
225.338,169.196,39.162,46.995
240.756,166.994,39.162,46.995
256.512,168.858,39.162,46.995
269.558,173.771,39.162,46.995
278.199,179.362,39.162,46.995
285.484,184.953,39.162,46.995
289.381,192.238,39.162,46.995
292.261,198.507,39.162,46.995
293.108,200.710,39.162,46.995
291.922,199.524,39.162,46.995
289.042,194.610,39.162,46.995
284.806,185.970,39.162,46.995
281.587,176.312,39.162,46.995
279.723,168.349,39.162,46.995
275.488,164.791,39.162,46.995
269.558,163.605,39.162,46.995
266.678,167.841,39.162,46.995
265.492,172.077,39.162,46.995
266.339,178.007,39.162,46.995
270.574,184.275,39.162,46.995
275.149,192.577,39.162,46.995
278.029,201.896,39.162,46.995
279.554,210.197,39.162,46.995
279.385,213.078,39.162,46.995
280.909,210.875,39.162,46.995
283.112,203.590,39.162,46.995
287.348,190.883,39.162,46.995
291.244,178.176,39.162,46.995
291.414,169.196,39.162,46.995
289.550,159.878,39.162,46.995
286.670,151.576,39.162,46.995
287.856,143.274,39.162,46.995
287.348,138.022,39.162,46.995
283.790,136.497,39.162,46.995
276.843,137.344,39.162,46.995
269.897,137.853,39.162,46.995
262.950,140.394,39.162,46.995
255.665,143.613,39.162,46.995
251.091,145.816,39.162,46.995
247.533,149.374,39.162,46.995
241.581,154.610,38.327,45.993
235.446,161.409,38.327,45.993
228.316,168.539,38.327,45.993
222.181,177.658,38.327,45.993
217.373,185.783,38.327,45.993
215.217,193.245,38.327,45.993
212.730,196.727,38.327,45.993
211.901,198.882,38.327,45.993
214.057,195.400,38.327,45.993
220.855,186.944,38.327,45.993
230.306,175.171,38.327,45.993
237.436,159.419,38.327,45.993
238.928,147.315,38.327,45.993
236.441,137.200,38.327,45.993
235.281,128.080,38.327,45.993
236.441,123.272,38.327,45.993
236.607,121.779,38.327,45.993
235.115,124.930,38.327,45.993
231.964,130.733,38.327,45.993
227.819,138.195,38.327,45.993
228.316,147.315,38.327,45.993
229.146,158.424,38.327,45.993
230.969,170.528,38.327,45.993
233.125,181.306,38.327,45.993
234.949,187.441,38.327,45.993
234.878,190.009,37.510,45.012
232.444,190.496,37.510,45.012
227.370,188.317,36.710,44.052
219.905,181.488,36.710,44.052
216.776,173.232,35.927,43.113
212.515,170.546,35.161,42.193
205.706,169.676,34.411,41.293
199.900,171.909,34.411,41.293
197.964,173.547,34.411,41.293
197.220,176.673,34.411,41.293
196.178,181.288,34.411,41.293
195.136,186.499,34.411,41.293
195.582,193.198,34.411,41.293
196.093,196.939,33.677,40.413
197.695,195.627,33.677,40.413
197.550,190.528,33.677,40.413
199.735,182.806,33.677,40.413
203.960,172.753,33.677,40.413
209.060,167.362,33.677,40.413
213.772,164.002,32.959,39.551
215.626,164.429,32.959,39.551
218.335,164.857,32.959,39.551
224.466,168.137,32.959,39.551
227.461,173.983,32.959,39.551
228.174,180.114,32.959,39.551
229.742,186.816,32.959,39.551
230.740,194.373,32.959,39.551
228.031,201.645,32.959,39.551
224.181,208.347,32.959,39.551
220.331,212.197,32.959,39.551
217.337,213.195,32.959,39.551
214.527,208.531,32.256,38.708
212.155,201.135,32.256,38.708
212.295,190.111,32.256,38.708
213.830,178.808,32.256,38.708
214.248,167.783,32.256,38.708
212.155,158.154,32.256,38.708
207.271,152.712,32.256,38.708
203.782,148.665,32.256,38.708
199.735,146.293,32.256,38.708
197.921,145.874,32.256,38.708
198.340,148.526,32.256,38.708
197.363,153.410,32.256,38.708
197.730,159.786,32.970,39.564
199.289,166.896,33.699,40.439
202.698,175.070,34.445,41.334
205.873,184.044,35.207,42.249
210.594,191.203,35.207,42.249
213.793,195.924,35.207,42.249
216.382,195.467,35.207,42.249
220.495,189.832,35.207,42.249
223.740,179.409,35.986,43.183
227.703,165.202,36.782,44.139
233.591,151.676,36.782,44.139
240.115,141.014,36.782,44.139
247.594,132.580,36.782,44.139
253.296,123.012,37.596,45.115
254.398,116.606,38.428,46.114
257.890,113.780,38.428,46.114
269.711,110.338,39.278,47.134
273.331,105.762,40.147,48.177
272.346,111.536,41.035,49.243
269.866,118.911,41.943,50.332
271.499,126.714,41.943,50.332
268.415,141.049,41.943,50.332
263.997,154.611,42.871,51.446
261.957,167.038,42.871,51.446
259.546,175.013,42.871,51.446
252.337,176.946,43.820,52.584
248.902,174.987,44.789,53.747
250.216,164.944,45.780,54.936
247.245,154.051,45.780,54.936
244.670,145.138,45.780,54.936
245.602,137.750,46.793,56.152
249.075,131.038,47.829,57.394
252.592,125.451,47.829,57.394
256.142,123.313,48.887,58.664
261.007,123.525,48.887,58.664
265.513,126.606,49.968,59.962
