23.000,88.000,66.000,55.000
23.714,88.714,66.000,55.000
24.904,87.524,66.000,55.000
24.666,87.762,66.000,55.000
25.379,88.000,66.000,55.000
24.666,88.238,66.000,55.000
24.428,89.428,66.000,55.000
24.190,90.141,66.000,55.000
24.428,88.952,66.000,55.000
24.190,88.238,66.000,55.000
23.952,88.476,66.000,55.000
25.617,88.238,66.000,55.000
25.379,87.048,66.000,55.000
24.666,85.859,66.000,55.000
25.855,85.145,66.000,55.000
26.569,83.955,66.000,55.000
26.331,82.765,66.000,55.000
26.569,82.051,66.000,55.000
26.807,81.813,66.000,55.000
27.045,81.576,66.000,55.000
28.437,82.850,64.593,53.827
27.738,82.617,64.593,53.827
28.903,82.850,64.593,53.827
29.601,82.617,64.593,53.827
30.514,83.864,63.215,52.679
30.742,84.092,63.215,52.679
32.515,83.995,61.867,51.556
32.292,83.326,61.867,51.556
32.515,83.995,61.867,51.556
33.630,83.326,61.867,51.556
32.961,83.103,61.867,51.556
34.076,83.326,61.867,51.556
34.745,83.549,61.867,51.556
35.414,82.880,61.867,51.556
36.529,82.211,61.867,51.556
36.114,83.405,60.548,50.456
37.206,82.314,60.548,50.456
38.482,81.800,59.256,49.380
39.123,81.159,59.256,49.380
38.910,79.664,59.256,49.380
39.550,79.023,59.256,49.380
41.212,78.932,57.993,48.327
41.003,78.722,57.993,48.327
42.884,79.768,57.993,48.327
42.675,80.395,57.993,48.327
42.884,81.440,57.993,48.327
43.930,82.904,57.993,48.327
43.303,83.531,57.993,48.327
43.094,84.158,57.993,48.327
42.884,83.949,57.993,48.327
43.930,83.740,57.993,48.327
44.139,83.949,57.993,48.327
44.153,83.860,56.756,47.297
44.357,82.837,56.756,47.297
44.971,83.042,56.756,47.297
43.948,83.656,56.756,47.297
44.750,83.963,55.546,46.288
45.752,85.364,55.546,46.288
46.151,86.051,54.361,45.301
46.739,87.031,54.361,45.301
46.752,88.081,53.202,44.335
47.711,88.656,53.202,44.335
47.724,88.944,52.067,43.390
48.287,88.756,52.067,43.390
47.724,88.944,52.067,43.390
48.287,88.756,52.067,43.390
47.724,87.442,52.067,43.390
48.662,86.128,52.067,43.390
48.099,86.691,52.067,43.390
48.111,86.611,50.957,42.464
49.397,86.795,50.957,42.464
49.581,84.407,50.957,42.464
48.663,84.958,50.957,42.464
49.581,84.407,50.957,42.464
50.656,84.328,49.870,41.559
50.476,83.789,49.870,41.559
50.656,85.407,49.870,41.559
51.555,84.148,49.870,41.559
51.734,84.328,49.870,41.559
51.555,83.070,49.870,41.559
52.094,83.609,49.870,41.559
51.914,83.070,49.870,41.559
52.454,82.530,49.870,41.559
52.274,80.912,49.870,41.559
53.173,81.452,49.870,41.559
52.274,80.912,49.870,41.559
52.813,82.171,49.870,41.559
53.712,82.710,49.870,41.559
53.892,82.171,49.870,41.559
54.597,83.134,48.807,40.672
53.365,82.606,48.807,40.672
54.597,82.430,48.807,40.672
54.069,81.902,48.807,40.672
54.949,80.318,48.807,40.672
54.069,81.198,48.807,40.672
54.949,81.022,48.807,40.672
54.773,80.494,48.807,40.672
54.445,81.776,47.766,39.805
55.785,81.702,46.747,38.956
55.616,81.871,46.747,38.956
55.447,82.040,46.747,38.956
55.279,81.197,46.747,38.956
54.436,81.702,46.747,38.956
54.942,82.545,46.747,38.956
55.785,81.702,46.747,38.956
54.605,80.523,46.747,38.956
55.266,79.151,45.751,38.125
55.101,77.667,45.751,38.125
55.266,75.193,45.751,38.125
55.431,74.368,45.751,38.125
55.759,75.251,44.775,37.312
54.630,75.090,44.775,37.312
55.114,74.283,44.775,37.312
55.747,75.459,43.820,36.517
55.453,75.696,42.886,35.738
55.607,76.160,42.886,35.738
55.762,77.860,42.886,35.738
54.989,78.633,42.886,35.738
54.834,79.716,42.886,35.738
54.680,81.107,42.886,35.738
54.988,82.233,41.971,34.976
55.581,83.336,41.076,34.230
55.020,84.129,40.200,33.500
55.588,84.067,39.343,32.786
54.879,82.790,39.343,32.786
55.021,81.797,39.343,32.786
54.879,80.521,39.343,32.786
54.615,80.734,38.504,32.086
54.476,79.207,38.504,32.086
53.782,79.623,38.504,32.086
53.643,79.207,38.504,32.086
53.227,79.901,38.504,32.086
53.643,79.762,38.504,32.086
52.394,80.456,38.504,32.086
51.700,80.873,38.504,32.086
51.561,80.734,38.504,32.086
50.590,80.873,38.504,32.086
51.134,81.081,37.683,31.402
51.270,81.217,37.683,31.402
49.775,81.081,37.683,31.402
49.911,80.673,37.683,31.402
49.658,81.139,36.879,30.733
49.791,79.943,36.879,30.733
49.392,80.607,36.879,30.733
48.462,80.208,36.879,30.733
49.496,80.408,36.093,30.077
48.501,81.105,35.323,29.436
48.883,80.723,35.323,29.436
47.482,81.614,35.323,29.436
48.119,81.742,35.323,29.436
46.463,82.633,35.323,29.436
47.100,83.015,35.323,29.436
46.372,83.452,34.570,28.808
46.497,83.576,34.570,28.808
45.624,82.704,34.570,28.808
45.998,80.834,34.570,28.808
44.627,79.962,34.570,28.808
45.001,78.093,34.570,28.808
43.381,78.217,34.570,28.808
43.256,78.840,34.570,28.808
42.882,78.466,34.570,28.808
41.761,80.087,34.570,28.808
41.885,80.211,34.570,28.808
41.013,80.834,34.570,28.808
40.141,80.959,34.570,28.808
40.265,80.834,34.570,28.808
39.393,80.959,34.570,28.808
38.770,81.333,34.570,28.808
37.399,81.458,34.570,28.808
37.274,81.582,34.570,28.808
36.152,81.208,34.570,28.808
35.280,80.834,34.570,28.808
34.657,80.710,34.570,28.808
35.031,80.336,34.570,28.808
33.660,81.208,34.570,28.808
34.283,80.834,34.570,28.808
33.411,80.710,34.570,28.808
33.037,80.834,34.570,28.808
32.164,81.208,34.570,28.808
32.893,81.876,33.832,28.194
33.607,82.764,33.111,27.592
34.995,83.174,32.405,27.004
36.805,83.574,31.714,26.428
37.473,84.407,31.038,25.865
34.029,85.006,30.376,25.313
34.248,84.748,29.728,24.773
33.428,84.703,29.094,24.245
34.163,85.647,29.094,24.245
34.687,85.752,29.094,24.245
35.421,86.276,29.094,24.245
40.483,85.827,28.473,23.728
44.646,86.575,27.866,23.222
46.589,86.144,27.272,22.727
48.301,87.429,26.690,22.242
58.880,95.550,26.121,21.768
59.275,95.016,26.699,22.249
57.482,95.269,27.290,22.742
56.057,94.507,27.894,23.245
55.018,94.772,28.511,23.759
26.230,87.577,29.142,24.285
25.494,88.312,29.142,24.285
24.549,88.838,29.142,24.285
24.024,89.783,29.142,24.285
23.918,88.838,29.142,24.285
25.074,89.153,29.142,24.285
26.650,88.207,29.142,24.285
27.596,87.682,29.142,24.285
31.693,89.258,29.142,24.285
35.580,90.414,29.142,24.285
28.541,85.056,29.142,24.285
27.941,84.403,28.520,23.767
28.344,83.566,27.912,23.260
28.350,82.747,27.317,22.764
28.167,82.705,26.734,22.279
28.545,83.779,26.164,21.803
28.551,83.921,25.606,21.338
18.858,84.567,25.606,21.338
17.289,85.028,25.606,21.338
18.489,85.121,25.606,21.338
20.243,85.767,25.606,21.338
21.997,86.413,25.606,21.338
23.197,85.582,25.606,21.338
22.920,85.859,25.606,21.338
23.197,85.582,25.606,21.338
22.735,85.859,25.606,21.338
21.905,85.028,25.606,21.338
22.551,85.121,25.606,21.338
23.197,84.475,25.606,21.338
22.366,84.567,25.606,21.338
23.197,84.475,25.606,21.338
23.289,83.644,25.606,21.338
24.120,83.921,25.606,21.338
26.796,84.059,25.060,20.883
25.260,83.788,25.060,20.883
22.098,85.505,25.060,20.883
20.742,86.679,25.060,20.883
20.833,87.312,25.060,20.883
20.381,87.944,25.060,20.883
20.110,88.576,25.060,20.883
19.658,87.944,25.060,20.883
20.652,88.215,25.060,20.883
20.200,86.679,25.060,20.883
20.471,86.227,25.060,20.883
20.562,85.595,25.060,20.883
21.555,85.505,25.060,20.883
22.369,85.956,25.060,20.883
24.627,87.131,25.060,20.883
26.524,87.041,25.060,20.883
33.120,89.841,25.060,20.883
37.185,91.016,25.060,20.883
40.564,90.879,25.615,21.345
41.949,89.493,25.615,21.345
43.023,89.632,25.068,20.890
43.656,90.084,25.068,20.890
44.469,88.547,25.068,20.890
44.301,89.554,24.534,20.445
46.012,90.028,24.011,20.009
45.517,89.490,23.498,19.582
46.502,90.761,22.997,19.164
47.414,92.004,22.997,19.164
48.326,92.751,22.997,19.164
47.580,92.502,22.997,19.164
48.326,92.751,22.997,19.164
49.073,92.502,22.997,19.164
25.851,88.591,23.506,19.588
24.580,89.184,23.506,19.588
25.512,88.591,23.506,19.588
25.088,89.015,23.506,19.588
25.512,88.082,23.506,19.588
25.936,87.998,23.506,19.588
25.343,88.421,23.506,19.588
26.105,88.845,23.506,19.588
25.512,88.082,23.506,19.588
26.614,88.337,23.506,19.588
27.376,88.252,23.506,19.588
26.783,87.828,23.506,19.588
27.207,87.066,23.506,19.588
27.800,86.472,23.506,19.588
27.037,86.049,23.506,19.588
27.970,84.438,23.506,19.588
28.054,84.354,23.506,19.588
27.800,84.100,23.506,19.588
28.393,84.184,23.506,19.588
30.523,84.802,23.005,19.171
34.255,84.884,23.005,19.171
36.019,86.608,22.514,18.762
32.895,73.586,22.034,18.362
33.972,74.318,21.564,17.970
35.326,75.334,21.104,17.587
37.238,74.568,20.654,17.212
38.206,75.387,20.654,17.212
39.174,74.568,20.654,17.212
40.440,75.536,20.654,17.212
41.855,76.206,20.654,17.212
43.269,75.983,20.654,17.212
27.409,87.376,20.654,17.212
28.823,88.195,20.654,17.212
31.917,87.927,21.111,17.593
32.552,87.338,21.578,17.982
33.719,87.882,21.578,17.982
49.822,77.535,21.578,17.982
51.301,77.146,21.578,17.982
52.467,76.602,21.578,17.982
53.323,77.146,21.578,17.982
54.490,76.913,21.578,17.982
55.968,77.924,21.578,17.982
57.291,77.691,21.578,17.982
58.101,77.411,22.056,18.380
59.095,77.126,22.544,18.787
60.151,77.207,22.544,18.787
61.533,77.451,22.544,18.787
63.077,77.044,22.544,18.787
64.459,76.475,22.544,18.787
66.003,76.232,22.544,18.787
66.735,75.500,22.544,18.787
67.629,75.094,22.544,18.787
69.660,76.150,22.544,18.787
70.392,76.394,22.544,18.787
71.449,77.126,22.544,18.787
73.021,76.464,22.063,18.386
74.866,76.890,21.593,17.994
76.501,77.591,21.593,17.994
77.980,77.357,21.593,17.994
79.614,76.501,21.593,17.994
82.183,77.669,21.593,17.994
84.285,77.591,21.593,17.994
85.297,77.980,21.593,17.994
86.153,77.902,21.593,17.994
87.321,78.759,21.593,17.994
88.022,78.525,21.593,17.994
89.501,78.291,21.593,17.994
90.312,78.819,22.070,18.392
91.346,78.103,22.070,18.392
92.540,77.387,22.070,18.392
93.369,76.771,22.559,18.799
94.751,77.503,22.559,18.799
95.971,78.397,22.559,18.799
97.517,77.991,22.559,18.799
99.062,78.560,22.559,18.799
100.282,78.967,22.559,18.799
101.990,78.235,22.559,18.799
103.047,78.641,22.559,18.799
104.429,77.584,22.559,18.799
105.446,78.642,23.058,19.215
106.657,79.205,23.568,19.640
108.101,77.761,23.568,19.640
109.163,77.985,24.089,20.074
110.465,77.898,24.089,20.074
111.942,78.853,24.089,20.074
113.766,78.245,24.089,20.074
115.445,76.869,23.576,19.646
117.253,77.324,23.073,19.227
118.862,77.128,22.581,18.817
120.083,77.698,22.581,18.817
122.914,77.506,22.099,18.416
124.148,77.011,21.628,18.023
126.257,77.279,21.167,17.639
128.174,77.099,20.715,17.263
129.145,76.875,20.715,17.263
130.266,76.651,20.715,17.263
132.128,76.692,21.174,17.645
133.426,74.784,21.174,17.645
134.877,75.013,21.174,17.645
136.632,75.089,21.174,17.645
137.930,75.013,21.174,17.645
139.075,74.479,21.174,17.645
140.662,74.680,21.642,18.035
143.256,75.209,22.121,18.434
146.366,75.288,22.121,18.434
149.636,74.571,22.121,18.434
150.832,74.810,22.121,18.434
151.391,73.454,22.121,18.434
151.725,73.498,22.610,18.842
151.318,74.069,22.610,18.842
152.540,73.009,22.610,18.842
153.559,73.393,23.111,19.259
154.809,72.143,23.111,19.259
156.195,72.362,23.622,19.685
155.669,72.940,24.145,20.121
154.711,72.330,24.145,20.121
153.754,72.940,24.145,20.121
154.886,73.201,24.145,20.121
155.669,71.721,24.145,20.121
154.886,73.549,24.145,20.121
154.276,74.332,24.145,20.121
154.953,73.456,23.630,19.692
132.207,92.113,23.630,19.692
131.100,92.709,23.630,19.692
132.584,92.180,23.126,19.272
133.167,92.097,23.126,19.272
134.251,91.513,23.126,19.272
135.168,91.096,23.126,19.272
135.252,91.513,23.126,19.272
135.835,91.763,23.126,19.272
135.585,93.181,23.126,19.272
137.169,96.099,23.126,19.272
140.921,99.850,23.126,19.272
144.339,103.769,23.126,19.272
146.424,105.353,23.126,19.272
147.072,106.925,22.633,18.861
148.178,107.204,22.150,18.458
147.619,106.805,22.150,18.458
147.954,105.193,22.640,18.867
148.036,104.948,22.640,18.867
148.118,104.866,22.640,18.867
149.815,105.250,23.141,19.284
151.376,105.816,23.653,19.711
134.578,93.963,23.653,19.711
134.322,95.071,23.653,19.711
135.601,96.180,23.653,19.711
134.151,95.242,23.653,19.711
133.384,94.815,23.653,19.711
133.810,96.095,23.653,19.711
135.601,94.815,23.653,19.711
137.051,93.536,23.653,19.711
138.671,92.598,23.653,19.711
139.609,92.684,23.653,19.711
140.206,92.428,23.653,19.711
140.803,91.831,23.653,19.711
141.741,92.598,23.653,19.711
141.826,91.831,23.653,19.711
143.105,92.769,23.653,19.711
144.384,92.001,23.653,19.711
143.787,91.746,23.653,19.711
144.676,91.085,24.176,20.147
145.809,90.301,24.176,20.147
146.942,91.260,24.176,20.147
146.506,90.998,24.176,20.147
147.639,92.480,24.176,20.147
147.643,91.443,24.711,20.593
148.017,90.014,25.258,21.048
148.654,88.648,25.258,21.048
148.381,87.282,25.258,21.048
148.836,87.555,25.258,21.048
149.109,86.007,25.258,21.048
149.382,86.462,25.258,21.048
149.109,86.918,25.258,21.048
149.747,85.734,25.258,21.048
150.020,85.279,25.258,21.048
150.839,85.916,25.258,21.048
151.113,84.550,25.258,21.048
152.114,84.277,25.258,21.048
153.116,85.279,25.258,21.048
153.935,84.277,25.258,21.048
153.064,84.238,24.719,20.599
154.272,84.028,24.192,20.160
155.119,85.168,23.676,19.730
155.887,84.058,23.676,19.730
156.484,85.339,23.676,19.730
156.058,84.741,23.676,19.730
156.721,86.186,23.171,19.310
157.139,86.102,23.171,19.310
157.557,87.021,23.171,19.310
156.972,86.603,23.171,19.310
157.724,85.684,23.171,19.310
157.807,84.598,23.171,19.310
158.618,86.173,22.677,18.898
158.863,87.726,22.677,18.898
158.291,86.991,22.677,18.898
159.084,88.689,22.194,18.495
159.645,88.289,22.194,18.495
159.814,87.504,22.685,18.904
158.587,88.894,22.685,18.904
159.100,87.751,23.187,19.322
158.515,86.832,23.187,19.322
158.264,85.745,23.187,19.322
158.268,84.230,23.700,19.750
158.449,82.682,24.224,20.187
158.815,80.013,24.760,20.633
158.369,77.960,24.760,20.633
158.203,78.610,24.232,20.193
159.387,78.236,23.715,19.763
159.063,78.694,23.209,19.341
159.714,78.335,22.715,18.929
159.404,78.932,22.230,18.525
160.799,78.125,21.756,18.130
161.712,78.848,21.292,17.743
162.753,78.815,20.838,17.365
163.482,79.652,20.394,16.995
163.027,78.777,20.845,17.371
163.757,79.614,20.400,17.000
163.830,78.805,20.400,17.000
163.462,78.437,20.400,17.000
163.893,79.115,19.965,16.638
164.493,79.155,20.407,17.006
165.008,78.787,20.407,17.006
165.580,78.614,19.972,16.643
165.076,78.974,19.972,16.643
165.677,78.416,20.414,17.011
165.398,78.101,19.978,16.649
165.182,77.741,19.978,16.649
165.110,77.093,19.978,16.649
166.010,77.731,20.420,17.017
165.347,76.479,20.420,17.017
165.962,75.298,20.872,17.394
186.053,89.971,20.872,17.394
186.580,88.993,20.872,17.394
186.295,88.671,20.427,17.023
186.074,87.861,20.427,17.023
186.646,88.823,19.991,16.660
186.512,88.514,19.565,16.304
170.077,72.644,19.565,16.304
170.490,74.109,19.148,15.957
169.869,74.040,19.148,15.957
169.938,75.076,19.148,15.957
168.764,75.697,19.148,15.957
169.247,74.938,19.148,15.957
168.350,75.697,19.148,15.957
168.281,74.662,19.148,15.957
168.488,75.973,19.148,15.957
167.729,76.733,19.148,15.957
167.732,77.630,19.572,16.310
168.320,78.109,20.005,16.671
167.527,78.037,20.005,16.671
166.483,78.675,20.447,17.039
166.945,78.563,20.900,17.416
170.787,77.132,20.900,17.416
179.652,88.284,20.454,17.045
180.652,87.968,20.018,16.681
180.518,88.076,19.591,16.326
180.523,88.318,19.173,15.978
181.327,89.088,18.764,15.637
181.983,89.059,18.364,15.303
181.477,89.414,17.972,14.977
182.855,88.637,17.589,14.658
182.493,88.976,17.214,14.345
183.334,88.352,16.847,14.039
183.221,89.380,16.488,13.740
183.913,90.042,16.136,13.447
183.019,80.261,15.792,13.160
182.365,71.785,15.455,12.879
182.261,71.762,15.126,12.605
183.526,72.579,14.803,12.336
184.661,72.659,14.487,12.073
185.873,73.543,14.178,11.815
186.763,74.014,13.876,11.563
187.731,74.282,13.580,11.317
188.395,74.072,13.291,11.075
189.137,73.405,13.007,10.839
190.134,73.114,12.730,10.608
191.022,72.475,12.458,10.382
192.583,72.110,12.193,10.161
193.179,72.176,11.933,9.944
194.260,72.655,11.678,9.732
194.555,73.034,11.678,9.732
195.369,73.665,11.429,9.524
196.811,74.366,11.429,9.524
196.935,73.830,11.429,9.524
197.718,73.542,11.429,9.524
199.078,74.325,11.429,9.524
199.613,73.871,11.429,9.524
200.561,73.418,11.429,9.524
201.344,73.377,11.429,9.524
201.962,74.077,11.429,9.524
202.415,73.459,11.429,9.524
203.528,73.995,11.429,9.524
204.228,73.212,11.429,9.524
205.011,72.429,11.429,9.524
205.547,72.718,11.429,9.524
206.577,72.841,11.429,9.524
207.442,72.058,11.429,9.524
207.895,72.099,11.429,9.524
208.349,72.141,11.429,9.524
209.049,71.275,11.429,9.524
209.832,71.399,11.429,9.524
210.368,71.275,11.429,9.524
211.398,70.575,11.429,9.524
212.098,71.028,11.429,9.524
212.716,70.493,11.429,9.524
214.158,71.028,11.429,9.524
213.788,70.493,11.429,9.524
214.406,71.687,11.429,9.524
215.353,71.399,11.429,9.524
215.971,70.781,11.429,9.524
216.342,70.163,11.429,9.524
217.290,69.710,11.429,9.524
217.990,70.163,11.429,9.524
218.361,69.380,11.429,9.524
219.886,69.833,11.429,9.524
219.762,69.298,11.429,9.524
221.452,69.998,11.429,9.524
221.966,70.277,11.682,9.735
222.935,69.730,11.682,9.735
223.735,70.362,11.682,9.735
224.620,69.393,11.682,9.735
225.233,69.591,11.940,9.950
226.826,68.515,11.940,9.950
227.386,68.644,11.940,9.950
229.064,68.085,11.940,9.950
229.710,67.869,11.940,9.950
230.248,67.804,12.205,10.171
231.172,68.112,12.205,10.171
232.726,66.949,12.475,10.396
233.491,67.174,12.475,10.396
234.332,67.666,12.751,10.626
236.125,66.701,12.751,10.626
237.091,65.643,12.751,10.626
237.856,66.337,13.033,10.861
240.064,65.444,13.033,10.861
240.675,64.927,13.033,10.861
241.554,65.148,13.321,11.101
243.250,65.175,13.616,11.347
244.379,64.340,13.616,11.347
246.011,64.469,13.917,11.598
247.868,63.917,13.917,11.598
248.703,63.841,14.225,11.854
249.985,62.764,14.225,11.854
252.088,62.508,14.225,11.854
253.165,62.867,14.225,11.854
255.370,61.995,14.225,11.854
257.780,61.533,14.225,11.854
259.062,61.380,14.225,11.854
261.370,61.431,14.225,11.854
263.575,60.764,14.225,11.854
265.062,59.790,14.225,11.854
267.062,59.328,14.225,11.854
269.165,59.585,14.225,11.854
271.575,58.405,14.225,11.854
273.473,58.149,14.225,11.854
275.883,57.585,14.225,11.854
278.191,56.405,14.225,11.854
280.704,56.764,14.225,11.854
282.807,55.584,14.225,11.854
285.114,54.713,14.225,11.854
287.525,54.456,14.225,11.854
290.345,54.815,14.225,11.854
293.986,53.431,14.225,11.854
296.397,52.559,14.225,11.854
299.320,51.892,14.225,11.854
303.371,50.302,14.225,11.854
307.013,49.738,14.225,11.854
309.423,48.969,14.225,11.854
308.859,49.328,14.225,11.854
308.397,49.789,14.225,11.854
310.477,49.273,13.922,11.601
313.092,48.865,13.625,11.354
313.853,54.430,13.334,11.112
312.003,59.599,13.050,10.875
309.857,72.512,13.339,11.115
309.959,72.538,13.634,11.361
310.500,72.391,13.634,11.361
309.861,74.799,13.634,11.361
309.713,77.011,13.634,11.361
308.976,76.766,13.634,11.361
310.008,78.584,13.634,11.361
312.023,79.420,13.634,11.361
302.439,90.479,13.634,11.361
304.651,90.528,13.634,11.361
308.435,90.479,13.634,11.361
309.664,90.725,13.634,11.361
309.320,94.215,13.634,11.361
310.254,95.345,13.634,11.361
312.368,97.164,13.634,11.361
305.929,87.186,13.634,11.361
308.337,87.628,13.634,11.361
310.046,87.891,13.343,11.119
310.547,88.218,13.638,11.365
310.957,90.387,13.940,11.617
309.507,92.788,13.643,11.369
309.163,94.509,13.643,11.369
310.294,95.346,13.643,11.369
310.048,99.428,13.643,11.369
310.459,102.109,13.944,11.620
296.378,115.906,14.253,11.878
296.274,116.468,14.568,12.140
297.039,116.933,14.891,12.409
298.824,117.743,15.220,12.683
301.104,118.912,15.557,12.964
305.296,117.895,15.901,13.251
306.488,116.738,16.253,13.544
306.781,115.390,16.253,13.544
307.777,115.917,16.253,13.544
305.609,118.554,16.253,13.544
305.902,119.785,16.253,13.544
306.663,119.960,16.253,13.544
306.605,120.605,16.253,13.544
306.663,121.835,16.253,13.544
307.458,122.488,15.906,13.255
308.089,124.266,15.906,13.255
307.687,124.553,15.906,13.255
307.171,125.298,15.906,13.255
307.687,125.814,15.906,13.255
307.515,128.280,15.906,13.255
307.343,112.969,15.906,13.255
307.974,114.288,15.906,13.255
307.687,116.295,15.906,13.255
306.712,118.073,15.906,13.255
304.476,119.621,15.906,13.255
305.451,121.743,15.906,13.255
306.885,122.947,15.906,13.255
306.598,122.775,15.906,13.255
306.082,125.011,15.906,13.255
306.483,124.610,15.906,13.255
307.200,127.379,16.258,13.549
306.907,131.423,16.258,13.549
306.965,134.412,16.258,13.549
307.258,137.870,16.258,13.549
307.551,140.156,16.258,13.549
306.672,144.904,16.258,13.549
306.965,149.300,16.258,13.549
306.846,155.414,16.618,13.848
305.979,164.025,16.986,14.155
305.550,173.149,16.986,14.155
306.713,183.743,16.986,14.155
289.562,200.550,17.361,14.468
272.161,206.818,17.746,14.788
264.332,188.933,18.138,15.115
265.444,189.914,18.138,15.115
264.594,188.933,18.138,15.115
263.613,187.690,18.138,15.115
264.724,188.540,18.138,15.115
282.184,200.507,18.138,15.115
293.627,209.989,18.138,15.115
293.254,207.188,17.751,14.793
292.550,208.916,17.751,14.793
292.358,209.491,17.751,14.793
292.294,209.555,17.751,14.793
292.164,209.591,18.144,15.120
291.575,207.563,18.144,15.120
296.749,212.705,17.757,14.798
295.917,210.209,17.757,14.798
296.493,210.913,17.757,14.798
295.789,210.337,17.757,14.798
295.597,209.760,17.757,14.798
286.035,191.863,18.150,15.125
285.577,197.032,18.150,15.125
278.576,205.997,18.150,15.125
277.594,206.978,18.150,15.125
276.744,207.698,18.150,15.125
277.464,208.549,18.150,15.125
274.650,207.829,18.150,15.125
292.121,221.766,18.150,15.125
301.586,232.082,17.763,14.803
300.658,237.167,18.156,15.130
301.041,238.148,17.769,14.807
300.849,239.109,17.769,14.807
300.529,239.558,17.769,14.807
302.771,238.341,17.769,14.807
302.194,237.380,17.769,14.807
301.490,237.956,17.769,14.807
301.041,238.533,17.769,14.807
296.621,230.013,17.769,14.807
296.044,229.564,17.769,14.807
296.877,230.269,17.769,14.807
296.557,237.380,17.769,14.807
296.294,238.612,18.162,15.135
278.811,229.117,18.162,15.135
278.484,229.052,18.162,15.135
277.764,228.986,18.162,15.135
277.175,228.790,18.162,15.135
276.716,230.034,18.162,15.135
277.305,228.921,18.162,15.135
277.895,229.248,18.162,15.135
278.222,229.576,18.162,15.135
278.550,228.987,18.162,15.135
279.139,229.183,18.162,15.135
279.728,229.510,18.162,15.135
279.925,228.921,18.162,15.135
279.466,229.379,18.162,15.135
279.401,229.707,18.162,15.135
276.454,228.594,18.162,15.135
276.913,229.445,18.162,15.135
276.508,230.568,18.564,15.470
257.763,211.858,18.975,15.812
256.737,214.526,18.975,15.812
256.258,215.415,18.975,15.812
256.874,216.167,18.975,15.812
255.985,215.141,18.975,15.812
272.060,229.301,18.975,15.812
272.265,238.263,18.975,15.812
271.923,239.015,18.975,15.812
272.265,237.715,18.975,15.812
272.334,237.510,18.975,15.812
272.470,238.536,18.570,15.475
272.537,239.406,18.570,15.475
273.274,238.268,18.570,15.475
273.474,239.138,18.570,15.475
273.608,239.110,18.174,15.145
273.883,239.146,18.576,15.480
271.003,228.096,18.576,15.480
270.534,235.262,18.576,15.480
270.120,238.217,18.987,15.822
277.171,224.322,18.987,15.822
277.513,223.843,18.987,15.822
278.677,222.953,18.987,15.822
279.704,221.926,18.987,15.822
284.974,227.197,18.987,15.822
285.590,220.146,18.987,15.822
285.451,219.332,19.407,16.173
285.941,218.422,19.407,16.173
286.235,217.155,19.836,16.530
286.386,216.156,20.275,16.896
285.582,215.205,20.275,16.896
285.434,216.914,20.724,17.270
285.438,214.434,20.282,16.902
290.630,205.002,20.282,16.902
288.071,200.395,20.282,16.902
304.157,179.953,20.731,17.276
303.484,185.558,20.731,17.276
304.157,201.029,20.731,17.276
288.537,220.984,20.731,17.276
293.992,226.589,20.731,17.276
299.299,227.860,20.731,17.276
301.466,228.383,20.731,17.276
302.438,228.009,20.731,17.276
303.409,227.337,20.731,17.276
303.335,227.860,20.731,17.276
303.260,228.234,20.731,17.276
303.185,227.710,20.731,17.276
302.961,228.383,20.731,17.276
304.082,227.710,20.731,17.276
304.755,227.486,20.731,17.276
303.933,228.009,20.731,17.276
303.858,227.486,20.731,17.276
303.634,228.009,20.731,17.276
303.858,227.486,20.731,17.276
303.634,227.860,20.731,17.276
304.007,227.935,20.731,17.276
305.278,226.963,20.731,17.276
304.605,226.440,20.731,17.276
305.577,227.113,20.731,17.276
306.100,226.141,20.731,17.276
307.520,227.561,20.731,17.276
305.054,236.156,20.731,17.276
304.232,237.277,20.731,17.276
303.409,238.099,20.731,17.276
303.126,240.805,20.289,16.907
302.522,241.300,20.738,17.281
301.905,241.807,21.196,17.664
301.523,240.355,21.196,17.664
304.045,227.441,21.196,17.664
303.097,238.266,21.665,18.054
302.550,241.000,21.665,18.054
302.405,240.213,21.203,17.669
301.773,240.573,21.672,18.060
300.966,240.941,22.152,18.460
300.818,240.137,21.680,18.066
300.172,240.667,22.159,18.466
299.933,241.066,22.159,18.466
299.605,241.276,22.649,18.875
302.626,227.150,22.649,18.875
302.544,226.579,22.649,18.875
302.463,226.007,22.649,18.875
301.450,226.561,23.151,19.292
301.800,223.316,23.663,19.719
302.157,232.923,24.186,20.155
301.024,236.498,24.186,20.155
299.890,237.457,24.186,20.155
299.106,237.893,24.186,20.155
298.495,238.852,24.186,20.155
298.333,239.823,23.671,19.725
298.174,240.445,23.166,19.305
297.658,240.838,23.678,19.732
297.231,241.265,23.678,19.732
296.975,240.155,23.678,19.732
296.816,240.941,23.173,19.311
296.660,239.939,22.679,18.899
296.252,240.512,22.679,18.899
295.843,241.084,22.679,18.899
295.168,241.469,23.181,19.317
294.750,240.048,23.181,19.317
294.060,240.441,23.694,19.745
293.462,239.502,23.694,19.745
292.934,239.549,24.218,20.182
280.449,224.968,24.218,20.182
280.885,216.324,24.218,20.182
281.496,215.189,24.218,20.182
281.500,215.963,24.754,20.628
282.303,214.445,24.754,20.628
283.418,210.051,25.302,21.085
297.010,185.696,25.302,21.085
295.459,184.145,25.302,21.085
291.948,182.700,24.762,20.635
298.465,187.431,24.762,20.635
302.125,191.984,24.762,20.635
302.393,195.287,24.762,20.635
301.589,191.448,24.762,20.635
300.965,184.217,24.762,20.635
297.662,185.735,24.762,20.635
299.715,189.931,24.762,20.635
290.163,183.235,24.762,20.635
299.536,190.823,24.762,20.635
301.054,189.841,24.762,20.635
301.857,188.145,24.762,20.635
298.911,183.592,24.762,20.635
300.608,187.610,24.762,20.635
276.772,170.916,24.762,20.635
275.076,172.969,24.762,20.635
276.415,174.130,24.762,20.635
277.933,175.290,24.762,20.635
278.736,176.808,24.762,20.635
282.039,178.325,24.762,20.635
300.518,191.091,24.762,20.635
303.821,194.394,24.762,20.635
300.875,190.734,24.762,20.635
275.872,172.815,25.310,21.092
279.431,180.024,25.310,21.092
280.252,190.335,25.310,21.092
284.176,203.018,25.310,21.092
284.180,221.813,25.870,21.558
283.340,211.834,25.870,21.558
284.553,208.569,25.870,21.558
285.579,207.543,25.870,21.558
285.583,206.628,26.442,22.035
285.487,206.342,26.442,22.035
285.689,206.790,27.027,22.523
285.202,207.862,27.027,22.523
284.457,211.953,26.451,22.042
284.647,213.750,25.887,21.572
283.683,213.028,26.460,22.050
291.410,187.558,26.460,22.050
290.313,187.333,25.895,21.579
299.929,195.642,25.895,21.579
293.456,186.244,25.343,21.119
293.547,198.030,25.343,21.119
292.849,191.122,24.803,20.669
289.540,184.774,24.803,20.669
288.736,185.936,24.803,20.669
288.569,189.518,24.274,20.228
289.182,187.680,24.274,20.228
288.096,187.547,24.811,20.676
287.470,187.815,24.811,20.676
262.418,162.809,25.360,21.133
262.509,167.289,25.360,21.133
261.503,167.746,25.360,21.133
262.875,167.289,25.360,21.133
261.503,165.917,25.360,21.133
268.177,170.946,25.360,21.133
280.703,178.351,25.360,21.133
302.188,193.436,25.360,21.133
304.133,194.102,24.819,20.682
293.100,203.206,24.290,20.241
291.436,204.519,24.290,20.241
290.648,205.132,24.290,20.241
290.035,205.570,24.290,20.241
288.948,205.801,24.827,20.689
288.501,182.082,24.827,20.689
291.991,185.751,24.827,20.689
302.177,195.893,24.298,20.248
293.909,192.141,23.779,19.816
293.419,187.807,23.272,19.394
289.766,183.676,23.787,19.823
265.747,166.640,24.313,20.261
270.043,171.111,24.313,20.261
271.533,171.724,24.313,20.261
272.672,173.039,24.313,20.261
271.533,171.549,24.313,20.261
275.652,175.494,24.313,20.261
299.056,190.307,24.313,20.261
302.650,194.076,24.313,20.261
302.037,200.650,24.313,20.261
297.857,221.979,24.851,20.710
291.675,215.618,24.851,20.710
289.634,213.623,25.401,21.168
289.287,210.583,24.860,20.716
289.293,209.854,24.329,20.275
290.571,206.444,24.868,20.723
297.835,197.073,24.337,20.281
296.319,195.175,23.818,19.849
292.626,204.363,23.818,19.849
291.027,197.284,24.345,20.288
289.886,197.021,24.345,20.288
269.962,173.586,24.345,20.288
273.912,177.887,24.345,20.288
270.664,175.693,24.345,20.288
274.614,180.520,24.345,20.288
289.622,191.140,24.345,20.288
302.349,201.760,24.345,20.288
306.585,205.276,23.826,19.855
300.795,205.901,23.318,19.432
294.344,206.995,23.834,19.862
291.865,206.296,23.326,19.438
290.940,206.884,23.326,19.438
290.352,207.305,23.326,19.438
290.099,207.893,23.326,19.438
289.405,207.766,23.842,19.868
289.577,208.226,23.333,19.445
288.882,208.447,23.850,19.875
288.796,208.189,23.850,19.875
287.908,208.772,24.377,20.314
287.000,209.186,24.917,20.764
286.258,205.694,25.468,21.223
286.166,209.091,25.468,21.223
299.624,199.140,24.925,20.771
274.456,182.969,25.476,21.230
273.813,186.734,25.476,21.230
273.354,187.745,25.476,21.230
273.739,189.130,26.040,21.700
274.772,190.538,26.040,21.700
273.739,191.383,26.040,21.700
275.523,195.232,26.040,21.700
288.572,205.652,26.040,21.700
301.997,218.889,26.040,21.700
276.931,193.824,26.040,21.700
284.357,201.565,25.485,21.237
308.274,219.592,24.941,20.784
309.982,218.243,24.941,20.784
285.974,203.047,24.941,20.784
261.966,187.311,24.941,20.784
272.372,197.153,24.409,20.341
288.124,212.553,24.409,20.341
302.210,224.220,23.889,19.907
288.270,216.049,23.379,19.483
297.374,228.686,22.881,19.067
295.807,235.533,22.881,19.067
294.735,236.605,22.881,19.067
293.945,237.683,22.393,18.661
290.797,237.925,22.393,18.661
290.554,237.199,22.393,18.661
288.883,214.629,22.888,19.074
287.517,213.476,23.395,19.496
286.251,214.573,23.395,19.496
284.986,213.982,23.395,19.496
283.890,213.054,23.395,19.496
280.601,211.621,23.395,19.496
298.228,226.043,23.395,19.496
301.811,230.234,22.896,19.080
280.812,211.900,22.408,18.673
294.989,223.078,21.930,18.275
282.344,205.670,21.462,17.885
