164.000,121.000,27.000,24.000
163.498,120.498,27.000,24.000
164.401,120.599,27.000,24.000
164.502,120.097,27.000,24.000
165.004,120.197,27.000,24.000
165.104,120.298,27.000,24.000
165.405,119.997,27.000,24.000
166.107,119.896,27.000,24.000
165.806,119.997,27.000,24.000
167.111,120.298,27.000,24.000
166.408,120.599,27.000,24.000
166.709,120.097,27.000,24.000
167.613,121.201,27.000,24.000
167.914,121.301,27.000,24.000
168.215,121.803,27.000,24.000
167.512,120.699,27.000,24.000
168.215,120.197,27.000,24.000
168.516,120.498,27.000,24.000
168.817,121.201,27.000,24.000
169.519,120.699,27.000,24.000
169.620,119.997,27.000,24.000
170.121,120.900,27.000,24.000
170.222,121.000,27.000,24.000
170.121,120.900,27.000,24.000
170.623,121.201,27.000,24.000
171.326,121.502,27.000,24.000
170.824,120.799,27.000,24.000
171.326,120.097,27.000,24.000
170.623,119.194,27.000,24.000
170.924,118.491,27.000,24.000
171.426,119.194,27.000,24.000
170.523,119.896,27.000,24.000
170.623,119.997,27.000,24.000
170.322,121.301,27.000,24.000
170.021,121.602,27.000,24.000
169.519,121.100,27.000,24.000
170.021,121.803,27.000,24.000
168.917,120.699,27.000,24.000
170.222,120.197,27.000,24.000
169.319,120.097,27.000,24.000
169.218,119.997,27.000,24.000
169.519,120.097,27.000,24.000
169.218,120.799,27.000,24.000
169.118,121.903,27.000,24.000
168.817,122.806,27.000,24.000
169.519,123.509,27.000,24.000
168.616,124.211,27.000,24.000
169.118,124.512,27.000,24.000
168.215,123.810,27.000,24.000
168.315,123.509,27.000,24.000
168.415,123.208,27.000,24.000
168.315,123.509,27.000,24.000
168.415,122.806,27.000,24.000
168.717,122.706,27.000,24.000
169.018,122.405,27.000,24.000
168.114,123.107,27.000,24.000
168.215,122.806,27.000,24.000
168.516,122.505,27.000,24.000
168.415,122.806,27.000,24.000
168.516,123.308,27.000,24.000
168.616,123.810,27.000,24.000
168.917,123.308,27.000,24.000
168.817,124.613,27.000,24.000
168.917,122.907,27.000,24.000
168.817,122.606,27.000,24.000
168.917,122.505,27.000,24.000
168.415,122.004,27.000,24.000
168.717,121.903,27.000,24.000
168.215,121.401,27.000,24.000
167.914,122.305,27.000,24.000
169.018,122.204,27.000,24.000
167.713,122.104,27.000,24.000
168.215,123.007,27.000,24.000
167.713,123.509,27.000,24.000
168.616,122.806,27.000,24.000
168.315,122.706,27.000,24.000
168.014,122.405,27.000,24.000
167.713,123.509,27.000,24.000
168.817,122.606,27.000,24.000
168.717,122.305,27.000,24.000
169.218,122.606,27.000,24.000
168.717,122.104,27.000,24.000
169.820,123.208,27.000,24.000
169.720,123.107,27.000,24.000
170.021,122.606,27.000,24.000
169.519,122.104,27.000,24.000
170.422,123.007,27.000,24.000
170.523,123.308,27.000,24.000
170.623,123.810,27.000,24.000
170.724,123.308,27.000,24.000
171.426,124.010,27.000,24.000
171.125,123.509,27.000,24.000
170.824,122.003,27.000,24.000
172.128,122.104,27.000,24.000
171.426,122.806,27.000,24.000
172.530,122.706,27.000,24.000
172.630,122.806,27.000,24.000
172.731,122.706,27.000,24.000
173.232,123.007,27.000,24.000
172.731,123.709,27.000,24.000
173.433,123.007,27.000,24.000
173.533,123.308,27.000,24.000
173.834,123.609,27.000,24.000
174.336,123.107,27.000,24.000
173.634,123.007,27.000,24.000
174.738,123.709,27.000,24.000
175.239,123.609,27.000,24.000
174.336,122.907,27.000,24.000
175.239,122.606,27.000,24.000
174.938,121.702,27.000,24.000
175.841,121.602,27.000,24.000
175.942,122.505,27.000,24.000
176.444,122.405,27.000,24.000
175.741,123.107,27.000,24.000
176.644,123.007,27.000,24.000
176.142,122.907,27.000,24.000
176.042,123.408,27.000,24.000
175.741,124.311,27.000,24.000
176.845,124.412,27.000,24.000
176.544,124.512,27.000,24.000
176.243,123.007,27.000,24.000
175.942,122.706,27.000,24.000
176.845,121.803,27.000,24.000
176.544,122.305,27.000,24.000
176.243,123.810,27.000,24.000
175.540,122.907,27.000,24.000
176.243,123.007,27.000,24.000
175.741,123.509,27.000,24.000
176.243,124.211,27.000,24.000
175.540,125.114,27.000,24.000
175.239,125.215,27.000,24.000
175.340,125.516,27.000,24.000
175.641,125.215,27.000,24.000
175.540,124.512,27.000,24.000
175.039,123.208,27.000,24.000
175.340,123.709,27.000,24.000
175.440,123.007,27.000,24.000
175.540,123.509,27.000,24.000
175.239,122.003,27.000,24.000
174.938,122.907,27.000,24.000
176.042,123.007,27.000,24.000
174.738,123.509,27.000,24.000
175.440,122.405,27.000,24.000
174.537,121.903,27.000,24.000
174.838,121.401,27.000,24.000
174.738,121.502,27.000,24.000
174.838,120.398,27.000,24.000
174.336,121.502,27.000,24.000
173.834,120.398,27.000,24.000
174.738,121.502,27.000,24.000
174.236,121.000,27.000,24.000
173.333,121.301,27.000,24.000
174.035,122.003,27.000,24.000
173.132,122.104,27.000,24.000
173.634,122.204,27.000,24.000
174.135,122.706,27.000,24.000
173.433,123.408,27.000,24.000
173.333,124.713,27.000,24.000
173.433,124.412,27.000,24.000
173.935,124.111,27.000,24.000
174.436,123.810,27.000,24.000
173.533,122.907,27.000,24.000
174.035,122.806,27.000,24.000
173.132,122.907,27.000,24.000
173.634,122.806,27.000,24.000
174.135,123.308,27.000,24.000
173.433,124.010,27.000,24.000
173.935,124.111,27.000,24.000
173.634,125.014,27.000,24.000
173.333,125.315,27.000,24.000
172.831,125.014,27.000,24.000
173.533,124.914,27.000,24.000
172.429,123.810,27.000,24.000
173.132,123.308,27.000,24.000
172.028,124.613,27.000,24.000
172.530,123.308,27.000,24.000
172.429,122.606,27.000,24.000
172.931,121.702,27.000,24.000
173.433,121.602,27.000,24.000
172.329,121.702,27.000,24.000
172.630,121.201,27.000,24.000
172.530,121.100,27.000,24.000
172.028,120.398,27.000,24.000
171.526,121.100,27.000,24.000
172.229,120.398,27.000,24.000
171.326,120.900,27.000,24.000
171.426,121.000,27.000,24.000
171.125,120.699,27.000,24.000
170.222,119.996,27.000,24.000
170.724,119.896,27.000,24.000
171.025,119.796,27.000,24.000
169.720,119.294,27.000,24.000
170.824,119.595,27.000,24.000
169.921,117.488,27.000,24.000
170.623,117.989,27.000,24.000
169.519,117.889,27.000,24.000
168.817,117.989,27.000,24.000
169.519,118.291,27.000,24.000
168.415,118.190,27.000,24.000
168.114,117.889,27.000,24.000
167.412,116.986,27.000,24.000
167.914,115.280,27.000,24.000
167.813,115.581,27.000,24.000
167.512,114.678,27.000,24.000
167.011,114.979,27.000,24.000
166.107,115.280,27.000,24.000
166.208,115.782,27.000,24.000
166.509,115.481,27.000,24.000
165.806,116.585,27.000,24.000
166.509,116.685,27.000,24.000
165.806,116.785,27.000,24.000
166.308,117.488,27.000,24.000
165.204,118.792,27.000,24.000
165.505,119.495,27.000,24.000
164.803,120.799,27.000,24.000
165.505,121.502,27.000,24.000
164.602,122.204,27.000,24.000
164.903,123.709,27.000,24.000
165.405,123.208,27.000,24.000
164.100,123.709,27.000,24.000
163.398,122.606,27.000,24.000
164.301,122.305,27.000,24.000
163.197,121.803,27.000,24.000
162.696,120.699,27.000,24.000
163.398,121.401,27.000,24.000
162.294,121.702,27.000,24.000
161.993,121.000,27.000,24.000
162.896,120.699,27.000,24.000
162.194,119.796,27.000,24.000
161.291,120.699,27.000,24.000
162.194,119.796,27.000,24.000
161.491,118.491,27.000,24.000
162.394,119.595,27.000,24.000
161.893,118.290,27.000,24.000
162.997,119.194,27.000,24.000
163.298,119.695,27.000,24.000
161.993,118.391,27.000,24.000
163.298,119.495,27.000,24.000
162.194,118.190,27.000,24.000
162.696,117.086,27.000,24.000
163.197,116.384,27.000,24.000
162.896,116.886,27.000,24.000
164.000,116.986,27.000,24.000
162.696,117.086,27.000,24.000
163.599,115.982,27.000,24.000
164.301,116.685,27.000,24.000
163.599,116.384,27.000,24.000
164.301,116.284,27.000,24.000
163.599,114.778,27.000,24.000
164.703,114.276,27.000,24.000
165.204,114.979,27.000,24.000
164.301,114.076,27.000,24.000
165.004,113.775,27.000,24.000
165.305,113.674,27.000,24.000
165.527,113.513,27.597,24.531
165.014,114.231,27.597,24.531
165.937,115.154,27.597,24.531
166.039,115.462,27.597,24.531
166.266,115.510,28.208,25.074
165.323,114.566,28.208,25.074
165.847,114.671,28.208,25.074
166.581,113.727,28.208,25.074
166.895,114.461,28.208,25.074
167.419,115.405,28.208,25.074
166.476,115.090,28.208,25.074
167.210,114.356,28.208,25.074
166.895,114.461,28.208,25.074
168.048,115.195,28.208,25.074
167.105,114.881,28.208,25.074
167.629,114.776,28.208,25.074
168.573,114.881,28.208,25.074
168.678,115.405,28.208,25.074
169.411,115.090,28.208,25.074
168.678,114.986,28.208,25.074
169.831,115.719,28.208,25.074
170.355,115.615,28.208,25.074
169.621,115.300,28.208,25.074
170.565,116.663,28.208,25.074
170.460,115.510,28.208,25.074
170.984,116.244,28.208,25.074
170.040,116.558,28.208,25.074
170.984,115.824,28.208,25.074
171.089,115.510,28.208,25.074
171.613,115.405,28.208,25.074
172.347,116.977,28.208,25.074
172.242,116.663,28.208,25.074
172.557,116.977,28.208,25.074
173.500,117.292,28.208,25.074
172.976,118.026,28.208,25.074
173.081,116.663,28.208,25.074
173.605,115.929,28.208,25.074
174.339,117.502,28.208,25.074
174.653,117.187,28.208,25.074
175.178,117.921,28.208,25.074
174.444,117.187,28.208,25.074
175.178,117.292,28.208,25.074
174.444,118.445,28.208,25.074
175.807,118.760,28.208,25.074
176.121,117.187,28.208,25.074
174.968,117.502,28.208,25.074
175.492,115.719,28.208,25.074
176.016,116.453,28.208,25.074
174.863,117.397,28.208,25.074
176.226,117.502,28.208,25.074
175.282,117.607,28.208,25.074
175.807,117.502,28.208,25.074
176.121,117.816,28.208,25.074
175.178,118.550,28.208,25.074
175.911,118.445,28.208,25.074
175.178,119.389,28.208,25.074
175.911,119.074,28.208,25.074
175.178,117.921,28.208,25.074
176.121,118.026,28.208,25.074
175.597,118.760,28.208,25.074
176.541,118.865,28.208,25.074
175.807,119.389,28.208,25.074
176.331,120.123,28.208,25.074
175.178,120.018,28.208,25.074
175.702,120.123,28.208,25.074
176.016,120.018,28.208,25.074
175.073,120.542,28.208,25.074
175.597,119.389,28.208,25.074
175.492,120.332,28.208,25.074
175.807,119.598,28.208,25.074
175.911,118.445,28.208,25.074
174.758,120.437,28.208,25.074
176.121,120.332,28.208,25.074
174.758,119.389,28.208,25.074
175.911,118.655,28.208,25.074
174.549,117.502,28.208,25.074
175.492,118.236,28.208,25.074
175.178,118.550,28.208,25.074
174.024,117.187,28.208,25.074
174.339,118.340,28.208,25.074
175.073,118.655,28.208,25.074
173.710,118.340,28.208,25.074
174.653,119.494,28.208,25.074
173.500,118.550,28.208,25.074
174.234,119.494,28.208,25.074
173.081,119.389,28.208,25.074
172.557,120.332,28.208,25.074
173.290,119.598,28.208,25.074
172.137,119.703,28.208,25.074
172.242,119.598,28.208,25.074
171.089,118.865,28.208,25.074
170.668,118.478,28.832,25.629
169.704,118.157,28.832,25.629
170.239,119.764,28.832,25.629
169.489,119.657,28.832,25.629
169.811,119.979,28.832,25.629
167.989,119.871,28.832,25.629
168.310,119.979,28.832,25.629
167.346,119.657,28.832,25.629
166.596,119.121,28.832,25.629
165.846,119.872,28.832,25.629
165.524,119.336,28.832,25.629
166.274,118.586,28.832,25.629
165.310,118.478,28.832,25.629
165.846,119.657,28.832,25.629
164.667,119.764,28.832,25.629
165.203,119.872,28.832,25.629
164.453,119.336,28.832,25.629
164.989,118.371,28.832,25.629
164.453,118.264,28.832,25.629
165.417,119.229,28.832,25.629
164.667,118.264,28.832,25.629
164.131,117.943,28.832,25.629
164.591,118.215,29.470,26.196
165.357,118.544,29.470,26.196
164.810,117.777,29.470,26.196
164.262,117.886,29.470,26.196
165.248,118.215,29.470,26.196
165.576,118.325,29.470,26.196
166.124,118.653,29.470,26.196
164.919,117.010,29.470,26.196
165.686,116.901,29.470,26.196
166.233,118.325,29.470,26.196
165.467,118.653,29.470,26.196
166.233,117.448,29.470,26.196
165.467,116.901,29.470,26.196
166.453,117.010,29.470,26.196
165.686,117.996,29.470,26.196
166.672,117.886,29.470,26.196
166.562,117.558,29.470,26.196
166.234,117.448,29.470,26.196
166.124,117.777,29.470,26.196
166.453,118.763,29.470,26.196
166.562,118.872,29.470,26.196
166.672,118.982,29.470,26.196
167.219,118.434,29.470,26.196
166.672,117.448,29.470,26.196
167.438,116.682,29.470,26.196
166.672,117.448,29.470,26.196
167.657,117.996,29.470,26.196
167.767,118.982,29.470,26.196
166.562,119.529,29.470,26.196
167.767,118.325,29.470,26.196
166.781,119.748,29.470,26.196
167.548,120.077,29.470,26.196
167.790,120.355,30.122,26.775
166.782,118.900,30.122,26.775
167.342,119.908,30.122,26.775
168.126,120.467,30.122,26.775
167.342,120.132,30.122,26.775
167.902,119.572,30.122,26.775
167.342,119.012,30.122,26.775
168.126,119.796,30.122,26.775
167.342,119.012,30.122,26.775
167.902,119.124,30.122,26.775
166.671,119.684,30.122,26.775
166.686,119.736,30.788,27.368
166.571,119.622,30.788,27.368
167.601,119.965,30.788,27.368
167.944,119.393,30.788,27.368
166.686,118.821,30.788,27.368
167.029,119.850,30.788,27.368
167.372,119.736,30.788,27.368
167.716,118.248,30.788,27.368
166.686,119.278,30.788,27.368
167.487,119.164,30.788,27.368
168.517,119.507,30.788,27.368
168.860,118.935,30.788,27.368
167.601,119.507,30.788,27.368
169.089,119.393,30.788,27.368
168.288,118.821,30.788,27.368
168.860,119.850,30.788,27.368
168.288,119.507,30.788,27.368
169.089,119.622,30.788,27.368
168.517,118.592,30.788,27.368
169.089,118.020,30.788,27.368
168.288,119.049,30.788,27.368
168.860,120.079,30.788,27.368
167.830,120.423,30.788,27.368
168.402,119.393,30.788,27.368
169.203,119.049,30.788,27.368
168.173,120.308,30.788,27.368
168.745,120.194,30.788,27.368
167.258,120.308,30.788,27.368
168.517,120.194,30.788,27.368
168.402,120.079,30.788,27.368
168.288,120.423,30.788,27.368
168.173,120.079,30.788,27.368
167.372,120.880,30.788,27.368
168.173,120.766,30.788,27.368
167.372,120.423,30.788,27.368
167.716,119.622,30.788,27.368
166.457,119.049,30.788,27.368
167.487,120.766,30.788,27.368
166.686,120.423,30.788,27.368
165.656,120.079,30.788,27.368
165.313,119.736,30.788,27.368
166.114,120.079,30.788,27.368
164.626,121.567,30.788,27.368
163.367,120.308,30.788,27.368
164.168,120.880,30.788,27.368
163.367,120.308,30.788,27.368
163.939,121.109,30.788,27.368
162.452,121.452,30.788,27.368
162.566,120.651,30.788,27.368
161.765,121.224,30.788,27.368
160.964,121.796,30.788,27.368
161.765,120.995,30.788,27.368
160.278,120.880,30.788,27.368
160.850,120.766,30.788,27.368
159.362,121.567,30.788,27.368
160.163,122.139,30.788,27.368
158.676,121.567,30.788,27.368
157.646,121.224,30.788,27.368
156.845,122.711,30.788,27.368
156.730,121.910,30.788,27.368
155.472,121.109,30.788,27.368
156.501,120.995,30.788,27.368
155.472,120.880,30.788,27.368
155.586,120.537,30.788,27.368
154.556,120.194,30.788,27.368
153.755,121.453,30.788,27.368
152.496,119.965,30.788,27.368
152.987,119.306,31.470,27.973
151.466,119.423,31.470,27.973
150.414,119.072,31.470,27.973
150.915,119.855,32.166,28.592
149.361,120.931,32.166,28.592
149.241,119.377,32.166,28.592
148.165,117.822,32.166,28.592
147.328,119.137,32.166,28.592
147.926,120.692,32.166,28.592
146.372,119.616,32.166,28.592
146.731,119.257,32.166,28.592
145.177,118.181,32.166,28.592
145.774,119.496,32.166,28.592
144.459,118.659,32.166,28.592
143.383,119.974,32.166,28.592
144.698,119.616,32.166,28.592
143.383,119.257,32.166,28.592
144.220,118.420,32.166,28.592
142.666,118.061,32.166,28.592
141.590,119.616,32.166,28.592
142.666,119.735,32.166,28.592
141.194,119.047,32.878,29.225
140.827,118.436,32.878,29.225
139.483,117.580,32.878,29.225
140.827,117.458,32.878,29.225
138.994,117.336,32.878,29.225
137.895,118.436,32.878,29.225
137.039,117.825,32.878,29.225
136.917,118.436,32.878,29.225
136.062,118.314,32.878,29.225
136.673,119.169,32.878,29.225
135.084,119.536,32.878,29.225
135.695,118.436,32.878,29.225
134.595,118.558,32.878,29.225
135.206,117.947,32.878,29.225
134.595,118.802,32.878,29.225
133.496,118.925,32.878,29.225
134.595,119.536,32.878,29.225
133.007,118.436,32.878,29.225
133.129,117.580,32.878,29.225
132.518,117.458,32.878,29.225
132.640,118.314,32.878,29.225
131.296,119.413,32.878,29.225
131.907,118.069,32.878,29.225
130.318,118.680,32.878,29.225
130.929,117.580,32.878,29.225
129.585,118.191,32.878,29.225
128.730,118.802,32.878,29.225
128.852,117.947,32.878,29.225
127.997,117.825,32.878,29.225
128.852,118.680,32.878,29.225
127.508,117.092,32.878,29.225
128.363,118.436,32.878,29.225
127.264,118.069,32.878,29.225
126.653,119.169,32.878,29.225
125.797,118.802,32.878,29.225
125.186,117.703,32.878,29.225
126.530,117.825,32.878,29.225
125.431,117.458,32.878,29.225
126.286,117.580,32.878,29.225
125.105,117.539,32.176,28.601
124.872,118.420,31.490,27.991
123.585,117.601,31.490,27.991
125.161,118.689,30.819,27.394
123.901,117.429,30.819,27.394
122.641,118.002,30.819,27.394
121.611,118.803,30.819,27.394
120.504,117.660,30.162,26.810
121.737,116.875,30.162,26.810
120.504,118.333,30.162,26.810
121.513,119.566,30.162,26.810
120.280,119.005,30.162,26.810
122.006,120.480,29.518,26.239
120.799,119.273,29.518,26.239
119.153,120.699,29.518,26.239
117.947,119.712,29.518,26.239
116.740,120.699,29.518,26.239
115.094,119.712,29.518,26.239
116.740,118.944,29.518,26.239
115.680,119.964,28.889,25.679
114.284,118.783,28.889,25.679
115.895,118.675,28.889,25.679
117.023,119.839,29.528,26.247
115.444,119.891,30.181,26.828
114.063,119.012,30.849,27.421
112.413,119.541,31.532,28.028
111.456,117.894,32.229,28.648
110.618,119.211,32.229,28.648
111.628,118.522,32.942,29.282
110.281,117.175,32.942,29.282
111.383,118.767,32.942,29.282
109.622,119.078,33.671,29.930
110.498,118.953,33.671,29.930
109.121,118.077,33.671,29.930
108.746,118.953,33.671,29.930
107.870,118.577,33.671,29.930
109.246,118.452,33.671,29.930
108.120,118.327,33.671,29.930
107.244,117.201,33.671,29.930
108.621,116.325,33.671,29.930
107.494,117.952,33.671,29.930
106.368,117.576,33.671,29.930
107.745,116.950,33.671,29.930
106.368,118.577,33.671,29.930
107.244,117.952,33.671,29.930
105.617,119.578,33.671,29.930
106.994,118.202,33.671,29.930
105.367,118.077,33.671,29.930
106.743,117.952,33.671,29.930
105.367,117.576,33.671,29.930
106.743,117.451,33.671,29.930
104.866,118.577,33.671,29.930
105.492,116.950,33.671,29.930
106.618,117.826,33.671,29.930
104.991,117.201,33.671,29.930
103.865,116.575,33.671,29.930
105.492,117.701,33.671,29.930
104.616,116.325,33.671,29.930
105.992,117.701,33.671,29.930
104.366,115.824,33.671,29.930
102.989,116.200,33.671,29.930
104.366,117.076,33.671,29.930
105.992,117.701,33.671,29.930
104.115,116.575,33.671,29.930
105.492,117.701,33.671,29.930
103.615,117.326,33.671,29.930
104.991,118.702,33.671,29.930
103.114,116.825,33.671,29.930
101.738,117.451,33.671,29.930
103.114,117.326,33.671,29.930
104.491,117.451,33.671,29.930
102.864,118.828,33.671,29.930
100.987,117.201,33.671,29.930
102.113,118.327,33.671,29.930
100.736,117.201,33.671,29.930
102.113,117.576,33.671,29.930
100.987,116.200,33.671,29.930
102.113,117.076,33.671,29.930
100.486,115.699,33.671,29.930
101.863,115.824,33.671,29.930
103.490,116.450,33.671,29.930
102.113,117.576,33.671,29.930
100.736,116.199,33.671,29.930
102.113,116.825,33.671,29.930
100.236,117.451,33.671,29.930
101.612,116.325,33.671,29.930
100.486,116.199,33.671,29.930
101.863,115.574,33.671,29.930
100.236,114.698,33.671,29.930
101.292,115.795,34.416,30.592
102.443,116.434,34.416,30.592
100.524,115.795,34.416,30.592
99.117,116.434,34.416,30.592
100.780,116.051,34.416,30.592
99.373,116.690,34.416,30.592
97.966,115.539,34.416,30.592
99.884,114.899,34.416,30.592
100.524,115.795,34.416,30.592
99.480,114.262,35.178,31.269
98.565,115.700,35.178,31.269
99.480,114.524,35.178,31.269
98.042,115.177,35.178,31.269
99.741,116.354,35.178,31.269
98.303,115.700,35.178,31.269
99.480,115.047,35.178,31.269
97.870,113.751,35.956,31.961
99.274,115.200,36.751,32.668
97.772,114.517,36.751,32.668
97.362,115.473,36.751,32.668
98.865,114.244,36.751,32.668
97.362,115.200,36.751,32.668
98.592,114.244,36.751,32.668
98.455,114.654,36.751,32.668
97.499,115.063,36.751,32.668
98.455,114.380,36.751,32.668
96.952,115.063,36.751,32.668
96.543,113.834,36.751,32.668
97.772,114.517,36.751,32.668
96.543,116.019,36.751,32.668
98.045,115.610,36.751,32.668
96.269,116.566,36.751,32.668
97.499,115.883,36.751,32.668
96.543,115.746,36.751,32.668
97.772,115.610,36.751,32.668
96.269,117.112,36.751,32.668
96.679,116.702,36.751,32.668
95.723,116.019,36.751,32.668
94.494,117.249,36.751,32.668
96.269,116.839,36.751,32.668
94.767,116.702,36.751,32.668
94.357,116.019,36.751,32.668
95.586,117.522,36.751,32.668
94.357,117.659,36.751,32.668
95.313,118.342,36.751,32.668
93.811,116.566,36.751,32.668
92.855,116.156,36.751,32.668
94.630,117.112,36.751,32.668
93.128,116.702,36.751,32.668
93.264,116.293,36.751,32.668
92.581,117.249,36.751,32.668
94.084,116.839,36.751,32.668
92.308,116.429,36.751,32.668
93.264,117.659,36.751,32.668
92.035,117.249,36.751,32.668
92.991,117.932,36.751,32.668
91.762,117.522,36.751,32.668
91.625,117.932,36.751,32.668
90.942,116.702,36.751,32.668
92.445,117.385,36.751,32.668
91.762,118.342,36.751,32.668
90.532,119.298,36.751,32.668
92.581,118.615,36.751,32.668
91.750,118.395,37.565,33.391
90.493,119.372,37.565,33.391
92.029,118.954,37.565,33.391
90.772,117.976,37.565,33.391
90.074,116.720,37.565,33.391
91.610,116.859,37.565,33.391
90.633,116.161,37.565,33.391
91.610,117.976,37.565,33.391
90.912,116.999,37.565,33.391
89.935,117.418,37.565,33.391
90.633,117.837,37.565,33.391
91.610,117.139,37.565,33.391
90.354,117.557,37.565,33.391
89.655,118.255,37.565,33.391
91.191,117.557,37.565,33.391
89.935,116.580,37.565,33.391
89.795,115.044,37.565,33.391
90.214,114.905,37.565,33.391
90.633,115.882,37.565,33.391
90.214,115.463,37.565,33.391
90.633,115.882,37.565,33.391
90.493,115.184,37.565,33.391
89.643,115.249,38.396,34.129
89.500,114.821,38.396,34.129
89.643,114.678,38.396,34.129
89.215,114.250,38.396,34.129
90.785,114.678,38.396,34.129
89.500,114.250,38.396,34.129
89.643,114.678,38.396,34.129
90.357,113.965,38.396,34.129
89.072,114.964,38.396,34.129
90.927,114.536,38.396,34.129
90.214,114.107,38.396,34.129
91.498,115.106,38.396,34.129
90.214,114.393,38.396,34.129
91.498,115.392,38.396,34.129
90.214,115.820,38.396,34.129
91.784,115.106,38.396,34.129
90.499,114.678,38.396,34.129
90.927,113.679,38.396,34.129
91.926,113.537,38.396,34.129
91.498,114.536,38.396,34.129
90.785,114.393,38.396,34.129
92.354,115.106,38.396,34.129
91.355,114.678,38.396,34.129
92.069,114.250,38.396,34.129
93.353,114.964,38.396,34.129
92.069,115.106,38.396,34.129
93.639,115.820,38.396,34.129
92.640,115.392,38.396,34.129
93.924,115.820,38.396,34.129
93.496,113.965,38.396,34.129
93.639,114.107,38.396,34.129
93.954,113.878,39.245,34.885
94.100,114.024,39.245,34.885
93.954,114.170,39.245,34.885
93.808,114.316,39.245,34.885
94.538,114.461,39.245,34.885
93.517,116.066,39.245,34.885
94.246,115.628,39.245,34.885
95.559,114.899,39.245,34.885
94.246,114.753,39.245,34.885
95.850,114.316,39.245,34.885
95.121,114.753,39.245,34.885
95.559,114.899,39.245,34.885
94.829,115.045,39.245,34.885
95.850,115.482,39.245,34.885
96.288,115.045,39.245,34.885
95.559,114.607,39.245,34.885
95.413,114.461,39.245,34.885
96.142,115.774,39.245,34.885
97.163,115.337,39.245,34.885
96.142,115.482,39.245,34.885
96.872,115.628,39.245,34.885
95.850,114.024,39.245,34.885
97.163,114.753,39.245,34.885
97.309,114.607,39.245,34.885
96.872,114.753,39.245,34.885
97.601,114.607,39.245,34.885
96.580,114.753,39.245,34.885
97.309,115.191,39.245,34.885
97.747,115.337,39.245,34.885
97.017,115.774,39.245,34.885
98.038,115.045,39.245,34.885
97.601,116.066,39.245,34.885
98.038,115.337,39.245,34.885
98.768,115.482,39.245,34.885
98.038,115.337,39.245,34.885
99.351,116.649,39.245,34.885
98.622,116.212,39.245,34.885
97.893,116.649,39.245,34.885
99.497,114.753,39.245,34.885
98.476,114.024,39.245,34.885
99.205,114.461,39.245,34.885
100.518,115.191,39.245,34.885
99.205,115.045,39.245,34.885
100.518,115.482,39.245,34.885
99.497,116.503,39.245,34.885
100.518,116.066,39.245,34.885
100.080,115.920,39.245,34.885
100.810,116.066,39.245,34.885
100.664,116.212,39.245,34.885
100.810,116.358,39.245,34.885
101.539,116.212,39.245,34.885
101.685,115.191,39.245,34.885
101.247,116.795,39.245,34.885
102.560,116.649,39.245,34.885
101.539,116.503,39.245,34.885
102.560,115.774,39.245,34.885
101.539,114.170,39.245,34.885
102.560,115.774,39.245,34.885
101.539,115.920,39.245,34.885
101.977,116.066,39.245,34.885
102.706,116.212,39.245,34.885
101.393,115.482,39.245,34.885
101.831,116.212,39.245,34.885
101.685,115.482,39.245,34.885
101.539,116.212,39.245,34.885
100.810,116.358,39.245,34.885
101.831,116.212,39.245,34.885
101.977,115.191,39.245,34.885
101.831,115.045,39.245,34.885
100.810,115.774,39.245,34.885
101.247,115.920,39.245,34.885
101.977,116.066,39.245,34.885
100.956,115.920,39.245,34.885
101.977,115.482,39.245,34.885
99.878,115.853,40.113,35.656
100.623,116.002,40.113,35.656
99.282,115.853,40.113,35.656
100.921,115.108,40.113,35.656
99.580,115.853,40.113,35.656
99.729,115.704,40.113,35.656
99.282,115.853,40.113,35.656
100.325,115.406,40.113,35.656
99.282,116.151,40.113,35.656
100.027,116.002,40.113,35.656
98.299,117.101,39.258,34.896
99.612,117.247,39.258,34.896
98.299,117.976,39.258,34.896
100.196,118.706,39.258,34.896
101.880,118.094,38.421,34.152
103.529,118.045,37.602,33.424
104.873,117.728,36.800,32.711
106.188,118.736,36.015,32.013
104.983,118.869,36.015,32.013
105.117,119.271,36.015,32.013
103.109,117.531,36.015,32.013
104.138,118.001,35.247,31.331
104.640,119.724,34.495,30.662
104.768,119.852,34.495,30.662
104.271,120.797,33.760,30.009
104.899,120.923,33.760,30.009
104.271,121.048,33.760,30.009
105.236,119.796,33.040,29.369
105.850,120.410,33.040,29.369
105.374,120.131,32.335,28.742
106.066,121.480,31.646,28.129
106.290,120.987,30.971,27.529
106.953,122.057,30.310,26.942
106.516,121.801,29.664,26.368
108.001,122.189,29.031,25.806
106.959,122.360,28.412,25.255
107.567,121.713,27.806,24.717
107.051,121.196,27.806,24.717
107.048,121.759,27.213,24.190
107.436,122.309,26.633,23.674
107.243,122.084,26.065,23.169
106.952,121.988,26.065,23.169
108.257,122.702,25.509,22.675
107.341,122.304,24.965,22.191
108.176,122.768,24.965,22.191
107.638,123.094,24.433,21.718
108.511,123.063,23.912,21.255
107.711,124.040,23.912,21.255
108.223,124.010,23.402,20.802
109.006,123.227,23.402,20.802
108.049,122.270,23.402,20.802
109.006,122.705,23.402,20.802
108.397,122.792,23.402,20.802
107.788,121.835,23.402,20.802
108.571,121.922,23.402,20.802
108.136,122.357,23.402,20.802
109.093,122.966,23.402,20.802
108.484,122.531,23.402,20.802
108.571,123.140,23.402,20.802
107.962,122.705,23.402,20.802
108.919,122.966,23.402,20.802
108.136,123.227,23.402,20.802
108.919,122.792,23.402,20.802
108.310,122.357,23.402,20.802
107.875,123.314,23.402,20.802
109.006,123.401,23.402,20.802
108.397,122.444,23.402,20.802
108.136,122.357,23.402,20.802
108.919,121.922,23.402,20.802
109.006,123.227,23.402,20.802
109.267,123.836,23.402,20.802
109.180,122.879,23.402,20.802
108.571,123.314,23.402,20.802
108.832,123.923,23.402,20.802
108.745,123.662,23.402,20.802
108.136,122.879,23.402,20.802
108.745,123.662,23.402,20.802
108.310,123.575,23.402,20.802
108.979,124.551,22.903,20.358
108.042,124.636,22.903,20.358
108.808,125.062,22.903,20.358
108.042,125.658,22.903,20.358
108.638,126.254,22.903,20.358
107.872,125.317,22.903,20.358
107.617,124.381,22.903,20.358
107.872,123.615,22.903,20.358
108.298,123.870,22.903,20.358
108.383,122.934,22.903,20.358
108.638,123.530,22.903,20.358
107.702,124.296,22.903,20.358
108.127,124.892,22.903,20.358
107.872,124.636,22.903,20.358
107.446,125.743,22.903,20.358
108.553,125.147,22.903,20.358
107.787,124.551,22.903,20.358
107.361,123.955,22.903,20.358
107.787,122.849,22.903,20.358
106.680,122.423,22.903,20.358
106.425,123.530,22.903,20.358
106.680,123.785,22.903,20.358
105.574,123.189,22.903,20.358
104.297,122.083,22.903,20.358
102.895,122.829,23.409,20.808
100.894,121.872,23.409,20.808
99.589,121.959,23.409,20.808
98.632,121.002,23.409,20.808
99.366,121.584,23.927,21.269
98.388,120.784,23.927,21.269
99.010,120.873,23.927,21.269
99.633,121.139,23.927,21.269
99.900,121.228,23.927,21.269
98.921,121.673,23.927,21.269
99.722,120.695,23.927,21.269
98.627,121.290,24.457,21.739
99.808,121.017,24.457,21.739
98.445,122.199,24.457,21.739
99.081,120.835,24.457,21.739
99.717,121.108,24.457,21.739
100.172,120.654,24.457,21.739
100.626,120.381,24.457,21.739
99.808,120.108,24.457,21.739
98.808,120.563,24.457,21.739
99.627,119.563,24.457,21.739
99.828,120.360,24.998,22.220
100.292,119.895,24.998,22.220
101.128,119.431,24.998,22.220
101.593,119.895,24.998,22.220
101.872,119.059,24.998,22.220
100.850,120.081,24.998,22.220
101.314,119.802,24.998,22.220
101.964,120.081,24.998,22.220
102.429,119.802,24.998,22.220
102.894,120.824,24.998,22.220
103.544,121.289,24.998,22.220
102.150,120.453,24.998,22.220
102.801,121.103,24.998,22.220
103.265,121.196,24.998,22.220
103.471,121.818,25.551,22.712
103.755,121.153,25.551,22.712
104.420,121.438,25.551,22.712
104.705,121.913,25.551,22.712
105.180,121.248,25.551,22.712
105.465,121.913,25.551,22.712
105.675,122.351,26.116,23.215
104.413,122.642,26.116,23.215
105.287,121.574,26.116,23.215
105.772,122.060,26.116,23.215
106.063,121.574,26.116,23.215
104.607,121.089,26.116,23.215
105.481,121.769,26.116,23.215
106.354,122.060,26.116,23.215
107.034,120.216,26.116,23.215
107.519,121.089,26.116,23.215
108.137,121.134,26.694,23.728
106.450,121.234,26.694,23.728
107.541,119.547,26.694,23.728
108.378,120.005,27.285,24.253
109.291,120.107,27.285,24.253
110.567,120.154,27.888,24.790
109.506,120.202,28.505,25.338
107.917,119.037,28.505,25.338
109.250,119.746,29.136,25.899
107.467,120.246,29.781,26.472
108.860,120.297,30.440,27.057
109.815,118.237,31.113,27.656
111.270,119.491,31.802,28.268
109.570,119.546,32.505,28.893
110.589,118.851,33.224,29.533
108.983,117.245,33.224,29.533
109.769,118.072,33.959,30.186
108.381,118.198,33.959,30.186
109.707,119.566,34.711,30.854
107.583,120.162,35.479,31.537
106.660,121.085,35.479,31.537
108.111,120.953,35.479,31.537
106.487,119.647,36.264,32.234
107.700,121.129,36.264,32.234
105.761,119.234,37.066,32.948
104.521,120.750,37.066,32.948
106.036,119.510,37.066,32.948
104.796,121.025,37.066,32.948
103.832,120.336,37.066,32.948
104.521,121.301,37.066,32.948
103.281,122.265,37.066,32.948
103.143,122.127,37.066,32.948
101.447,120.477,37.886,33.677
102.151,120.054,37.886,33.677
100.320,121.321,37.886,33.677
100.461,121.181,37.886,33.677
99.194,121.885,37.886,33.677
98.771,121.181,37.886,33.677
97.786,121.885,37.886,33.677
97.363,121.462,37.886,33.677
98.912,122.448,37.886,33.677
97.363,120.617,37.886,33.677
98.067,121.603,37.886,33.677
96.518,121.462,37.886,33.677
97.504,121.321,37.886,33.677
96.237,121.462,37.886,33.677
97.222,121.603,37.886,33.677
96.237,122.589,37.886,33.677
94.503,121.194,38.724,34.422
95.798,121.337,38.724,34.422
93.927,120.330,38.724,34.422
95.222,120.474,38.724,34.422
94.215,120.906,38.724,34.422
93.495,119.898,38.724,34.422
95.078,120.618,38.724,34.422
93.495,121.337,38.724,34.422
93.063,120.042,38.724,34.422
93.783,120.474,38.724,34.422
92.200,120.042,38.724,34.422
93.495,120.186,38.724,34.422
91.723,120.253,39.581,35.183
90.399,119.518,39.581,35.183
92.311,119.665,39.581,35.183
90.987,119.223,39.581,35.183
90.546,119.076,39.581,35.183
92.459,118.047,39.581,35.183
91.135,118.488,39.581,35.183
90.399,118.635,39.581,35.183
91.723,119.371,39.581,35.183
90.105,118.929,39.581,35.183
90.840,119.371,39.581,35.183
89.811,118.929,39.581,35.183
89.663,118.194,39.581,35.183
90.987,118.341,39.581,35.183
89.663,118.782,39.581,35.183
91.282,119.812,39.581,35.183
89.958,120.547,39.581,35.183
89.222,120.695,39.581,35.183
90.840,120.253,39.581,35.183
89.516,119.812,39.581,35.183
90.840,119.076,39.581,35.183
89.811,118.635,39.581,35.183
89.369,120.547,39.581,35.183
91.282,120.695,39.581,35.183
90.252,120.547,39.581,35.183
91.576,120.400,39.581,35.183
90.840,121.724,39.581,35.183
89.811,122.754,39.581,35.183
89.663,123.195,39.581,35.183
91.576,122.754,39.581,35.183
90.840,123.490,39.581,35.183
89.811,121.871,39.581,35.183
91.723,123.490,39.581,35.183
90.105,122.166,39.581,35.183
91.429,122.019,39.581,35.183
92.459,122.460,39.581,35.183
91.429,123.195,39.581,35.183
90.693,121.577,39.581,35.183
92.311,122.607,39.581,35.183
90.987,123.637,39.581,35.183
92.311,124.078,39.581,35.183
91.282,122.166,39.581,35.183
92.017,121.430,39.581,35.183
90.399,120.400,39.581,35.183
92.311,121.136,39.581,35.183
91.576,120.400,39.581,35.183
92.017,121.136,39.581,35.183
90.693,120.400,39.581,35.183
92.311,120.842,39.581,35.183
91.282,121.577,39.581,35.183
89.958,120.842,39.581,35.183
91.870,121.871,39.581,35.183
90.546,121.724,39.581,35.183
92.164,122.166,39.581,35.183
90.546,120.842,39.581,35.183
91.870,120.989,39.581,35.183
89.958,119.959,39.581,35.183
90.987,120.989,39.581,35.183
89.663,119.959,39.581,35.183
91.282,119.223,39.581,35.183
89.663,119.076,39.581,35.183
90.987,119.518,39.581,35.183
89.663,120.547,39.581,35.183
90.987,120.400,39.581,35.183
89.075,119.959,39.581,35.183
89.811,119.518,39.581,35.183
88.192,120.547,39.581,35.183
89.811,120.106,39.581,35.183
88.487,120.253,39.581,35.183
90.399,120.106,39.581,35.183
89.075,120.547,39.581,35.183
87.751,119.812,39.581,35.183
89.369,120.253,39.581,35.183
88.339,120.400,39.581,35.183
89.958,121.430,39.581,35.183
88.339,119.223,39.581,35.183
89.075,118.782,39.581,35.183
87.751,120.106,39.581,35.183
86.427,119.665,39.581,35.183
88.634,120.695,39.581,35.183
87.898,120.253,39.581,35.183
86.280,119.223,39.581,35.183
87.604,119.665,39.581,35.183
88.928,119.223,39.581,35.183
87.310,118.488,39.581,35.183
88.339,119.223,39.581,35.183
86.721,118.782,39.581,35.183
87.163,119.812,39.581,35.183
87.015,119.959,39.581,35.183
85.986,118.341,39.581,35.183
87.310,118.194,39.581,35.183
86.574,119.223,39.581,35.183
87.310,119.076,39.581,35.183
85.986,118.929,39.581,35.183
85.839,119.371,39.581,35.183
84.809,119.518,39.581,35.183
86.721,120.842,39.581,35.183
85.397,120.400,39.581,35.183
86.721,119.959,39.581,35.183
85.103,118.635,39.581,35.183
86.721,120.253,39.581,35.183
85.397,119.223,39.581,35.183
86.721,119.959,39.581,35.183
85.103,119.518,39.581,35.183
86.427,120.547,39.581,35.183
85.986,120.695,39.581,35.183
85.250,121.136,39.581,35.183
86.574,119.518,39.581,35.183
86.427,121.136,39.581,35.183
85.397,120.106,39.581,35.183
87.015,119.665,39.581,35.183
85.691,119.518,39.581,35.183
87.015,119.371,39.581,35.183
85.691,120.106,39.581,35.183
87.015,120.547,39.581,35.183
85.691,121.283,39.581,35.183
87.310,120.547,39.581,35.183
86.280,121.577,39.581,35.183
87.898,121.136,39.581,35.183
86.574,120.695,39.581,35.183
87.898,121.430,39.581,35.183
86.280,121.283,39.581,35.183
87.898,121.724,39.581,35.183
86.574,120.989,39.581,35.183
87.898,119.371,39.581,35.183
86.574,119.812,39.581,35.183
88.487,120.547,39.581,35.183
87.163,119.223,39.581,35.183
87.898,119.076,39.581,35.183
86.574,119.518,39.581,35.183
88.487,120.253,39.581,35.183
86.868,120.106,39.581,35.183
88.487,120.547,39.581,35.183
87.163,120.106,39.581,35.183
88.781,120.253,39.581,35.183
87.457,119.812,39.581,35.183
89.369,120.547,39.581,35.183
88.045,119.812,39.581,35.183
87.604,121.136,39.581,35.183
89.516,120.400,39.581,35.183
87.898,122.019,39.581,35.183
86.868,120.989,39.581,35.183
88.487,121.430,39.581,35.183
87.751,122.754,39.581,35.183
86.133,121.724,39.581,35.183
88.339,121.283,39.581,35.183
87.310,119.959,39.581,35.183
88.634,120.106,39.581,35.183
87.310,121.136,39.581,35.183
88.928,120.695,39.581,35.183
87.310,121.430,39.581,35.183
88.634,121.283,39.581,35.183
87.604,120.547,39.581,35.183
88.928,122.166,39.581,35.183
87.015,120.842,39.581,35.183
86.868,121.871,39.581,35.183
85.839,121.430,39.581,35.183
88.045,122.460,39.581,35.183
86.427,121.136,39.581,35.183
88.339,120.695,39.581,35.183
87.310,122.607,39.581,35.183
86.280,121.577,39.581,35.183
87.604,120.842,39.581,35.183
86.280,120.400,39.581,35.183
87.310,119.959,39.581,35.183
86.574,119.812,39.581,35.183
88.192,121.724,39.581,35.183
86.574,120.989,39.581,35.183
87.898,120.253,39.581,35.183
86.280,120.989,39.581,35.183
87.604,120.547,39.581,35.183
86.574,120.695,39.581,35.183
87.898,121.724,39.581,35.183
86.574,122.166,39.581,35.183
88.192,121.724,39.581,35.183
86.574,120.989,39.581,35.183
88.192,119.959,39.581,35.183
86.574,121.871,39.581,35.183
88.192,123.195,39.581,35.183
86.868,122.166,39.581,35.183
86.133,122.313,39.581,35.183
87.751,122.166,39.581,35.183
86.427,121.430,39.581,35.183
88.339,123.048,39.581,35.183
86.721,122.607,39.581,35.183
88.045,123.637,39.581,35.183
86.427,123.195,39.581,35.183
88.339,122.754,39.581,35.183
87.015,123.195,39.581,35.183
88.339,122.166,39.581,35.183
87.310,122.313,39.581,35.183
89.222,123.048,39.581,35.183
87.898,122.313,39.581,35.183
88.634,122.460,39.581,35.183
88.487,121.724,39.581,35.183
90.105,123.343,39.581,35.183
88.487,122.607,39.581,35.183
89.811,122.460,39.581,35.183
88.192,121.136,39.581,35.183
90.105,119.812,39.581,35.183
89.075,121.430,39.581,35.183
88.634,120.695,39.581,35.183
90.546,122.019,39.581,35.183
88.735,120.866,40.457,35.962
90.389,122.219,40.457,35.962
89.035,121.468,40.457,35.962
90.088,121.919,40.457,35.962
89.336,122.069,40.457,35.962
89.787,120.716,40.457,35.962
89.336,120.565,40.457,35.962
90.689,119.814,40.457,35.962
90.238,119.964,40.457,35.962
89.787,120.415,40.457,35.962
89.035,121.167,40.457,35.962
90.689,120.716,40.457,35.962
89.637,121.468,40.457,35.962
90.990,121.317,40.457,35.962
89.938,120.866,40.457,35.962
91.291,122.821,40.457,35.962
90.238,122.671,40.457,35.962
90.990,122.219,40.457,35.962
89.938,122.069,40.457,35.962
91.291,121.618,40.457,35.962
91.140,122.971,40.457,35.962
91.592,122.520,40.457,35.962
92.043,121.768,40.457,35.962
91.592,122.821,40.457,35.962
92.644,121.468,40.457,35.962
91.892,121.618,40.457,35.962
91.140,122.971,40.457,35.962
92.494,123.122,40.457,35.962
92.043,122.671,40.457,35.962
91.291,122.219,40.457,35.962
92.945,121.468,40.457,35.962
91.592,121.618,40.457,35.962
92.945,121.768,40.457,35.962
91.592,121.618,40.457,35.962
92.945,121.468,40.457,35.962
91.892,121.017,40.457,35.962
93.546,122.069,40.457,35.962
92.494,120.716,40.457,35.962
93.546,120.565,40.457,35.962
92.794,121.317,40.457,35.962
91.742,120.866,40.457,35.962
93.697,122.219,40.457,35.962
92.644,120.866,40.457,35.962
94.599,121.017,40.457,35.962
93.246,120.265,40.457,35.962
93.095,119.814,40.457,35.962
93.847,120.265,40.457,35.962
92.494,119.513,40.457,35.962
93.847,120.866,40.457,35.962
92.494,121.919,40.457,35.962
93.847,122.069,40.457,35.962
92.193,121.317,40.457,35.962
93.546,121.167,40.457,35.962
92.193,120.415,40.457,35.962
93.546,121.167,40.457,35.962
92.494,120.415,40.457,35.962
93.246,119.964,40.457,35.962
91.892,121.016,40.457,35.962
91.742,120.866,40.457,35.962
93.697,121.317,40.457,35.962
92.043,120.265,40.457,35.962
91.892,119.814,40.457,35.962
91.441,121.167,40.457,35.962
93.095,121.017,40.457,35.962
92.043,122.069,40.457,35.962
91.291,120.415,40.457,35.962
92.644,121.167,40.457,35.962
91.892,121.017,40.457,35.962
90.840,122.069,40.457,35.962
91.291,121.017,40.457,35.962
90.840,121.768,40.457,35.962
90.389,121.317,40.457,35.962
92.043,121.167,40.457,35.962
90.088,120.716,40.457,35.962
91.742,122.370,40.457,35.962
90.689,121.317,40.457,35.962
92.343,120.866,40.457,35.962
90.990,121.618,40.457,35.962
89.637,119.964,40.457,35.962
91.892,121.017,40.457,35.962
90.238,122.069,40.457,35.962
91.592,121.017,40.457,35.962
90.238,121.768,40.457,35.962
90.689,121.017,40.457,35.962
92.043,121.468,40.457,35.962
89.879,121.850,41.352,36.757
91.262,121.696,41.352,36.757
89.879,120.928,41.352,36.757
89.418,121.081,41.352,36.757
89.879,121.235,41.352,36.757
90.955,121.389,41.352,36.757
89.879,120.928,41.352,36.757
89.418,121.081,41.352,36.757
90.186,120.928,41.352,36.757
90.647,121.389,41.352,36.757
89.572,120.928,41.352,36.757
90.340,120.774,41.352,36.757
89.264,121.850,41.352,36.757
90.955,122.618,41.352,36.757
89.879,122.772,41.352,36.757
89.418,121.081,41.352,36.757
90.186,120.313,41.352,36.757
90.340,121.389,41.352,36.757
89.264,120.928,41.352,36.757
90.955,120.159,41.352,36.757
89.879,120.620,41.352,36.757
89.111,120.774,41.352,36.757
90.801,120.313,41.352,36.757
89.111,120.774,41.352,36.757
90.494,120.620,41.352,36.757
89.111,121.696,41.352,36.757
90.494,120.620,41.352,36.757
88.803,120.774,41.352,36.757
90.186,119.083,41.352,36.757
89.725,120.159,41.352,36.757
88.957,120.313,41.352,36.757
90.340,119.544,41.352,36.757
88.957,119.083,41.352,36.757
90.647,119.237,41.352,36.757
89.572,119.698,41.352,36.757
89.418,120.159,41.352,36.757
89.572,120.928,41.352,36.757
89.418,118.930,41.352,36.757
88.957,118.469,41.352,36.757
90.340,119.544,41.352,36.757
88.957,119.698,41.352,36.757
89.935,118.813,42.267,37.571
88.835,118.656,42.267,37.571
89.935,118.813,42.267,37.571
88.835,117.713,42.267,37.571
88.678,117.556,42.267,37.571
88.207,116.771,42.267,37.571
89.620,116.614,42.267,37.571
88.521,117.085,42.267,37.571
87.735,117.242,42.267,37.571
88.521,117.713,42.267,37.571
87.421,118.813,42.267,37.571
88.207,118.656,42.267,37.571
88.364,119.756,42.267,37.571
87.892,118.656,42.267,37.571
87.735,119.756,42.267,37.571
87.264,118.656,42.267,37.571
88.364,119.127,42.267,37.571
87.892,118.342,42.267,37.571
87.421,118.185,42.267,37.571
86.950,118.342,42.267,37.571
87.735,119.127,42.267,37.571
86.321,118.970,42.267,37.571
87.735,118.499,42.267,37.571
86.007,119.599,42.267,37.571
86.479,119.756,42.267,37.571
85.065,119.284,42.267,37.571
86.479,119.127,42.267,37.571
85.065,118.656,42.267,37.571
85.850,119.441,42.267,37.571
84.750,118.656,42.267,37.571
84.593,118.185,42.267,37.571
84.436,118.028,42.267,37.571
83.337,117.242,42.267,37.571
85.065,117.713,42.267,37.571
83.965,118.499,42.267,37.571
83.494,118.656,42.267,37.571
82.708,118.185,42.267,37.571
83.180,117.713,42.267,37.571
83.022,117.556,42.267,37.571
82.237,117.085,42.267,37.571
82.394,117.871,42.267,37.571
80.666,119.284,42.267,37.571
81.766,120.384,42.267,37.571
80.352,120.541,42.267,37.571
81.137,120.070,42.267,37.571
80.352,119.284,42.267,37.571
79.881,119.127,42.267,37.571
78.467,118.028,42.267,37.571
77.681,117.871,42.267,37.571
78.153,118.028,42.267,37.571
77.681,118.185,42.267,37.571
77.210,118.342,42.267,37.571
77.681,119.127,42.267,37.571
76.268,119.599,42.267,37.571
76.739,120.070,42.267,37.571
75.325,119.284,42.267,37.571
76.425,120.070,42.267,37.571
74.697,119.599,42.267,37.571
74.539,121.012,42.267,37.571
73.754,120.227,42.267,37.571
73.911,119.441,42.267,37.571
73.126,118.656,42.267,37.571
73.283,118.813,42.267,37.571
73.440,118.028,42.267,37.571
71.712,118.185,42.267,37.571
71.869,118.028,42.267,37.571
71.083,116.614,42.267,37.571
70.612,117.085,42.267,37.571
70.141,116.614,42.267,37.571
70.612,116.142,42.267,37.571
68.884,116.300,42.267,37.571
69.041,116.771,42.267,37.571
67.942,115.985,42.267,37.571
68.413,116.142,42.267,37.571
66.685,115.671,42.267,37.571
67.156,116.457,42.267,37.571
67.627,116.928,42.267,37.571
65.899,115.514,42.267,37.571
66.999,115.671,42.267,37.571
65.585,114.572,42.267,37.571
65.428,114.414,42.267,37.571
65.271,114.572,42.267,37.571
66.371,115.357,42.267,37.571
64.643,115.200,42.267,37.571
64.171,115.043,42.267,37.571
65.271,115.200,42.267,37.571
64.486,114.100,42.267,37.571
63.386,113.629,42.267,37.571
63.857,114.100,42.267,37.571
64.014,114.257,42.267,37.571
63.543,112.844,42.267,37.571
63.072,112.686,42.267,37.571
64.171,114.414,42.267,37.571
63.072,114.572,42.267,37.571
63.229,114.729,42.267,37.571
62.443,113.001,42.267,37.571
62.286,112.529,42.267,37.571
62.960,112.603,43.202,38.402
61.836,112.763,43.202,38.402
62.638,112.924,43.202,38.402
61.514,112.763,43.202,38.402
61.675,112.603,43.202,38.402
61.514,112.121,43.202,38.402
61.354,112.603,43.202,38.402
60.872,111.800,43.202,38.402
61.675,112.282,43.202,38.402
60.872,112.763,43.202,38.402
61.354,111.318,43.202,38.402
60.230,110.836,43.202,38.402
60.069,111.960,43.202,38.402
59.267,112.763,43.202,38.402
60.391,112.282,43.202,38.402
59.588,112.763,43.202,38.402
59.427,112.603,43.202,38.402
59.267,112.121,43.202,38.402
59.748,113.245,43.202,38.402
58.945,113.406,43.202,38.402
58.143,111.960,43.202,38.402
58.945,113.727,43.202,38.402
58.143,112.603,43.202,38.402
58.303,113.084,43.202,38.402
58.464,113.245,43.202,38.402
57.982,113.727,43.202,38.402
57.500,112.924,43.202,38.402
57.661,112.442,43.202,38.402
58.143,111.318,43.202,38.402
57.019,110.836,43.202,38.402
56.537,112.282,43.202,38.402
56.697,112.763,43.202,38.402
55.895,112.282,43.202,38.402
55.734,112.763,43.202,38.402
56.216,112.282,43.202,38.402
55.413,112.763,43.202,38.402
55.252,112.282,43.202,38.402
54.449,112.763,43.202,38.402
54.931,112.282,43.202,38.402
53.486,112.763,43.202,38.402
54.610,112.603,43.202,38.402
54.449,112.121,43.202,38.402
53.647,112.603,43.202,38.402
54.128,112.121,43.202,38.402
53.326,112.924,43.202,38.402
53.486,112.763,43.202,38.402
53.326,112.924,43.202,38.402
53.165,113.727,43.202,38.402
52.683,114.208,43.202,38.402
53.807,114.369,43.202,38.402
53.004,113.245,43.202,38.402
52.202,114.369,43.202,38.402
53.004,113.887,43.202,38.402
52.202,114.048,43.202,38.402
52.683,114.208,43.202,38.402
53.165,114.048,43.202,38.402
52.041,114.530,43.202,38.402
51.880,113.406,43.202,38.402
52.683,113.245,43.202,38.402
51.880,113.727,43.202,38.402
52.683,113.566,43.202,38.402
52.202,113.084,43.202,38.402
51.399,114.208,43.202,38.402
51.238,113.727,43.202,38.402
51.399,112.603,43.202,38.402
51.238,112.763,43.202,38.402
50.756,112.924,43.202,38.402
51.238,113.406,43.202,38.402
50.435,113.245,43.202,38.402
50.917,113.084,43.202,38.402
50.435,112.924,43.202,38.402
50.917,112.121,43.202,38.402
50.756,111.960,43.202,38.402
51.880,111.479,43.202,38.402
51.720,110.997,43.202,38.402
51.559,111.800,43.202,38.402
51.720,111.318,43.202,38.402
51.559,111.158,43.202,38.402
51.399,111.318,43.202,38.402
51.559,110.515,43.202,38.402
52.041,110.355,43.202,38.402
51.559,110.194,43.202,38.402
52.041,110.997,43.202,38.402
51.238,112.442,43.202,38.402
52.041,111.639,43.202,38.402
51.559,111.479,43.202,38.402
52.683,110.676,43.202,38.402
52.523,110.836,43.202,38.402
53.004,110.997,43.202,38.402
52.202,112.121,43.202,38.402
52.362,112.603,43.202,38.402
52.523,112.442,43.202,38.402
53.004,112.282,43.202,38.402
52.202,113.084,43.202,38.402
52.683,112.603,43.202,38.402
53.165,112.763,43.202,38.402
52.362,113.245,43.202,38.402
53.165,113.727,43.202,38.402
52.362,113.245,43.202,38.402
52.523,113.406,43.202,38.402
53.004,113.566,43.202,38.402
52.202,113.406,43.202,38.402
52.683,113.245,43.202,38.402
52.523,113.406,43.202,38.402
52.362,112.924,43.202,38.402
52.202,113.406,43.202,38.402
52.683,113.245,43.202,38.402
52.523,114.048,43.202,38.402
52.362,114.208,43.202,38.402
51.880,113.406,43.202,38.402
53.326,113.245,43.202,38.402
52.523,113.406,43.202,38.402
52.041,112.603,43.202,38.402
51.559,112.763,43.202,38.402
52.683,113.566,43.202,38.402
52.202,112.121,43.202,38.402
52.362,111.960,43.202,38.402
52.202,111.800,43.202,38.402
52.362,111.960,43.202,38.402
52.844,112.442,43.202,38.402
52.683,112.282,43.202,38.402
52.523,113.406,43.202,38.402
53.647,112.282,43.202,38.402
52.844,113.727,43.202,38.402
53.968,112.924,43.202,38.402
52.523,112.763,43.202,38.402
53.647,112.282,43.202,38.402
53.165,113.084,43.202,38.402
53.004,112.603,43.202,38.402
52.844,112.442,43.202,38.402
54.610,111.960,43.202,38.402
53.486,112.763,43.202,38.402
53.968,112.603,43.202,38.402
53.486,112.763,43.202,38.402
54.289,112.924,43.202,38.402
53.807,113.084,43.202,38.402
54.931,112.924,43.202,38.402
53.807,113.406,43.202,38.402
55.252,112.603,43.202,38.402
54.449,111.800,43.202,38.402
54.289,111.318,43.202,38.402
54.449,110.194,43.202,38.402
54.610,111.639,43.202,38.402
54.771,111.158,43.202,38.402
55.573,112.282,43.202,38.402
54.771,111.158,43.202,38.402
55.252,111.639,43.202,38.402
54.771,111.158,43.202,38.402
55.895,111.960,43.202,38.402
55.734,112.121,43.202,38.402
55.573,112.603,43.202,38.402
56.055,111.158,43.202,38.402
54.931,110.676,43.202,38.402
56.376,110.836,43.202,38.402
55.895,110.676,43.202,38.402
57.019,111.158,43.202,38.402
55.895,112.282,43.202,38.402
57.340,112.121,43.202,38.402
56.216,111.960,43.202,38.402
57.340,111.800,43.202,38.402
57.179,111.639,43.202,38.402
57.019,111.800,43.202,38.402
57.179,111.960,43.202,38.402
57.340,112.121,43.202,38.402
58.143,112.924,43.202,38.402
57.340,113.084,43.202,38.402
58.143,113.245,43.202,38.402
57.340,113.727,43.202,38.402
58.143,112.603,43.202,38.402
57.661,112.121,43.202,38.402
58.464,112.603,43.202,38.402
57.982,112.442,43.202,38.402
57.500,112.603,43.202,38.402
59.044,113.476,42.281,37.583
58.573,113.319,42.281,37.583
57.787,112.219,42.281,37.583
57.944,112.062,42.281,37.583
58.416,111.591,42.281,37.583
57.316,112.376,42.281,37.583
58.416,111.276,42.281,37.583
57.001,110.805,42.281,37.583
57.787,110.334,42.281,37.583
57.001,111.119,42.281,37.583
57.787,110.962,42.281,37.583
56.687,111.119,42.281,37.583
56.530,110.962,42.281,37.583
56.373,110.805,42.281,37.583
56.216,110.334,42.281,37.583
57.630,111.119,42.281,37.583
56.530,111.905,42.281,37.583
56.059,112.376,42.281,37.583
57.473,113.162,42.281,37.583
56.059,113.005,42.281,37.583
57.159,112.534,42.281,37.583
56.687,113.634,42.281,37.583
57.159,112.848,42.281,37.583
57.630,111.748,42.281,37.583
56.530,110.962,42.281,37.583
56.687,110.805,42.281,37.583
56.844,110.648,42.281,37.583
57.001,111.748,42.281,37.583
57.473,110.334,42.281,37.583
56.373,110.491,42.281,37.583
56.844,109.391,42.281,37.583
57.001,109.234,42.281,37.583
57.473,109.076,42.281,37.583
56.373,109.862,42.281,37.583
56.530,110.334,42.281,37.583
57.001,111.434,42.281,37.583
57.473,111.905,42.281,37.583
56.373,111.119,42.281,37.583
56.530,112.848,42.281,37.583
57.001,112.691,42.281,37.583
57.473,113.791,42.281,37.583
56.059,113.005,42.281,37.583
57.159,113.791,42.281,37.583
57.316,113.634,42.281,37.583
57.473,114.734,42.281,37.583
56.059,114.576,42.281,37.583
57.159,114.734,42.281,37.583
57.001,114.576,42.281,37.583
62.501,115.048,42.281,37.583
56.059,94.462,42.281,37.583
56.732,94.209,43.216,38.414
57.087,94.618,44.172,39.264
58.132,93.332,45.150,40.133
56.762,94.106,46.149,41.021
57.853,92.051,47.170,41.929
57.876,93.224,48.213,42.856
56.785,93.308,49.280,43.804
31.347,100.994,50.370,44.774
28.913,99.684,50.370,44.774
28.351,100.620,50.370,44.774
30.512,100.917,49.296,43.819
32.981,100.854,48.245,42.884
32.443,101.751,48.245,42.884
34.056,103.006,48.245,42.884
33.877,103.902,48.245,42.884
35.132,103.365,48.245,42.884
34.236,104.620,48.245,42.884
35.491,103.006,48.245,42.884
34.953,104.978,48.245,42.884
35.491,104.082,48.245,42.884
36.029,104.620,48.245,42.884
35.850,103.006,48.245,42.884
36.746,104.620,48.245,42.884
36.208,102.647,48.245,42.884
35.312,104.620,48.245,42.884
35.491,103.365,48.245,42.884
36.029,104.978,48.245,42.884
35.850,103.723,48.245,42.884
37.105,104.978,48.245,42.884
36.925,104.799,48.245,42.884
38.181,105.696,48.245,42.884
37.643,105.158,48.245,42.884
37.822,107.489,48.245,42.884
35.242,105.712,49.312,43.833
36.891,105.895,49.312,43.833
37.441,106.079,49.312,43.833
36.525,105.895,49.312,43.833
36.342,106.445,49.312,43.833
37.888,106.531,50.403,44.803
40.698,107.093,50.403,44.803
49.877,107.280,50.403,44.803
52.687,108.591,50.403,44.803
53.998,107.655,50.403,44.803
53.062,107.467,50.403,44.803
53.624,107.655,50.403,44.803
55.425,107.952,49.328,43.848
55.421,108.596,48.277,42.912
54.524,108.058,48.277,42.912
53.985,108.596,48.277,42.912
53.806,108.058,48.277,42.912
54.703,108.955,48.277,42.912
54.165,109.493,48.277,42.912
53.627,110.749,48.277,42.912
55.698,110.688,47.247,41.997
55.171,110.161,47.247,41.997
56.860,109.763,46.239,41.102
56.344,109.591,46.239,41.102
55.141,109.763,46.239,41.102
54.625,110.966,46.239,41.102
59.260,110.576,45.253,40.225
40.927,107.716,45.253,40.225
53.541,111.248,45.253,40.225
56.737,112.426,45.253,40.225
56.569,111.921,45.253,40.225
55.728,112.426,45.253,40.225
55.223,112.258,45.253,40.225
54.718,112.762,45.253,40.225
56.232,112.594,45.253,40.225
55.391,112.089,45.253,40.225
56.232,113.603,45.253,40.225
58.174,113.222,44.288,39.367
60.074,112.531,43.344,38.528
58.624,111.403,43.344,38.528
44.609,108.342,43.344,38.528
54.113,110.759,43.344,38.528
56.530,111.886,43.344,38.528
57.335,110.759,43.344,38.528
56.208,110.275,43.344,38.528
56.046,108.825,43.344,38.528
55.885,109.309,43.344,38.528
55.080,109.470,43.344,38.528
56.208,109.631,43.344,38.528
55.080,111.081,43.344,38.528
56.208,111.564,43.344,38.528
55.724,110.759,43.344,38.528
57.174,111.242,43.344,38.528
55.402,111.081,43.344,38.528
56.208,111.242,43.344,38.528
55.402,110.759,43.344,38.528
55.241,110.920,43.344,38.528
56.046,111.403,43.344,38.528
54.919,110.920,43.344,38.528
55.724,111.403,43.344,38.528
56.208,110.275,43.344,38.528
54.758,110.114,43.344,38.528
57.819,110.275,43.344,38.528
56.691,108.503,43.344,38.528
39.131,105.120,43.344,38.528
37.359,105.926,43.344,38.528
37.521,105.442,43.344,38.528
38.004,105.281,43.344,38.528
36.876,104.798,43.344,38.528
36.715,105.604,43.344,38.528
38.487,106.731,43.344,38.528
54.436,111.725,43.344,38.528
56.530,112.531,43.344,38.528
55.402,112.047,43.344,38.528
56.530,112.853,43.344,38.528
55.402,112.692,43.344,38.528
56.530,113.175,43.344,38.528
59.942,113.741,42.420,37.706
38.027,106.646,42.420,37.706
36.924,107.119,42.420,37.706
37.712,106.331,42.420,37.706
39.131,105.227,42.420,37.706
54.424,109.800,42.420,37.706
56.789,111.219,42.420,37.706
56.631,111.061,42.420,37.706
58.681,112.165,42.420,37.706
56.947,111.061,42.420,37.706
58.996,113.741,42.420,37.706
56.631,113.268,42.420,37.706
58.681,113.426,42.420,37.706
58.208,114.214,42.420,37.706
57.420,113.741,42.420,37.706
57.577,113.899,42.420,37.706
58.996,112.795,42.420,37.706
57.577,111.061,42.420,37.706
59.942,109.957,42.420,37.706
59.154,109.169,42.420,37.706
59.942,108.381,42.420,37.706
59.469,108.223,42.420,37.706
60.888,108.381,42.420,37.706
59.784,109.484,42.420,37.706
61.834,109.327,42.420,37.706
60.415,109.169,42.420,37.706
61.834,109.011,42.420,37.706
61.046,110.115,42.420,37.706
62.465,109.957,42.420,37.706
62.307,109.484,42.420,37.706
61.519,109.327,42.420,37.706
63.568,109.800,42.420,37.706
62.780,109.642,42.420,37.706
61.992,109.484,42.420,37.706
63.095,109.011,42.420,37.706
62.307,110.430,42.420,37.706
61.519,109.957,42.420,37.706
63.568,110.746,42.420,37.706
64.987,109.957,42.420,37.706
62.938,109.169,42.420,37.706
61.519,109.642,42.420,37.706
62.938,109.484,42.420,37.706
62.149,109.642,42.420,37.706
61.676,109.484,42.420,37.706
63.095,109.957,42.420,37.706
61.992,109.800,42.420,37.706
61.834,110.273,42.420,37.706
61.676,109.169,42.420,37.706
63.411,109.642,42.420,37.706
62.938,110.430,42.420,37.706
62.465,110.273,42.420,37.706
63.884,110.746,42.420,37.706
63.411,111.534,42.420,37.706
64.514,111.691,42.420,37.706
64.357,111.534,42.420,37.706
64.199,110.430,42.420,37.706
64.357,109.957,42.420,37.706
65.460,111.061,42.420,37.706
65.303,111.849,42.420,37.706
66.091,112.322,42.420,37.706
65.618,111.534,42.420,37.706
68.350,113.000,41.515,36.902
66.652,112.537,41.515,36.902
67.732,113.925,41.515,36.902
67.269,113.154,41.515,36.902
67.115,113.617,41.515,36.902
69.430,112.228,41.515,36.902
68.350,113.308,41.515,36.902
67.887,112.845,41.515,36.902
67.732,112.691,41.515,36.902
67.578,113.154,41.515,36.902
67.424,113.617,41.515,36.902
66.652,113.463,41.515,36.902
66.498,113.925,41.515,36.902
69.121,113.463,41.515,36.902
45.514,108.988,41.515,36.902
43.508,107.599,41.515,36.902
44.694,108.141,40.630,36.115
44.241,107.084,40.630,36.115
43.184,107.839,40.630,36.115
44.543,107.688,40.630,36.115
43.486,108.141,40.630,36.115
43.939,107.688,40.630,36.115
43.788,107.235,40.630,36.115
43.939,107.688,40.630,36.115
44.392,107.235,40.630,36.115
43.335,107.386,40.630,36.115
43.486,107.839,40.630,36.115
44.356,107.788,39.763,35.345
44.208,107.640,39.763,35.345
44.947,106.901,39.763,35.345
45.686,107.049,39.763,35.345
45.834,107.197,39.763,35.345
45.981,108.231,39.763,35.345
44.651,108.379,39.763,35.345
45.390,107.936,39.763,35.345
44.947,108.970,39.763,35.345
46.277,109.118,39.763,35.345
44.947,109.266,39.763,35.345
46.277,109.709,39.763,35.345
44.947,108.970,39.763,35.345
46.277,108.527,39.763,35.345
45.242,108.379,39.763,35.345
46.379,106.334,38.915,34.591
46.654,105.727,38.085,33.854
47.470,107.043,37.273,33.132
46.500,107.736,37.273,33.132
47.470,107.874,37.273,33.132
47.054,107.182,37.273,33.132
48.024,108.152,37.273,33.132
47.219,107.570,36.478,32.425
48.784,108.831,35.700,31.734
48.270,108.529,34.939,31.057
48.919,108.919,34.939,31.057
49.667,108.875,34.194,30.395
48.778,107.985,34.194,30.395
49.755,107.697,33.465,29.747
49.752,107.894,32.751,29.112
49.874,109.476,32.751,29.112
50.239,109.598,32.751,29.112
49.297,110.026,32.053,28.491
49.984,109.985,31.369,27.884
50.880,110.844,30.700,27.289
50.657,112.125,30.046,26.707
49.794,111.657,29.405,26.138
48.592,112.422,29.405,26.138
49.357,111.438,29.405,26.138
48.810,111.329,29.405,26.138
49.138,111.438,29.405,26.138
49.903,111.547,29.405,26.138
49.269,112.142,28.778,25.580
48.520,112.677,28.778,25.580
48.724,112.434,28.164,25.035
48.410,112.957,28.164,25.035
48.004,112.316,27.563,24.501
47.287,112.009,27.563,24.501
47.799,112.931,27.563,24.501
47.082,112.624,27.563,24.501
47.594,112.316,27.563,24.501
48.311,111.394,27.563,24.501
47.389,111.907,27.563,24.501
75.462,120.457,28.173,25.043
77.033,121.190,28.173,25.043
76.829,120.751,27.572,24.509
77.341,120.853,27.572,24.509
77.993,120.901,28.183,25.051
77.587,122.077,27.582,24.517
78.968,121.449,26.993,23.994
80.071,121.549,26.993,23.994
79.169,119.844,26.993,23.994
79.871,119.543,26.993,23.994
80.974,119.643,26.993,23.994
81.476,119.342,26.993,23.994
80.974,120.446,26.993,23.994
82.029,120.493,27.591,24.525
53.317,113.731,28.201,25.068
50.068,112.159,28.201,25.068
49.056,112.325,27.600,24.533
50.184,113.659,27.600,24.533
50.697,113.967,27.600,24.533
50.594,112.838,27.600,24.533
49.876,111.915,27.600,24.533
50.594,111.402,27.600,24.533
50.287,112.941,27.600,24.533
50.799,113.044,27.600,24.533
51.107,113.146,27.600,24.533
51.415,112.633,27.600,24.533
50.081,112.736,27.600,24.533
51.210,111.813,27.600,24.533
50.697,112.325,27.600,24.533
51.620,113.044,27.600,24.533
51.928,112.736,27.600,24.533
52.851,112.633,27.600,24.533
51.312,113.146,27.600,24.533
51.415,111.607,27.600,24.533
50.697,112.941,27.600,24.533
51.210,114.274,27.600,24.533
51.517,115.198,27.600,24.533
51.005,114.480,27.600,24.533
51.723,114.787,27.600,24.533
50.594,113.454,27.600,24.533
50.902,113.556,27.600,24.533
51.005,112.223,27.600,24.533
50.902,110.684,27.600,24.533
49.774,109.966,27.600,24.533
50.081,108.427,27.600,24.533
50.184,109.146,27.600,24.533
50.287,108.017,27.600,24.533
48.338,108.735,27.600,24.533
48.850,107.607,27.600,24.533
48.953,108.940,27.600,24.533
48.030,107.607,27.600,24.533
48.543,107.915,27.600,24.533
47.414,108.427,27.600,24.533
47.517,108.120,27.600,24.533
47.619,108.838,27.600,24.533
47.517,107.504,27.600,24.533
46.799,108.838,27.600,24.533
47.517,108.530,27.600,24.533
46.799,109.043,27.600,24.533
47.312,108.120,27.600,24.533
46.183,108.222,27.600,24.533
47.107,108.735,27.600,24.533
47.414,107.812,27.600,24.533
46.286,107.504,27.600,24.533
46.389,108.838,27.600,24.533
46.696,107.094,27.600,24.533
46.799,108.427,27.600,24.533
46.901,107.915,27.600,24.533
47.209,108.017,27.600,24.533
45.876,108.735,27.600,24.533
46.594,109.043,27.600,24.533
46.491,108.940,27.600,24.533
46.183,108.222,27.600,24.533
46.696,108.120,27.600,24.533
45.978,109.043,27.600,24.533
46.491,108.325,27.600,24.533
45.568,109.248,27.600,24.533
45.876,108.735,27.600,24.533
46.183,107.607,27.600,24.533
46.491,108.530,27.600,24.533
45.158,108.427,27.600,24.533
46.081,107.709,27.600,24.533
45.363,108.633,27.600,24.533
44.645,108.530,27.600,24.533
44.747,108.838,27.600,24.533
44.645,107.504,27.600,24.533
43.721,106.786,27.600,24.533
43.824,107.094,27.600,24.533
43.721,107.197,27.600,24.533
44.029,107.709,27.600,24.533
44.337,107.197,27.600,24.533
42.593,106.684,27.600,24.533
43.106,107.607,27.600,24.533
43.209,108.530,27.600,24.533
42.080,107.812,27.600,24.533
42.798,107.504,27.600,24.533
42.080,108.633,27.600,24.533
42.388,108.325,27.600,24.533
41.260,108.222,27.600,24.533
41.157,108.120,27.600,24.533
41.465,108.428,27.600,24.533
40.336,108.940,27.600,24.533
40.029,108.633,27.600,24.533
40.747,109.146,27.600,24.533
40.234,108.428,27.600,24.533
39.105,109.146,27.600,24.533
40.234,109.248,27.600,24.533
39.105,109.966,27.600,24.533
39.823,109.453,27.600,24.533
39.516,109.966,27.600,24.533
38.798,109.658,27.600,24.533
39.516,110.582,27.600,24.533
39.413,110.069,27.600,24.533
38.900,110.992,27.600,24.533
39.413,110.479,27.600,24.533
38.900,111.402,27.600,24.533
39.413,110.889,27.600,24.533
38.695,110.376,27.600,24.533
39.003,110.479,27.600,24.533
39.311,110.171,27.600,24.533
38.387,110.684,27.600,24.533
38.490,111.197,27.600,24.533
38.182,110.274,27.600,24.533
38.900,110.992,27.600,24.533
38.387,111.505,27.600,24.533
37.874,112.223,27.600,24.533
38.387,110.479,27.600,24.533
37.669,110.992,27.600,24.533
38.387,110.684,27.600,24.533
37.874,111.813,27.600,24.533
38.798,110.889,27.600,24.533
38.695,111.402,27.600,24.533
38.387,111.505,27.600,24.533
37.874,110.992,27.600,24.533
38.663,110.561,27.011,24.010
39.165,110.863,27.011,24.010
38.663,111.766,27.011,24.010
38.661,113.474,26.435,23.498
39.545,113.179,26.435,23.498
39.643,112.688,26.435,23.498
39.742,112.393,26.435,23.498
40.686,111.791,25.871,22.997
39.629,113.810,25.871,22.997
40.924,113.221,25.320,22.506
40.453,114.257,25.320,22.506
41.112,112.657,25.320,22.506
40.830,113.127,25.320,22.506
41.735,114.184,24.780,22.026
42.195,115.197,24.780,22.026
41.919,116.026,24.780,22.026
42.379,115.565,24.780,22.026
42.472,115.289,24.780,22.026
42.379,116.302,24.780,22.026
42.656,117.131,24.780,22.026
42.299,116.389,24.251,21.557
43.470,117.561,24.251,21.557
42.659,117.290,24.251,21.557
44.047,116.391,23.734,21.097
44.725,117.381,23.228,20.647
44.723,117.185,22.733,20.207
45.315,118.284,22.733,20.207
46.127,117.929,22.248,19.776
46.375,118.673,22.248,19.776
47.119,117.598,22.248,19.776
47.202,118.342,22.248,19.776
47.946,118.260,22.248,19.776
47.367,118.839,22.248,19.776
48.442,118.425,22.248,19.776
47.533,119.500,22.248,19.776
48.647,118.834,21.773,19.354
49.051,120.048,21.773,19.354
49.618,120.615,21.773,19.354
48.890,119.886,21.773,19.354
49.456,120.938,21.773,19.354
50.234,120.599,21.309,18.941
49.774,120.572,20.855,18.537
50.819,121.143,20.410,18.142
50.288,121.067,20.410,18.142
51.274,121.901,20.410,18.142
51.350,122.584,20.410,18.142
51.360,121.675,20.861,18.544
51.853,121.229,21.323,18.954
51.932,120.515,21.323,18.954
52.487,121.229,21.323,18.954
52.408,122.734,21.323,18.954
52.804,122.655,21.323,18.954
54.151,124.478,21.323,18.954
55.219,125.367,20.868,18.550
56.712,125.939,20.423,18.154
57.699,125.863,20.423,18.154
73.260,125.635,20.423,18.154
73.791,126.015,20.423,18.154
73.260,125.180,20.423,18.154
73.943,125.559,20.423,18.154
74.171,125.332,20.423,18.154
74.247,124.345,20.423,18.154
75.082,125.484,20.423,18.154
74.550,126.319,20.423,18.154
75.689,126.394,20.423,18.154
76.220,125.408,20.423,18.154
75.537,125.635,20.423,18.154
76.220,125.408,20.423,18.154
76.600,125.787,20.423,18.154
77.131,126.015,20.423,18.154
77.207,125.787,20.423,18.154
77.435,126.622,20.423,18.154
78.422,126.850,20.423,18.154
78.801,126.470,20.423,18.154
78.725,127.002,20.423,18.154
79.560,126.470,20.423,18.154
80.395,126.243,20.423,18.154
80.775,124.952,20.423,18.154
81.610,123.814,20.423,18.154
81.837,124.345,20.423,18.154
81.458,124.876,20.423,18.154
82.445,126.319,20.423,18.154
83.280,125.484,20.423,18.154
83.355,124.497,20.423,18.154
84.039,124.269,20.423,18.154
83.811,124.800,20.423,18.154
84.646,126.698,20.423,18.154
85.936,127.078,20.423,18.154
85.253,126.850,20.423,18.154
86.392,127.685,20.423,18.154
87.075,127.457,20.423,18.154
87.454,127.837,20.423,18.154
88.289,127.457,20.423,18.154
88.669,126.774,20.423,18.154
90.111,125.484,20.423,18.154
89.580,125.256,20.423,18.154
90.567,124.269,20.423,18.154
90.794,124.497,20.423,18.154
90.111,125.028,20.423,18.154
91.250,124.952,20.423,18.154
92.237,125.332,20.423,18.154
92.464,126.015,20.423,18.154
93.451,126.243,20.423,18.154
94.438,126.926,20.423,18.154
94.666,127.002,20.423,18.154
95.349,126.926,20.423,18.154
95.728,126.091,20.423,18.154
96.715,125.408,20.423,18.154
97.246,125.180,20.423,18.154
98.081,124.800,20.423,18.154
98.309,125.484,20.423,18.154
99.144,125.863,20.423,18.154
99.827,126.394,20.423,18.154
100.055,126.622,20.423,18.154
101.042,126.546,20.423,18.154
101.725,126.167,20.423,18.154
102.863,126.394,20.423,18.154
103.395,126.167,20.423,18.154
104.382,125.332,20.423,18.154
105.065,124.193,20.423,18.154
105.444,122.751,20.423,18.154
106.279,123.130,20.423,18.154
106.811,123.358,20.423,18.154
106.583,123.738,20.423,18.154
107.873,124.876,20.423,18.154
107.797,125.559,20.423,18.154
108.632,125.939,20.423,18.154
109.923,125.408,20.423,18.154
110.302,126.546,20.423,18.154
110.985,126.926,20.423,18.154
111.365,125.635,20.423,18.154
111.896,126.622,20.423,18.154
111.365,126.394,20.423,18.154
112.504,125.711,20.423,18.154
113.339,127.153,20.423,18.154
112.959,127.837,20.423,18.154
112.731,128.368,20.423,18.154
113.870,127.229,20.423,18.154
113.642,126.850,20.423,18.154
114.174,127.837,20.423,18.154
113.490,128.823,20.423,18.154
114.325,128.140,20.423,18.154
113.794,126.394,20.423,18.154
113.263,125.104,20.423,18.154
114.098,124.573,20.423,18.154
113.870,125.104,20.423,18.154
113.339,124.421,20.423,18.154
114.022,124.041,20.423,18.154
113.187,123.055,20.423,18.154
113.566,124.041,20.423,18.154
113.946,124.421,20.423,18.154
112.655,125.256,20.423,18.154
113.187,125.787,20.423,18.154
112.504,126.774,20.423,18.154
113.035,126.091,20.423,18.154
113.870,127.229,20.423,18.154
112.428,132.922,20.423,18.154
112.352,131.480,20.423,18.154
112.124,131.252,20.423,18.154
111.441,129.507,20.423,18.154
111.213,125.180,20.423,18.154
110.530,123.282,20.423,18.154
110.910,124.724,20.423,18.154
109.771,126.015,20.423,18.154
110.606,124.421,20.423,18.154
110.075,124.800,20.423,18.154
109.543,125.028,20.423,18.154
110.226,123.282,20.423,18.154
109.543,122.447,20.423,18.154
109.923,123.434,20.423,18.154
109.240,123.510,20.423,18.154
108.860,122.979,20.423,18.154
108.936,122.599,20.423,18.154
108.708,123.130,20.423,18.154
109.391,122.751,20.423,18.154
108.860,123.434,20.423,18.154
108.177,122.599,20.423,18.154
108.405,122.827,20.423,18.154
108.632,124.573,20.423,18.154
108.860,124.649,20.423,18.154
107.721,124.421,20.423,18.154
108.047,123.669,20.875,18.556
107.659,122.970,20.875,18.556
107.426,123.048,20.875,18.556
107.969,123.746,20.875,18.556
107.818,124.318,20.430,18.160
106.983,124.242,20.430,18.160
107.210,124.622,20.430,18.160
107.693,125.130,20.882,18.562
107.243,125.851,20.437,18.166
107.015,125.624,20.437,18.166
106.331,125.092,20.437,18.166
107.015,123.953,20.437,18.166
106.939,124.332,20.437,18.166
107.015,125.168,20.437,18.166
107.091,125.244,20.437,18.166
106.711,125.168,20.437,18.166
107.547,125.396,20.437,18.166
108.078,125.624,20.437,18.166
107.243,125.852,20.437,18.166
107.926,126.231,20.437,18.166
107.850,124.940,20.437,18.166
107.319,125.168,20.437,18.166
107.850,124.484,20.437,18.166
107.471,124.408,20.437,18.166
108.154,123.877,20.437,18.166
107.926,124.712,20.437,18.166
107.547,124.484,20.437,18.166
108.382,124.560,20.437,18.166
108.610,124.180,20.437,18.166
108.990,124.712,20.437,18.166
108.306,125.244,20.437,18.166
108.686,125.016,20.437,18.166
109.521,124.636,20.437,18.166
109.294,125.320,20.437,18.166
109.521,124.636,20.437,18.166
109.749,124.712,20.437,18.166
110.129,123.877,20.437,18.166
109.446,123.345,20.437,18.166
110.281,123.421,20.437,18.166
110.509,123.193,20.437,18.166
110.889,123.725,20.437,18.166
110.205,125.016,20.437,18.166
111.041,124.332,20.437,18.166
111.572,124.712,20.437,18.166
112.104,124.788,20.437,18.166
112.028,124.560,20.437,18.166
112.256,124.940,20.437,18.166
112.332,123.801,20.437,18.166
112.712,124.484,20.437,18.166
113.243,123.801,20.437,18.166
112.408,123.573,20.437,18.166
113.243,123.649,20.437,18.166
113.167,123.269,20.437,18.166
112.940,123.345,20.437,18.166
113.167,123.877,20.437,18.166
113.547,124.560,20.437,18.166
113.927,123.725,20.437,18.166
112.940,124.560,20.437,18.166
113.167,125.092,20.437,18.166
113.699,125.168,20.437,18.166
114.231,125.396,20.437,18.166
113.699,124.864,20.437,18.166
113.927,124.484,20.437,18.166
113.547,124.712,20.437,18.166
114.231,124.940,20.437,18.166
113.851,124.864,20.437,18.166
113.927,125.700,20.437,18.166
114.003,125.320,20.437,18.166
114.231,124.484,20.437,18.166
114.762,123.953,20.437,18.166
115.294,123.421,20.437,18.166
114.762,123.953,20.437,18.166
115.598,124.029,20.437,18.166
115.674,124.256,20.437,18.166
115.902,124.788,20.437,18.166
115.066,125.472,20.437,18.166
115.446,126.155,20.437,18.166
115.978,125.624,20.437,18.166
115.446,125.700,20.437,18.166
116.130,125.776,20.437,18.166
116.358,126.155,20.437,18.166
116.434,126.231,20.437,18.166
116.813,126.003,20.437,18.166
116.282,125.320,20.437,18.166
116.813,125.700,20.437,18.166
117.193,126.383,20.437,18.166
117.269,126.155,20.437,18.166
117.649,126.839,20.437,18.166
117.725,127.219,20.437,18.166
118.256,126.079,20.437,18.166
117.573,125.396,20.437,18.166
117.497,124.712,20.437,18.166
117.725,125.852,20.437,18.166
117.953,126.687,20.437,18.166
117.117,126.611,20.437,18.166
117.497,125.776,20.437,18.166
117.421,126.003,20.437,18.166
117.497,125.168,20.437,18.166
117.117,125.700,20.437,18.166
116.737,125.624,20.437,18.166
117.269,126.003,20.437,18.166
116.889,125.320,20.437,18.166
115.902,125.548,20.437,18.166
115.978,125.776,20.437,18.166
115.446,125.700,20.437,18.166
115.978,125.472,20.437,18.166
115.598,125.396,20.437,18.166
116.282,124.864,20.437,18.166
115.294,124.484,20.437,18.166
115.522,125.320,20.437,18.166
115.446,125.700,20.437,18.166
115.522,126.383,20.437,18.166
115.446,124.788,20.437,18.166
115.218,125.472,20.437,18.166
114.990,125.092,20.437,18.166
114.762,125.320,20.437,18.166
115.446,124.788,20.437,18.166
114.914,125.016,20.437,18.166
114.231,124.029,20.437,18.166
114.914,124.256,20.437,18.166
114.383,124.788,20.437,18.166
114.611,125.016,20.437,18.166
114.687,125.548,20.437,18.166
114.762,125.624,20.437,18.166
114.687,125.244,20.437,18.166
114.307,124.105,20.437,18.166
114.383,124.181,20.437,18.166
114.003,125.168,20.437,18.166
113.623,124.940,20.437,18.166
114.459,124.105,20.437,18.166
113.927,124.332,20.437,18.166
113.547,124.864,20.437,18.166
114.383,125.700,20.437,18.166
113.851,125.472,20.437,18.166
113.471,124.484,20.437,18.166
114.155,124.864,20.437,18.166
113.775,125.244,20.437,18.166
114.762,125.320,20.437,18.166
114.383,125.244,20.437,18.166
113.699,126.079,20.437,18.166
114.383,126.763,20.437,18.166
113.699,127.599,20.437,18.166
114.383,127.826,20.437,18.166
113.851,128.510,20.437,18.166
113.319,128.130,20.437,18.166
114.003,126.839,20.437,18.166
113.319,127.371,20.437,18.166
114.003,126.687,20.437,18.166
113.319,127.675,20.437,18.166
113.547,128.814,20.437,18.166
113.623,129.194,20.437,18.166
113.547,128.358,20.437,18.166
113.319,128.890,20.437,18.166
113.243,129.118,20.437,18.166
113.015,127.978,20.437,18.166
112.788,126.991,20.437,18.166
112.256,127.067,20.437,18.166
112.940,126.687,20.437,18.166
112.256,127.219,20.437,18.166
112.788,127.447,20.437,18.166
112.104,127.371,20.437,18.166
112.484,128.206,20.437,18.166
112.408,127.826,20.437,18.166
112.484,128.054,20.437,18.166
112.104,126.915,20.437,18.166
111.724,128.662,20.437,18.166
112.104,128.890,20.437,18.166
111.420,129.422,20.437,18.166
111.800,128.282,20.437,18.166
110.965,127.599,20.437,18.166
111.496,128.434,20.437,18.166
111.724,128.510,20.437,18.166
111.648,128.738,20.437,18.166
111.724,128.814,20.437,18.166
111.800,128.586,20.437,18.166
110.813,127.447,20.437,18.166
110.585,127.675,20.437,18.166
111.268,128.054,20.437,18.166
110.585,128.130,20.437,18.166
111.117,128.206,20.437,18.166
110.281,127.675,20.437,18.166
110.661,128.358,20.437,18.166
110.889,127.675,20.437,18.166
109.749,128.510,20.437,18.166
110.281,127.675,20.437,18.166
109.597,127.751,20.437,18.166
109.977,127.219,20.437,18.166
109.142,126.991,20.437,18.166
109.521,126.155,20.437,18.166
109.901,126.839,20.437,18.166
108.762,127.523,20.437,18.166
109.901,127.295,20.437,18.166
108.610,127.675,20.437,18.166
109.294,126.839,20.437,18.166
108.458,127.523,20.437,18.166
108.838,128.054,20.437,18.166
107.850,127.523,20.437,18.166
107.774,126.839,20.437,18.166
108.610,127.523,20.437,18.166
107.926,127.902,20.437,18.166
107.243,129.042,20.437,18.166
107.623,127.599,20.437,18.166
107.850,128.282,20.437,18.166
106.711,127.295,20.437,18.166
107.699,127.826,20.437,18.166
107.471,128.814,20.437,18.166
107.699,129.042,20.437,18.166
107.926,128.814,20.437,18.166
106.787,129.497,20.437,18.166
106.863,129.270,20.437,18.166
107.091,128.434,20.437,18.166
107.774,129.270,20.437,18.166
108.610,128.890,20.437,18.166
109.142,129.725,20.437,18.166
108.306,128.130,20.437,18.166
108.990,126.991,20.437,18.166
109.218,127.219,20.437,18.166
109.901,128.510,20.437,18.166
109.673,129.042,20.437,18.166
110.661,128.662,20.437,18.166
111.193,129.801,20.437,18.166
110.661,129.270,20.437,18.166
111.496,128.890,20.437,18.166
112.180,129.422,20.437,18.166
112.104,129.042,20.437,18.166
112.484,128.054,20.437,18.166
113.319,127.978,20.437,18.166
112.940,127.599,20.437,18.166
113.623,128.586,20.437,18.166
114.459,129.118,20.437,18.166
114.838,128.586,20.437,18.166
114.611,128.358,20.437,18.166
115.598,128.282,20.437,18.166
116.434,128.814,20.437,18.166
116.965,129.498,20.437,18.166
116.889,128.966,20.437,18.166
117.117,127.675,20.437,18.166
117.801,129.118,20.437,18.166
118.181,128.130,20.437,18.166
118.712,128.662,20.437,18.166
119.396,129.042,20.437,18.166
119.776,128.966,20.437,18.166
120.307,128.282,20.437,18.166
120.231,128.662,20.437,18.166
120.459,127.826,20.437,18.166
121.143,128.358,20.437,18.166
120.611,128.586,20.437,18.166
121.447,128.814,20.437,18.166
121.826,128.434,20.437,18.166
121.295,127.902,20.437,18.166
122.434,129.346,20.437,18.166
123.118,128.966,20.437,18.166
122.890,128.282,20.437,18.166
122.662,128.206,20.437,18.166
123.649,128.586,20.437,18.166
124.333,128.510,20.437,18.166
124.713,128.434,20.437,18.166
125.093,128.358,20.437,18.166
125.418,128.866,20.889,18.568
125.962,128.789,20.889,18.568
125.263,128.711,20.889,18.568
125.962,129.410,20.889,18.568
126.039,130.109,20.889,18.568
126.583,131.118,20.889,18.568
127.030,132.289,20.443,18.172
127.410,131.909,20.443,18.172
126.726,131.073,20.443,18.172
127.410,131.757,20.443,18.172
127.486,131.073,20.443,18.172
127.866,131.149,20.443,18.172
128.549,130.313,20.443,18.172
128.625,130.541,20.443,18.172
128.398,130.009,20.443,18.172
128.982,129.397,20.007,17.784
129.353,129.174,20.007,17.784
129.577,128.356,20.007,17.784
128.610,128.431,20.007,17.784
128.982,128.505,20.007,17.784
128.610,128.282,20.007,17.784
129.428,129.249,20.007,17.784
129.139,128.650,19.581,17.405
128.630,129.014,19.581,17.405
129.722,128.650,19.581,17.405
129.580,129.607,19.163,17.034
129.294,129.788,19.587,17.411
128.548,131.031,20.021,17.796
128.772,131.105,20.021,17.796
128.102,131.179,20.021,17.796
126.522,130.437,19.594,17.417
126.887,130.510,19.594,17.417
124.920,130.437,19.594,17.417
125.867,129.781,19.594,17.417
124.483,129.709,19.594,17.417
124.993,130.364,19.594,17.417
123.901,129.563,19.594,17.417
124.265,130.510,19.594,17.417
123.755,130.291,19.594,17.417
123.828,130.947,19.594,17.417
123.901,130.437,19.594,17.417
123.682,130.801,19.594,17.417
124.338,128.835,19.594,17.417
123.974,128.034,19.594,17.417
124.338,128.689,19.594,17.417
124.556,128.907,19.594,17.417
124.920,128.106,19.594,17.417
124.119,128.179,19.594,17.417
124.775,128.252,19.594,17.417
124.265,128.908,19.594,17.417
125.066,128.398,19.594,17.417
125.576,128.471,19.594,17.417
126.086,128.835,19.594,17.417
125.721,128.034,19.594,17.417
126.377,128.835,19.594,17.417
126.887,128.034,19.594,17.417
126.377,128.106,19.594,17.417
127.178,128.179,19.594,17.417
127.833,129.417,19.594,17.417
127.324,130.947,19.594,17.417
128.416,131.893,19.594,17.417
128.634,131.675,19.594,17.417
129.581,130.874,19.594,17.417
130.091,129.927,19.594,17.417
129.435,128.689,19.594,17.417
130.237,127.888,19.594,17.417
130.309,126.359,19.594,17.417
130.382,125.558,19.594,17.417
130.601,126.650,19.594,17.417
131.256,127.014,19.594,17.417
130.746,126.067,19.594,17.417
130.965,126.577,19.594,17.417
131.911,127.378,19.594,17.417
132.713,127.597,19.594,17.417
131.475,127.961,19.594,17.417
130.673,127.597,19.594,17.417
131.620,128.106,19.594,17.417
131.839,127.305,19.594,17.417
130.746,128.106,19.594,17.417
131.110,128.471,19.594,17.417
131.329,129.563,19.594,17.417
130.673,129.199,19.594,17.417
131.329,128.252,19.594,17.417
131.110,127.888,19.594,17.417
131.329,127.087,19.594,17.417
130.528,127.742,19.594,17.417
131.183,127.961,19.594,17.417
130.237,126.286,19.594,17.417
130.309,126.650,19.594,17.417
129.654,127.451,19.594,17.417
130.018,126.941,19.594,17.417
128.926,125.558,19.594,17.417
128.125,125.776,19.594,17.417
128.489,125.995,19.594,17.417
127.833,125.339,19.594,17.417
126.595,126.723,19.594,17.417
127.105,127.524,19.594,17.417
126.158,127.597,19.594,17.417
126.377,129.126,19.594,17.417
125.722,129.781,19.594,17.417
124.484,130.874,19.594,17.417
125.139,129.490,19.594,17.417
124.338,129.126,19.594,17.417
124.702,128.762,19.594,17.417
124.775,129.854,19.594,17.417
123.537,129.053,19.594,17.417
124.047,127.815,19.594,17.417
122.954,127.305,19.594,17.417
123.173,128.689,19.594,17.417
122.954,129.490,19.594,17.417
122.299,128.835,19.594,17.417
123.100,128.616,19.594,17.417
123.027,130.582,19.594,17.417
122.226,131.384,19.594,17.417
122.736,130.874,19.594,17.417
122.080,131.675,19.594,17.417
122.445,132.039,19.594,17.417
122.954,130.655,19.594,17.417
122.008,131.311,19.594,17.417
122.226,130.364,19.594,17.417
122.153,128.835,19.594,17.417
122.372,128.471,19.594,17.417
122.299,129.709,19.594,17.417
122.372,131.238,19.594,17.417
122.445,130.874,19.594,17.417
122.663,131.529,19.594,17.417
122.881,131.893,19.594,17.417
121.935,131.675,19.594,17.417
122.445,132.476,19.594,17.417
122.809,131.675,19.594,17.417
122.299,131.748,19.594,17.417
122.809,131.820,19.594,17.417
122.008,130.728,19.594,17.417
122.372,131.675,19.594,17.417
122.736,131.311,19.594,17.417
122.080,132.112,19.594,17.417
122.590,132.039,19.594,17.417
123.100,131.238,19.594,17.417
122.299,130.582,19.594,17.417
122.663,131.238,19.594,17.417
123.173,131.748,19.594,17.417
122.080,133.277,19.594,17.417
122.445,133.058,19.594,17.417
122.663,132.112,19.594,17.417
122.882,132.039,19.594,17.417
121.789,131.820,19.594,17.417
122.153,132.330,19.594,17.417
122.372,132.694,19.594,17.417
122.008,133.204,19.594,17.417
121.935,131.966,19.594,17.417
121.279,131.019,19.594,17.417
121.935,130.218,19.594,17.417
121.571,130.728,19.594,17.417
122.226,131.529,19.594,17.417
120.876,130.657,20.027,17.802
121.546,130.582,20.027,17.802
120.578,131.401,20.027,17.802
120.802,130.731,20.027,17.802
121.174,130.508,20.027,17.802
120.951,131.624,20.027,17.802
120.429,130.508,20.027,17.802
121.099,131.624,20.027,17.802
120.281,130.657,20.027,17.802
121.099,130.731,20.027,17.802
120.132,130.657,20.027,17.802
120.206,130.731,20.027,17.802
119.834,130.508,20.027,17.802
119.313,131.624,20.027,17.802
119.834,130.359,20.027,17.802
118.866,131.029,20.027,17.802
119.239,131.252,20.027,17.802
119.164,131.773,20.027,17.802
118.345,130.954,20.027,17.802
118.717,130.731,20.027,17.802
117.750,129.912,20.027,17.802
117.973,130.284,20.027,17.802
118.196,130.805,20.027,17.802
117.824,130.284,20.027,17.802
117.899,130.657,20.027,17.802
117.675,129.987,20.027,17.802
117.750,129.912,20.027,17.802
117.824,129.391,20.027,17.802
117.899,129.912,20.027,17.802
117.675,129.689,20.027,17.802
118.048,130.061,20.027,17.802
118.420,129.987,20.027,17.802
118.792,130.210,20.027,17.802
117.973,130.880,20.027,17.802
118.643,131.550,20.027,17.802
117.973,132.220,20.027,17.802
118.792,130.954,20.027,17.802
118.717,129.987,20.027,17.802
118.941,129.763,20.027,17.802
119.313,129.540,20.027,17.802
119.983,130.805,20.027,17.802
119.760,130.284,20.027,17.802
119.983,130.657,20.027,17.802
120.355,130.433,20.027,17.802
121.025,131.103,20.027,17.802
120.504,130.582,20.027,17.802
120.727,131.103,20.027,17.802
121.248,130.136,20.027,17.802
121.918,129.168,20.027,17.802
121.546,128.796,20.027,17.802
121.918,128.126,20.027,17.802
122.290,129.391,20.027,17.802
123.109,129.763,20.027,17.802
122.886,128.200,20.027,17.802
123.407,127.530,20.027,17.802
124.523,128.200,20.027,17.802
123.705,128.424,20.027,17.802
124.523,128.945,20.027,17.802
124.896,128.572,20.027,17.802
125.417,129.094,20.027,17.802
126.384,128.870,20.027,17.802
126.756,128.200,20.027,17.802
126.086,128.870,20.027,17.802
126.905,129.242,20.027,17.802
127.277,129.019,20.027,17.802
127.947,128.498,20.027,17.802
127.873,129.019,20.027,17.802
127.352,127.903,20.027,17.802
128.319,128.721,20.027,17.802
128.841,129.094,20.027,17.802
129.213,129.317,20.027,17.802
129.287,129.540,20.027,17.802
129.510,130.061,20.027,17.802
128.989,130.433,20.027,17.802
129.510,131.103,20.027,17.802
128.692,130.880,20.027,17.802
129.362,130.359,20.027,17.802
130.180,131.327,20.027,17.802
129.318,130.584,19.600,17.422
130.119,131.531,19.600,17.422
129.755,131.749,19.600,17.422
129.099,131.385,19.600,17.422
130.046,131.021,19.600,17.422
130.119,130.802,19.600,17.422
129.609,130.292,19.600,17.422
130.410,131.676,19.600,17.422
129.901,132.623,19.600,17.422
129.245,131.968,19.600,17.422
129.901,131.166,19.600,17.422
129.536,130.948,19.600,17.422
130.338,130.438,19.600,17.422
129.536,130.365,19.600,17.422
129.901,131.312,19.600,17.422
129.245,130.657,19.600,17.422
129.901,131.749,19.600,17.422
128.953,131.531,19.600,17.422
129.172,130.729,19.600,17.422
129.391,130.657,19.600,17.422
129.318,130.438,19.600,17.422
129.682,130.948,19.600,17.422
129.172,130.147,19.600,17.422
128.516,130.802,19.600,17.422
128.735,130.438,19.600,17.422
127.934,131.676,19.600,17.422
127.569,130.875,19.600,17.422
128.225,129.345,19.600,17.422
127.715,128.981,19.600,17.422
127.059,128.763,19.600,17.422
127.715,129.710,19.600,17.422
126.768,129.491,19.600,17.422
126.841,128.981,19.600,17.422
127.059,128.034,19.600,17.422
126.841,128.690,19.600,17.422
126.185,128.180,19.600,17.422
126.695,127.670,19.600,17.422
127.059,128.617,19.600,17.422
126.112,128.107,19.600,17.422
125.894,127.306,19.600,17.422
125.384,127.816,19.600,17.422
126.185,127.597,19.600,17.422
125.530,128.107,19.600,17.422
125.748,127.597,19.600,17.422
124.656,127.233,19.600,17.422
125.311,126.723,19.600,17.422
124.801,127.233,19.600,17.422
124.146,126.286,19.600,17.422
124.801,125.922,19.600,17.422
124.000,125.266,19.600,17.422
124.510,125.193,19.600,17.422
125.311,125.120,19.600,17.422
124.364,124.756,19.600,17.422
124.146,125.703,19.600,17.422
123.927,125.339,19.600,17.422
123.563,124.537,19.600,17.422
124.073,125.193,19.600,17.422
123.271,124.537,19.600,17.422
123.927,125.484,19.600,17.422
122.980,126.431,19.600,17.422
123.344,125.630,19.600,17.422
123.709,125.994,19.600,17.422
122.616,124.756,19.600,17.422
123.563,125.703,19.600,17.422
124.073,124.902,19.600,17.422
122.980,123.663,19.600,17.422
122.470,123.590,19.600,17.422
123.271,123.080,19.600,17.422
122.616,122.133,19.600,17.422
123.271,122.643,19.600,17.422
122.470,123.008,19.600,17.422
122.252,122.352,19.600,17.422
122.470,123.008,19.600,17.422
121.669,121.915,19.600,17.422
122.033,122.862,19.600,17.422
120.940,122.498,19.600,17.422
120.722,123.445,19.600,17.422
119.775,122.643,19.600,17.422
119.702,123.445,19.600,17.422
119.483,124.246,19.600,17.422
120.139,124.465,19.600,17.422
119.192,125.557,19.600,17.422
118.973,125.776,19.600,17.422
118.172,126.431,19.600,17.422
118.787,125.710,20.034,17.808
117.521,126.678,20.034,17.808
116.553,127.199,20.034,17.808
116.181,128.614,20.034,17.808
116.851,128.092,20.034,17.808
115.883,128.911,20.034,17.808
115.064,128.539,20.034,17.808
115.585,129.954,20.034,17.808
114.468,130.028,20.034,17.808
115.138,130.401,20.034,17.808
114.170,130.475,20.034,17.808
113.649,130.103,20.034,17.808
112.681,130.624,20.034,17.808
112.160,129.954,20.034,17.808
112.532,129.582,20.034,17.808
111.415,129.805,20.034,17.808
112.085,129.433,20.034,17.808
111.118,129.805,20.034,17.808
110.894,129.135,20.034,17.808
110.373,129.656,20.034,17.808
111.043,128.539,20.034,17.808
110.224,129.209,20.034,17.808
110.447,127.497,20.034,17.808
109.067,126.295,20.477,18.202
109.448,126.676,20.477,18.202
108.610,125.687,20.477,18.202
108.078,125.002,20.477,18.202
108.915,125.230,20.477,18.202
108.078,124.849,20.477,18.202
108.610,125.078,20.477,18.202
107.469,125.002,20.477,18.202
106.936,124.164,20.477,18.202
107.469,124.697,20.477,18.202
106.479,123.556,20.477,18.202
106.708,123.936,20.477,18.202
106.479,124.469,20.477,18.202
106.099,124.393,20.477,18.202
106.632,125.534,20.477,18.202
105.794,124.545,20.477,18.202
106.175,123.708,20.477,18.202
105.947,123.936,20.477,18.202
105.414,124.773,20.477,18.202
105.033,125.002,20.477,18.202
105.262,124.621,20.477,18.202
104.425,123.632,20.477,18.202
104.348,124.469,20.477,18.202
103.816,124.849,20.477,18.202
104.501,124.621,20.477,18.202
103.511,123.632,20.477,18.202
103.892,123.251,20.477,18.202
103.968,123.175,20.477,18.202
103.347,122.263,20.930,18.604
103.891,122.963,20.930,18.604
103.035,122.107,20.930,18.604
103.269,122.808,20.930,18.604
103.035,121.952,20.930,18.604
102.802,122.185,20.930,18.604
102.258,123.041,20.930,18.604
102.958,123.741,20.930,18.604
102.413,123.352,20.930,18.604
103.113,124.363,20.930,18.604
102.258,123.508,20.930,18.604
102.646,124.052,20.930,18.604
101.946,123.819,20.930,18.604
102.802,124.208,20.930,18.604
102.102,123.663,20.930,18.604
102.491,124.830,20.930,18.604
102.724,123.819,20.930,18.604
101.869,124.052,20.930,18.604
102.569,124.908,20.930,18.604
101.869,124.363,20.930,18.604
102.724,125.530,20.930,18.604
102.646,126.230,20.930,18.604
102.880,125.997,20.930,18.604
103.113,126.386,20.930,18.604
102.880,127.708,20.930,18.604
103.580,127.319,20.930,18.604
102.724,127.553,20.930,18.604
103.580,126.853,20.930,18.604
103.035,126.308,20.930,18.604
104.047,127.164,20.930,18.604
103.658,127.242,20.930,18.604
103.424,127.786,20.930,18.604
104.124,127.086,20.930,18.604
103.891,127.942,20.930,18.604
103.813,128.019,20.930,18.604
103.113,127.319,20.930,18.604
103.658,127.708,20.930,18.604
102.958,127.164,20.930,18.604
103.658,128.019,20.930,18.604
102.491,127.164,20.930,18.604
103.347,127.553,20.930,18.604
103.113,128.408,20.930,18.604
102.724,128.175,20.930,18.604
102.646,127.942,20.930,18.604
102.102,127.397,20.930,18.604
102.646,128.253,20.930,18.604
101.791,127.864,20.930,18.604
102.335,127.631,20.930,18.604
102.724,128.642,20.930,18.604
101.869,129.031,20.930,18.604
101.946,128.331,20.930,18.604
102.335,128.720,20.930,18.604
102.724,128.331,20.930,18.604
101.713,129.186,20.930,18.604
101.946,128.486,20.930,18.604
101.557,128.253,20.930,18.604
101.013,127.242,20.930,18.604
101.869,126.853,20.930,18.604
101.168,126.619,20.930,18.604
102.024,127.786,20.930,18.604
101.324,126.930,20.930,18.604
102.024,126.697,20.930,18.604
101.168,128.019,20.930,18.604
101.713,128.097,20.930,18.604
101.168,128.175,20.930,18.604
101.557,127.786,20.930,18.604
100.702,126.930,20.930,18.604
101.557,126.697,20.930,18.604
100.702,126.464,20.930,18.604
100.780,125.452,20.930,18.604
101.013,125.841,20.930,18.604
101.246,125.452,20.930,18.604
101.791,126.464,20.930,18.604
101.091,126.541,20.930,18.604
101.324,125.997,20.930,18.604
101.869,125.141,20.930,18.604
101.324,125.841,20.930,18.604
101.869,125.764,20.930,18.604
101.013,124.752,20.930,18.604
101.713,124.208,20.930,18.604
101.013,124.908,20.930,18.604
101.557,124.208,20.930,18.604
101.013,126.153,20.930,18.604
102.811,127.776,20.484,18.208
101.516,126.481,20.484,18.208
101.592,125.948,20.484,18.208
102.618,126.216,20.047,17.819
101.798,127.035,20.047,17.819
102.171,126.365,20.047,17.819
101.595,126.196,19.619,17.439
102.543,126.560,19.619,17.439
102.616,126.196,19.619,17.439
102.834,125.685,19.619,17.439
101.595,125.758,19.619,17.439
102.105,126.415,19.619,17.439
101.449,126.196,19.619,17.439
101.959,125.685,19.619,17.439
101.157,125.029,19.619,17.439
100.647,124.810,19.619,17.439
101.303,125.321,19.619,17.439
100.501,126.123,19.619,17.439
100.866,125.467,19.619,17.439
99.334,125.831,19.619,17.439
99.699,125.175,19.619,17.439
98.751,125.685,19.619,17.439
98.386,126.342,19.619,17.439
98.897,125.102,19.619,17.439
97.803,125.321,19.619,17.439
97.438,125.248,19.619,17.439
97.949,124.883,19.619,17.439
97.001,124.081,19.619,17.439
96.345,125.029,19.619,17.439
96.709,124.665,19.619,17.439
95.470,125.467,19.619,17.439
96.126,125.831,19.619,17.439
95.032,125.613,19.619,17.439
94.813,126.852,19.619,17.439
94.157,126.196,19.619,17.439
94.522,125.685,19.619,17.439
94.740,125.904,19.619,17.439
93.355,125.831,19.619,17.439
93.865,125.613,19.619,17.439
92.918,126.706,19.619,17.439
92.115,126.196,19.619,17.439
92.772,125.540,19.619,17.439
91.824,125.758,19.619,17.439
91.167,125.977,19.619,17.439
91.532,125.321,19.619,17.439
91.313,125.685,19.619,17.439
90.365,126.633,19.619,17.439
89.855,125.977,19.619,17.439
89.053,124.737,19.619,17.439
88.397,126.123,19.619,17.439
88.907,125.613,19.619,17.439
87.667,126.560,19.619,17.439
87.594,126.342,19.619,17.439
86.647,125.831,19.619,17.439
86.136,126.196,19.619,17.439
85.042,126.560,19.619,17.439
84.532,126.488,19.619,17.439
84.313,126.706,19.619,17.439
83.365,127.217,19.619,17.439
82.709,126.852,19.619,17.439
81.324,125.904,19.619,17.439
81.105,126.998,19.619,17.439
80.157,127.217,19.619,17.439
79.938,128.019,19.619,17.439
78.844,127.654,19.619,17.439
77.896,128.311,19.619,17.439
77.094,128.383,19.619,17.439
76.730,128.602,19.619,17.439
75.636,128.529,19.619,17.439
75.417,127.581,19.619,17.439
74.469,127.946,19.619,17.439
73.521,127.727,19.619,17.439
72.573,127.946,19.619,17.439
71.480,126.852,19.619,17.439
70.532,126.779,19.619,17.439
69.292,126.998,19.619,17.439
68.344,126.342,19.619,17.439
67.104,126.852,19.619,17.439
65.865,126.488,19.619,17.439
64.771,127.290,19.619,17.439
63.531,126.779,19.619,17.439
63.750,126.998,19.619,17.439
61.490,126.342,19.619,17.439
61.125,127.581,19.619,17.439
60.031,127.946,19.619,17.439
58.792,126.852,19.619,17.439
57.260,126.488,19.619,17.439
56.060,125.765,20.053,17.825
55.091,126.585,20.053,17.825
53.973,127.852,20.053,17.825
52.855,126.734,20.053,17.825
51.588,127.107,20.053,17.825
50.361,126.059,20.497,18.220
49.066,126.897,20.497,18.220
48.075,126.059,20.497,18.220
47.238,126.135,20.497,18.220
46.247,126.211,20.497,18.220
44.952,125.830,20.497,18.220
43.505,124.992,20.497,18.220
41.752,125.830,20.497,18.220
40.610,126.211,20.497,18.220
39.467,126.287,20.497,18.220
38.172,125.906,20.497,18.220
37.029,125.526,20.497,18.220
35.887,126.668,20.497,18.220
34.744,126.744,20.497,18.220
33.601,126.364,20.497,18.220
