76.000,79.000,64.000,52.000
75.316,78.772,64.000,52.000
74.632,79.456,64.000,52.000
74.860,79.228,64.000,52.000
74.632,79.000,64.000,52.000
74.860,79.684,64.000,52.000
74.632,79.000,64.000,52.000
74.404,79.228,64.000,52.000
73.720,78.544,64.000,52.000
74.404,78.316,64.000,52.000
73.720,78.088,64.000,52.000
74.404,78.316,64.000,52.000
73.264,77.632,64.000,52.000
73.035,77.860,64.000,52.000
73.264,78.088,64.000,52.000
73.035,76.948,64.000,52.000
72.807,77.632,64.000,52.000
73.948,77.404,64.000,52.000
73.720,76.720,64.000,52.000
73.948,77.404,64.000,52.000
73.720,77.176,64.000,52.000
73.492,76.948,64.000,52.000
73.264,77.632,64.000,52.000
73.035,76.948,64.000,52.000
73.264,77.632,64.000,52.000
73.035,77.404,64.000,52.000
72.807,77.632,64.000,52.000
73.948,77.860,64.000,52.000
74.176,78.544,64.000,52.000
73.035,77.860,64.000,52.000
73.264,78.088,64.000,52.000
73.492,77.860,64.000,52.000
73.264,78.544,64.000,52.000
73.492,78.772,64.000,52.000
73.720,79.456,64.000,52.000
73.948,78.772,64.000,52.000
73.720,79.456,64.000,52.000
73.948,78.772,64.000,52.000
74.176,79.000,64.000,52.000
73.035,78.772,64.000,52.000
73.264,78.088,64.000,52.000
73.492,77.404,64.000,52.000
73.720,77.632,64.000,52.000
73.948,78.316,64.000,52.000
74.176,77.176,64.000,52.000
73.492,76.948,64.000,52.000
73.720,77.632,64.000,52.000
73.948,77.404,64.000,52.000
74.176,76.720,64.000,52.000
73.035,76.948,64.000,52.000
73.264,77.632,64.000,52.000
73.492,76.948,64.000,52.000
73.720,77.632,64.000,52.000
73.492,76.948,64.000,52.000
73.264,77.632,64.000,52.000
73.035,77.860,64.000,52.000
73.264,78.088,64.000,52.000
73.492,78.316,64.000,52.000
73.264,77.632,64.000,52.000
73.035,77.860,64.000,52.000
72.807,78.088,64.000,52.000
74.860,76.948,64.000,52.000
76.000,77.176,64.000,52.000
74.404,76.948,64.000,52.000
76.000,78.088,64.000,52.000
78.965,76.948,64.000,52.000
79.649,78.544,64.000,52.000
72.579,77.860,64.000,52.000
71.723,79.513,62.635,50.891
78.629,80.701,61.299,49.806
76.664,80.046,61.299,49.806
76.265,82.893,59.992,48.744
75.623,82.679,59.992,48.744
74.982,82.893,59.992,48.744
74.341,80.114,59.992,48.744
75.409,81.183,59.992,48.744
74.768,77.976,59.992,48.744
75.409,78.618,59.992,48.744
78.188,78.404,59.992,48.744
78.402,76.907,59.992,48.744
75.951,78.869,58.713,47.704
73.650,77.405,58.713,47.704
66.328,76.359,58.713,47.704
64.445,79.915,58.713,47.704
68.902,82.642,57.461,46.687
71.453,82.763,58.732,47.720
78.359,74.601,58.732,47.720
76.475,75.648,58.732,47.720
79.615,77.950,58.732,47.720
77.731,76.485,58.732,47.720
74.592,76.276,58.732,47.720
73.964,76.485,58.732,47.720
72.499,77.531,58.732,47.720
72.709,78.159,58.732,47.720
71.662,77.950,58.732,47.720
71.034,78.996,58.732,47.720
72.081,79.205,58.732,47.720
71.453,78.578,58.732,47.720
72.499,78.787,58.732,47.720
71.453,78.159,58.732,47.720
71.244,77.950,58.732,47.720
71.872,77.740,58.732,47.720
70.825,77.531,58.732,47.720
70.616,76.903,58.732,47.720
71.662,77.531,58.732,47.720
70.616,76.903,58.732,47.720
72.081,76.694,58.732,47.720
71.034,76.485,58.732,47.720
71.662,76.276,58.732,47.720
70.616,76.066,58.732,47.720
72.081,76.694,58.732,47.720
71.453,76.066,58.732,47.720
73.336,76.694,58.732,47.720
73.546,76.903,58.732,47.720
70.743,79.228,57.480,46.702
50.628,81.107,56.254,45.706
42.534,81.401,55.054,44.732
40.285,82.446,53.880,43.778
37.714,83.838,52.731,42.844
34.896,84.777,52.731,42.844
77.170,74.819,52.731,42.844
76.983,77.262,52.731,42.844
79.425,79.704,52.731,42.844
76.547,82.153,51.607,41.930
35.801,85.968,50.506,41.036
73.053,76.790,50.506,41.036
74.672,80.929,50.506,41.036
75.572,78.229,50.506,41.036
77.552,78.769,50.506,41.036
76.292,81.109,50.506,41.036
79.351,80.569,50.506,41.036
83.490,82.908,50.506,41.036
84.390,84.888,50.506,41.036
93.928,53.035,50.506,41.036
95.681,52.258,49.429,40.161
96.038,53.535,48.375,39.305
97.245,54.052,48.375,39.305
96.265,54.305,47.343,38.467
97.583,54.553,46.334,37.646
78.928,83.114,46.334,37.646
74.818,83.554,47.359,38.479
72.368,84.354,48.407,39.330
73.443,83.740,49.478,40.201
74.176,84.941,50.572,41.090
75.798,85.482,50.572,41.090
74.678,84.466,51.691,41.999
75.061,84.575,52.835,42.928
76.003,84.387,52.835,42.928
75.438,84.199,52.835,42.928
74.873,82.881,52.835,42.928
75.814,83.069,52.835,42.928
75.250,81.375,52.835,42.928
75.814,81.186,52.835,42.928
74.253,79.344,54.004,43.878
75.985,78.767,54.004,43.878
75.023,77.805,54.004,43.878
75.600,77.612,54.004,43.878
74.638,76.650,54.004,43.878
75.215,76.843,54.004,43.878
75.793,76.650,54.004,43.878
74.831,76.458,54.004,43.878
75.408,77.035,54.004,43.878
76.370,76.843,54.004,43.878
75.408,75.881,54.004,43.878
76.370,75.688,54.004,43.878
75.408,75.111,54.004,43.878
76.370,75.303,54.004,43.878
75.174,75.417,55.199,44.849
75.764,75.614,55.199,44.849
74.780,75.810,55.199,44.849
75.370,76.007,55.199,44.849
75.567,76.990,55.199,44.849
74.584,76.794,55.199,44.849
75.401,76.910,56.420,45.841
74.396,76.709,56.420,45.841
74.999,76.508,56.420,45.841
74.396,76.307,56.420,45.841
74.999,75.704,56.420,45.841
74.396,75.905,56.420,45.841
74.999,75.704,56.420,45.841
73.994,75.100,56.420,45.841
74.195,75.301,56.420,45.841
74.798,75.100,56.420,45.841
73.391,75.704,56.420,45.841
74.798,76.709,56.420,45.841
73.391,76.910,56.420,45.841
74.396,77.915,56.420,45.841
74.195,78.116,56.420,45.841
73.994,77.513,56.420,45.841
73.793,78.116,56.420,45.841
72.788,77.513,56.420,45.841
74.597,77.312,56.420,45.841
73.994,77.111,56.420,45.841
73.391,76.508,56.420,45.841
73.994,77.111,56.420,45.841
72.989,76.508,56.420,45.841
73.592,76.307,56.420,45.841
74.195,76.106,56.420,45.841
72.788,75.100,56.420,45.841
74.195,75.301,56.420,45.841
72.788,75.100,56.420,45.841
74.195,74.899,56.420,45.841
72.788,75.502,56.420,45.841
73.793,74.899,56.420,45.841
72.386,75.502,56.420,45.841
73.391,75.301,56.420,45.841
73.592,74.698,56.420,45.841
73.391,75.301,56.420,45.841
73.592,75.100,56.420,45.841
72.989,75.301,56.420,45.841
72.386,75.502,56.420,45.841
73.391,76.508,56.420,45.841
72.386,77.111,56.420,45.841
72.587,77.312,56.420,45.841
73.190,77.513,56.420,45.841
71.783,78.116,56.420,45.841
73.190,77.513,56.420,45.841
71.783,77.714,56.420,45.841
72.788,78.317,56.420,45.841
71.783,77.312,56.420,45.841
72.386,77.915,56.420,45.841
71.381,78.116,56.420,45.841
71.180,77.513,56.420,45.841
71.381,77.714,56.420,45.841
71.180,77.915,56.420,45.841
70.174,78.920,56.420,45.841
70.778,78.719,56.420,45.841
71.381,78.920,56.420,45.841
69.571,78.317,56.420,45.841
70.577,76.910,56.420,45.841
69.571,77.513,56.420,45.841
70.979,76.508,56.420,45.841
68.767,76.307,56.420,45.841
70.174,75.704,56.420,45.841
68.767,76.307,56.420,45.841
69.772,75.301,56.420,45.841
69.169,75.100,56.420,45.841
67.762,74.899,56.420,45.841
69.169,75.502,56.420,45.841
67.360,75.301,56.420,45.841
68.767,75.502,56.420,45.841
68.164,76.106,56.420,45.841
67.159,75.502,56.420,45.841
67.762,76.106,56.420,45.841
68.365,74.698,56.420,45.841
67.360,75.301,56.420,45.841
67.159,74.698,56.420,45.841
66.958,74.095,56.420,45.841
66.355,73.894,56.420,45.841
67.360,74.497,56.420,45.841
66.757,74.296,56.420,45.841
67.360,73.693,56.420,45.841
66.355,73.894,56.420,45.841
66.556,74.095,56.420,45.841
68.365,73.492,56.420,45.841
68.968,73.291,56.420,45.841
65.953,73.492,56.420,45.841
65.350,73.291,56.420,45.841
66.757,73.090,56.420,45.841
65.752,73.291,56.420,45.841
66.355,73.492,56.420,45.841
65.350,73.693,56.420,45.841
65.953,74.698,56.420,45.841
64.546,74.497,56.420,45.841
65.953,75.100,56.420,45.841
64.546,75.301,56.420,45.841
65.953,75.502,56.420,45.841
64.546,76.508,56.420,45.841
65.953,76.709,56.420,45.841
64.948,76.910,56.420,45.841
65.551,76.709,56.420,45.841
65.752,75.704,56.420,45.841
66.757,75.502,56.420,45.841
66.556,75.704,56.420,45.841
66.355,76.307,56.420,45.841
66.556,76.910,56.420,45.841
66.757,77.915,56.420,45.841
67.360,78.518,56.420,45.841
66.355,78.719,56.420,45.841
67.762,79.322,56.420,45.841
67.561,79.523,56.420,45.841
68.164,79.724,56.420,45.841
67.159,79.523,56.420,45.841
68.164,79.322,56.420,45.841
67.963,78.719,56.420,45.841
67.762,78.518,56.420,45.841
69.169,77.915,56.420,45.841
68.164,77.714,56.420,45.841
69.169,77.111,56.420,45.841
68.566,76.106,56.420,45.841
69.571,76.307,56.420,45.841
70.174,76.508,56.420,45.841
68.767,75.905,56.420,45.841
70.577,76.106,56.420,45.841
70.375,74.698,56.420,45.841
70.979,75.301,56.420,45.841
69.973,75.100,56.420,45.841
70.174,74.497,56.420,45.841
71.180,74.698,56.420,45.841
70.979,74.899,56.420,45.841
71.180,75.100,56.420,45.841
71.783,74.497,56.420,45.841
72.788,75.502,56.420,45.841
73.391,75.704,56.420,45.841
71.984,76.709,56.420,45.841
73.391,77.312,56.420,45.841
72.788,76.709,56.420,45.841
74.195,77.312,56.420,45.841
72.788,76.709,56.420,45.841
74.597,76.910,56.420,45.841
73.994,77.111,56.420,45.841
72.989,75.704,56.420,45.841
73.994,75.503,56.420,45.841
74.195,75.301,56.420,45.841
74.396,74.698,56.420,45.841
75.401,75.301,56.420,45.841
76.004,75.905,56.420,45.841
74.999,76.508,56.420,45.841
75.200,76.709,56.420,45.841
75.401,76.910,56.420,45.841
76.406,76.709,56.420,45.841
76.205,76.910,56.420,45.841
76.004,76.709,56.420,45.841
76.608,76.910,56.420,45.841
77.613,77.915,56.420,45.841
77.412,77.714,56.420,45.841
78.015,78.317,56.420,45.841
77.412,77.714,56.420,45.841
78.417,78.719,56.420,45.841
78.216,78.518,56.420,45.841
78.417,78.719,56.420,45.841
79.020,78.920,56.420,45.841
78.819,79.523,56.420,45.841
77.814,78.518,56.420,45.841
80.159,79.588,55.217,44.864
79.569,78.604,55.217,44.864
79.766,78.408,55.217,44.864
80.356,79.391,55.217,44.864
80.553,79.588,55.217,44.864
79.569,78.604,55.217,44.864
79.372,77.621,55.217,44.864
81.536,77.030,55.217,44.864
80.159,76.047,55.217,44.864
81.143,75.063,55.217,44.864
81.340,74.473,55.217,44.864
82.323,74.276,55.217,44.864
83.701,73.292,55.217,44.864
81.930,73.882,55.217,44.864
83.701,73.686,55.217,44.864
83.897,74.276,55.217,44.864
83.307,75.260,55.217,44.864
82.717,76.637,55.217,44.864
81.340,77.227,55.217,44.864
82.323,78.211,55.217,44.864
81.733,78.014,55.217,44.864
81.536,77.424,55.217,44.864
81.733,78.408,55.217,44.864
81.930,78.998,55.217,44.864
82.520,80.375,55.217,44.864
81.536,81.752,55.217,44.864
81.340,81.556,55.217,44.864
82.323,82.539,55.217,44.864
82.127,81.556,55.217,44.864
81.143,80.965,55.217,44.864
81.340,78.801,55.217,44.864
82.323,77.817,55.217,44.864
81.733,77.227,55.217,44.864
81.143,77.424,55.217,44.864
82.127,78.408,55.217,44.864
81.143,78.604,55.217,44.864
81.733,78.014,55.217,44.864
80.749,78.998,55.217,44.864
80.946,78.801,55.217,44.864
81.536,78.604,55.217,44.864
80.946,78.014,55.217,44.864
81.536,78.211,55.217,44.864
80.553,78.014,55.217,44.864
81.143,78.604,55.217,44.864
82.127,78.801,55.217,44.864
81.930,78.998,55.217,44.864
80.946,80.375,55.217,44.864
78.311,83.319,54.039,43.907
88.516,47.312,54.039,43.907
90.634,46.349,54.039,43.907
90.057,45.771,54.039,43.907
92.175,46.734,54.039,43.907
93.523,47.697,54.039,43.907
92.175,47.504,54.039,43.907
93.908,48.852,54.039,43.907
92.560,47.890,54.039,43.907
91.212,47.697,54.039,43.907
92.560,48.660,54.039,43.907
90.827,47.697,54.039,43.907
92.175,48.275,54.039,43.907
93.523,48.467,54.039,43.907
91.790,47.504,54.039,43.907
93.523,48.082,54.039,43.907
92.175,46.349,54.039,43.907
94.293,47.697,54.039,43.907
94.870,47.119,54.039,43.907
93.908,47.697,54.039,43.907
94.870,48.275,54.039,43.907
94.678,49.622,54.039,43.907
95.641,50.200,54.039,43.907
97.516,51.225,52.887,42.971
99.589,48.775,52.887,42.971
84.341,80.559,54.057,43.921
83.377,80.752,54.057,43.921
83.570,81.330,54.057,43.921
82.222,81.522,54.057,43.921
83.185,81.715,54.057,43.921
82.992,81.137,54.057,43.921
83.185,81.330,54.057,43.921
82.992,81.522,54.057,43.921
82.414,82.100,54.057,43.921
81.066,82.678,54.057,43.921
75.145,85.931,52.904,42.985
50.073,83.857,52.904,42.985
44.278,83.407,51.776,42.068
42.519,85.101,50.672,41.171
41.145,85.017,49.591,40.293
42.185,86.980,48.534,39.434
44.536,86.900,47.499,38.593
43.012,86.393,47.499,38.593
44.661,87.620,46.486,37.770
44.495,87.123,46.486,37.770
44.329,86.957,46.486,37.770
44.164,87.785,46.486,37.770
43.998,87.951,46.486,37.770
43.170,88.117,46.486,37.770
44.661,86.957,46.486,37.770
45.158,87.785,46.486,37.770
43.998,87.288,46.486,37.770
43.501,87.454,46.486,37.770
44.329,87.620,46.486,37.770
43.501,88.779,46.486,37.770
43.004,89.607,46.486,37.770
43.170,90.436,46.486,37.770
43.004,90.932,46.486,37.770
43.170,91.429,46.486,37.770
87.063,81.988,46.486,37.770
86.567,84.473,46.486,37.770
85.537,84.227,47.514,38.605
84.835,83.975,48.566,39.460
85.355,83.802,48.566,39.460
85.528,83.629,48.566,39.460
86.393,83.456,48.566,39.460
86.220,83.283,48.566,39.460
86.739,82.418,48.566,39.460
86.220,81.899,48.566,39.460
87.085,81.726,48.566,39.460
87.950,81.206,48.566,39.460
87.085,80.687,48.566,39.460
88.296,79.476,48.566,39.460
88.816,78.957,48.566,39.460
88.296,79.130,48.566,39.460
89.162,79.303,48.566,39.460
90.027,79.130,48.566,39.460
90.200,79.649,48.566,39.460
91.065,79.822,48.566,39.460
90.546,79.995,48.566,39.460
91.757,80.514,48.566,39.460
91.238,80.341,48.566,39.460
92.103,80.514,48.566,39.460
92.969,79.995,48.566,39.460
92.796,79.822,48.566,39.460
93.315,79.649,48.566,39.460
94.180,79.476,48.566,39.460
94.353,79.649,48.566,39.460
94.526,79.822,48.566,39.460
95.045,80.687,48.566,39.460
94.872,80.514,48.566,39.460
94.699,80.687,48.566,39.460
96.257,80.860,48.566,39.460
96.084,81.033,48.566,39.460
96.603,81.899,48.566,39.460
97.814,81.726,48.566,39.460
96.603,81.899,48.566,39.460
97.814,82.072,48.566,39.460
97.295,81.899,48.566,39.460
98.506,81.380,48.566,39.460
99.371,81.206,48.566,39.460
99.544,81.380,48.566,39.460
100.410,81.553,48.566,39.460
99.544,83.110,48.566,39.460
100.410,84.667,48.566,39.460
100.237,85.187,48.566,39.460
100.756,85.360,48.566,39.460
100.583,84.494,48.566,39.460
101.448,85.014,48.566,39.460
100.929,85.187,48.566,39.460
100.064,85.014,48.566,39.460
101.275,85.187,48.566,39.460
102.140,85.014,48.566,39.460
102.659,84.148,48.566,39.460
104.217,83.283,48.566,39.460
102.659,82.764,48.566,39.460
104.217,82.591,48.566,39.460
103.698,82.072,48.566,39.460
105.255,82.937,48.566,39.460
105.082,83.110,48.566,39.460
105.947,82.937,48.566,39.460
107.158,82.418,48.566,39.460
108.024,81.206,48.566,39.460
108.543,81.380,48.566,39.460
110.446,79.822,48.566,39.460
111.312,79.995,48.566,39.460
111.485,79.822,48.566,39.460
113.042,79.303,48.566,39.460
113.907,78.438,48.566,39.460
113.388,78.611,48.566,39.460
114.946,78.784,48.566,39.460
115.811,79.649,48.566,39.460
116.676,80.168,48.566,39.460
118.233,81.033,48.566,39.460
118.753,81.206,48.566,39.460
119.964,81.380,48.566,39.460
120.829,80.514,48.566,39.460
122.040,80.687,48.566,39.460
122.906,79.822,48.566,39.460
124.117,80.341,48.566,39.460
124.982,78.438,48.566,39.460
126.194,77.919,48.566,39.460
127.405,78.438,48.566,39.460
128.270,76.880,48.566,39.460
129.481,77.746,48.566,39.460
130.693,76.534,48.566,39.460
132.250,76.361,48.566,39.460
132.423,76.534,48.566,39.460
133.635,76.361,48.566,39.460
134.846,76.880,48.566,39.460
136.057,77.053,48.566,39.460
136.922,77.573,48.566,39.460
138.134,77.746,48.566,39.460
139.345,77.573,48.566,39.460
140.902,77.746,48.566,39.460
142.114,77.573,48.566,39.460
143.325,78.092,48.566,39.460
144.536,78.957,48.566,39.460
146.440,79.476,48.566,39.460
147.651,79.649,48.566,39.460
149.209,79.822,48.566,39.460
150.420,79.649,48.566,39.460
151.631,78.784,48.566,39.460
153.189,78.265,48.566,39.460
154.054,79.130,48.566,39.460
154.919,78.611,48.566,39.460
156.477,79.130,48.566,39.460
157.688,79.995,48.566,39.460
158.899,79.822,48.566,39.460
159.072,81.033,48.566,39.460
160.284,81.899,48.566,39.460
162.187,82.418,48.566,39.460
163.398,83.283,48.566,39.460
164.610,83.110,48.566,39.460
165.821,84.321,48.566,39.460
167.840,85.576,47.530,38.618
168.687,85.407,47.530,38.618
170.550,85.576,47.530,38.618
171.058,84.729,47.530,38.618
171.566,83.882,47.530,38.618
172.751,84.052,47.530,38.618
173.259,84.221,47.530,38.618
173.429,84.052,47.530,38.618
174.276,83.882,47.530,38.618
174.784,83.374,47.530,38.618
176.308,83.544,47.530,38.618
175.800,83.374,47.530,38.618
177.324,82.528,47.530,38.618
177.493,82.697,47.530,38.618
178.001,81.173,47.530,38.618
179.526,81.342,47.530,38.618
179.018,81.850,47.530,38.618
180.542,80.665,47.530,38.618
180.372,81.512,47.530,38.618
180.880,81.342,47.530,38.618
181.727,81.173,47.530,38.618
182.235,80.665,47.530,38.618
182.743,81.173,47.530,38.618
183.929,81.003,47.530,38.618
184.437,80.495,47.530,38.618
183.590,81.342,47.530,38.618
185.114,81.173,47.530,38.618
185.961,81.681,47.530,38.618
186.469,81.850,47.530,38.618
185.622,81.003,47.530,38.618
186.808,81.173,47.530,38.618
187.655,81.003,47.530,38.618
187.485,80.834,47.530,38.618
188.332,80.665,47.530,38.618
187.824,81.173,47.530,38.618
189.348,79.987,47.530,38.618
189.179,79.818,47.530,38.618
190.703,79.649,47.530,38.618
190.195,80.157,47.530,38.618
191.381,79.987,47.530,38.618
190.872,79.818,47.530,38.618
191.719,79.649,47.530,38.618
191.889,80.157,47.530,38.618
192.735,80.326,47.530,38.618
192.227,80.834,47.530,38.618
193.752,80.326,47.530,38.618
193.243,80.834,47.530,38.618
193.413,79.649,47.530,38.618
193.921,80.495,47.530,38.618
195.106,79.987,47.530,38.618
195.614,79.818,47.530,38.618
195.784,80.326,47.530,38.618
196.292,80.834,47.530,38.618
196.123,80.665,47.530,38.618
197.308,81.173,47.530,38.618
196.800,81.003,47.530,38.618
197.985,81.173,47.530,38.618
198.493,81.342,47.530,38.618
197.985,80.495,47.530,38.618
199.510,80.326,47.530,38.618
198.663,78.802,47.530,38.618
199.848,77.955,47.530,38.618
200.695,78.463,47.530,38.618
200.187,78.632,47.530,38.618
201.373,79.140,47.530,38.618
200.526,78.971,47.530,38.618
201.034,78.802,47.530,38.618
200.864,78.294,47.530,38.618
202.050,78.463,47.530,38.618
201.542,78.632,47.530,38.618
202.389,78.802,47.530,38.618
201.542,77.616,47.530,38.618
201.711,78.124,47.530,38.618
202.219,77.278,47.530,38.618
202.727,76.770,47.530,38.618
202.219,76.600,47.530,38.618
202.727,76.770,47.530,38.618
201.881,75.923,47.530,38.618
201.373,75.753,47.530,38.618
200.526,75.584,47.530,38.618
200.356,76.431,47.530,38.618
199.510,75.923,47.530,38.618
200.356,75.753,47.530,38.618
199.510,76.261,47.530,38.618
199.002,76.770,47.530,38.618
199.171,76.261,47.530,38.618
199.679,76.431,47.530,38.618
198.155,76.600,47.530,38.618
197.647,76.770,47.530,38.618
197.139,76.600,47.530,38.618
196.631,76.770,47.530,38.618
196.122,76.261,47.530,38.618
196.631,76.431,47.530,38.618
195.784,76.261,47.530,38.618
195.276,76.431,47.530,38.618
194.429,75.923,47.530,38.618
194.598,76.092,47.530,38.618
194.090,76.600,47.530,38.618
194.598,76.770,47.530,38.618
193.413,76.939,47.530,38.618
192.905,77.108,47.530,38.618
192.735,77.278,47.530,38.618
191.889,77.447,47.530,38.618
192.397,77.278,47.530,38.618
191.550,77.108,47.530,38.618
191.380,76.261,47.530,38.618
190.534,77.447,47.530,38.618
191.042,77.616,47.530,38.618
191.550,77.447,47.530,38.618
190.364,76.939,47.530,38.618
189.518,75.415,47.530,38.618
190.026,75.923,47.530,38.618
189.856,74.399,47.530,38.618
189.687,74.907,47.530,38.618
189.179,74.737,47.530,38.618
189.348,73.890,47.530,38.618
188.163,75.753,47.530,38.618
189.009,75.245,47.530,38.618
188.163,76.092,47.530,38.618
187.993,75.923,47.530,38.618
187.485,75.076,47.530,38.618
186.638,75.923,47.530,38.618
186.808,74.737,47.530,38.618
187.316,74.907,47.530,38.618
186.130,75.076,47.530,38.618
187.316,74.568,47.530,38.618
185.792,76.431,47.530,38.618
186.300,75.584,47.530,38.618
186.130,76.431,47.530,38.618
186.977,76.600,47.530,38.618
186.469,76.770,47.530,38.618
185.622,76.600,47.530,38.618
185.453,77.447,47.530,38.618
186.300,76.939,47.530,38.618
185.792,76.431,47.530,38.618
185.622,75.245,47.530,38.618
186.130,75.753,47.530,38.618
185.961,73.890,47.530,38.618
186.469,73.721,47.530,38.618
185.622,74.229,47.530,38.618
186.130,74.399,47.530,38.618
185.961,74.907,47.530,38.618
186.130,74.399,47.530,38.618
185.961,75.584,47.530,38.618
185.453,76.770,47.530,38.618
186.638,75.245,47.530,38.618
186.808,76.092,47.530,38.618
186.300,75.245,47.530,38.618
187.147,74.737,47.530,38.618
187.993,74.568,47.530,38.618
187.485,74.399,47.530,38.618
186.977,74.907,47.530,38.618
188.163,75.415,47.530,38.618
188.332,75.584,47.530,38.618
187.485,76.092,47.530,38.618
187.655,75.584,47.530,38.618
188.163,74.737,47.530,38.618
189.009,74.568,47.530,38.618
188.501,73.382,47.530,38.618
188.332,72.536,47.530,38.618
188.163,72.366,47.530,38.618
189.009,71.181,47.530,38.618
189.856,71.011,47.530,38.618
189.009,71.181,47.530,38.618
189.518,71.011,47.530,38.618
189.009,70.842,47.530,38.618
189.179,70.673,47.530,38.618
189.348,71.858,47.530,38.618
188.840,72.028,47.530,38.618
189.348,71.858,47.530,38.618
188.840,72.366,47.530,38.618
189.009,73.552,47.530,38.618
190.195,73.382,47.530,38.618
190.364,73.213,47.530,38.618
189.179,74.060,47.530,38.618
190.703,72.197,47.530,38.618
190.195,72.366,47.530,38.618
191.380,72.197,47.530,38.618
190.195,72.366,47.530,38.618
191.380,71.519,47.530,38.618
190.195,72.705,47.530,38.618
191.380,71.519,47.530,38.618
190.195,73.044,47.530,38.618
191.719,72.536,47.530,38.618
190.872,73.721,47.530,38.618
191.719,72.197,47.530,38.618
191.211,72.366,47.530,38.618
193.074,71.858,47.530,38.618
192.227,71.011,47.530,38.618
192.735,70.165,47.530,38.618
192.566,69.657,47.530,38.618
192.735,69.149,47.530,38.618
193.243,67.624,47.530,38.618
192.058,67.794,47.530,38.618
193.921,66.608,47.530,38.618
193.074,66.439,47.530,38.618
192.905,65.931,47.530,38.618
192.397,65.423,47.530,38.618
192.566,65.253,47.530,38.618
192.397,65.423,47.530,38.618
191.889,65.592,47.530,38.618
192.735,65.084,47.530,38.618
192.227,64.915,47.530,38.618
193.074,64.407,47.530,38.618
192.566,64.915,47.530,38.618
191.380,64.745,47.530,38.618
190.872,64.576,47.530,38.618
192.058,67.116,47.530,38.618
191.889,65.931,47.530,38.618
190.703,66.100,47.530,38.618
191.211,66.608,47.530,38.618
191.719,67.116,47.530,38.618
191.211,66.947,47.530,38.618
191.380,67.794,47.530,38.618
190.534,67.286,47.530,38.618
190.703,69.826,47.530,38.618
190.534,69.318,47.530,38.618
190.364,69.826,47.530,38.618
190.534,69.318,47.530,38.618
190.364,70.165,47.530,38.618
190.195,69.657,47.530,38.618
191.042,69.487,47.530,38.618
190.872,68.979,47.530,38.618
190.364,68.810,47.530,38.618
189.856,68.302,47.530,38.618
190.026,69.149,47.530,38.618
190.534,68.640,47.530,38.618
188.778,68.740,48.582,39.473
188.951,68.221,48.582,39.473
188.432,68.740,48.582,39.473
188.951,68.221,48.582,39.473
188.432,67.702,48.582,39.473
189.297,67.529,48.582,39.473
188.778,67.356,48.582,39.473
188.259,67.182,48.582,39.473
188.778,68.048,48.582,39.473
187.912,68.567,48.582,39.473
188.432,67.702,48.582,39.473
188.951,68.567,48.582,39.473
188.085,68.740,48.582,39.473
188.259,69.606,48.582,39.473
188.085,69.779,48.582,39.473
188.605,71.337,48.582,39.473
188.778,71.164,48.582,39.473
187.566,72.722,48.582,39.473
188.778,72.549,48.582,39.473
187.566,72.722,48.582,39.473
188.778,72.549,48.582,39.473
187.566,72.029,48.582,39.473
188.778,72.549,48.582,39.473
187.566,72.722,48.582,39.473
188.432,73.241,48.582,39.473
187.912,74.107,48.582,39.473
187.047,73.587,48.582,39.473
187.912,74.107,48.582,39.473
187.047,74.280,48.582,39.473
188.259,74.107,48.582,39.473
188.085,74.626,48.582,39.473
188.605,74.107,48.582,39.473
188.778,75.318,48.582,39.473
188.259,75.145,48.582,39.473
188.085,77.049,48.582,39.473
188.951,78.261,48.582,39.473
187.739,78.780,48.582,39.473
188.951,77.569,48.582,39.473
188.432,76.703,48.582,39.473
189.643,74.799,48.582,39.473
190.509,73.241,48.582,39.473
189.990,72.722,48.582,39.473
189.470,72.549,48.582,39.473
189.643,72.376,48.582,39.473
190.163,72.895,48.582,39.473
188.951,74.799,48.582,39.473
188.778,74.972,48.582,39.473
188.951,77.222,48.582,39.473
189.470,77.049,48.582,39.473
190.336,77.569,48.582,39.473
189.817,76.357,48.582,39.473
189.643,75.145,48.582,39.473
190.855,75.664,48.582,39.473
190.336,74.799,48.582,39.473
191.201,74.626,48.582,39.473
190.336,74.799,48.582,39.473
191.548,74.626,48.582,39.473
190.682,75.491,48.582,39.473
191.548,74.972,48.582,39.473
191.028,75.145,48.582,39.473
190.855,74.626,48.582,39.473
190.682,74.107,48.582,39.473
191.894,74.280,48.582,39.473
190.682,73.760,48.582,39.473
191.894,73.933,48.582,39.473
190.336,75.491,48.582,39.473
191.548,74.972,48.582,39.473
191.721,76.184,48.582,39.473
190.855,76.011,48.582,39.473
191.721,76.876,48.582,39.473
191.548,76.011,48.582,39.473
193.105,76.184,48.582,39.473
192.586,76.357,48.582,39.473
193.105,75.838,48.582,39.473
193.279,76.357,48.582,39.473
192.759,76.530,48.582,39.473
192.932,76.011,48.582,39.473
193.798,76.530,48.582,39.473
193.625,76.357,48.582,39.473
194.837,75.491,48.582,39.473
193.625,75.664,48.582,39.473
195.183,74.799,48.582,39.473
194.663,75.664,48.582,39.473
195.875,74.453,48.582,39.473
194.663,74.280,48.582,39.473
195.875,73.760,48.582,39.473
195.356,74.280,48.582,39.473
196.568,73.414,48.582,39.473
196.394,73.587,48.582,39.473
197.260,73.414,48.582,39.473
196.741,73.241,48.582,39.473
196.221,74.453,48.582,39.473
197.433,73.241,48.582,39.473
197.606,74.107,48.582,39.473
198.818,73.933,48.582,39.473
197.606,73.760,48.582,39.473
198.818,73.933,48.582,39.473
198.299,73.414,48.582,39.473
199.510,73.587,48.582,39.473
199.337,73.414,48.582,39.473
200.203,73.587,48.582,39.473
199.683,74.107,48.582,39.473
201.241,74.972,48.582,39.473
201.068,75.838,48.582,39.473
200.549,75.318,48.582,39.473
201.068,75.838,48.582,39.473
201.588,76.357,48.582,39.473
202.453,76.184,48.582,39.473
202.626,77.396,48.582,39.473
203.145,76.184,48.582,39.473
202.626,77.396,48.582,39.473
204.530,76.876,48.582,39.473
204.357,77.396,48.582,39.473
205.223,77.569,48.582,39.473
204.357,78.088,48.582,39.473
205.915,78.607,48.582,39.473
205.396,79.127,48.582,39.473
206.261,79.300,48.582,39.473
207.127,78.780,48.582,39.473
206.608,78.953,48.582,39.473
208.165,79.473,48.582,39.473
207.646,78.953,48.582,39.473
209.204,79.473,48.582,39.473
208.685,78.953,48.582,39.473
210.243,79.473,48.582,39.473
210.070,78.953,48.582,39.473
209.896,80.165,48.582,39.473
211.454,80.338,48.582,39.473
211.281,79.819,48.582,39.473
212.493,80.684,48.582,39.473
