70.000,51.000,107.000,87.000
71.907,50.619,107.000,87.000
67.162,50.052,109.367,88.925
69.111,51.221,109.367,88.925
65.879,50.642,111.787,90.892
61.749,49.223,114.260,92.903
62.597,50.308,116.788,94.959
60.010,49.689,119.372,97.060
59.131,49.057,122.013,99.207
56.427,48.411,124.713,101.402
57.761,47.966,124.713,101.402
56.427,46.633,124.713,101.402
57.761,44.410,124.713,101.402
56.948,43.349,122.054,99.240
58.253,44.654,122.054,99.240
58.689,44.219,122.054,99.240
54.179,44.476,124.754,101.435
54.623,44.031,124.754,101.435
53.290,44.476,124.754,101.435
51.956,44.920,124.754,101.435
53.290,44.476,124.754,101.435
51.066,44.031,124.754,101.435
52.400,45.365,124.754,101.435
49.288,45.810,124.754,101.435
50.622,44.476,124.754,101.435
51.066,44.920,124.754,101.435
50.622,43.586,124.754,101.435
49.288,44.920,124.754,101.435
49.332,44.716,122.094,99.272
49.767,44.281,122.094,99.272
47.965,44.537,124.795,101.469
46.631,42.313,124.795,101.469
47.075,42.758,124.795,101.469
47.520,43.203,124.795,101.469
45.678,42.542,127.556,103.714
46.133,42.087,127.556,103.714
43.860,41.632,127.556,103.714
44.314,42.087,127.556,103.714
44.769,42.542,127.556,103.714
45.224,42.087,127.556,103.714
45.678,41.632,127.556,103.714
46.133,42.087,127.556,103.714
44.769,40.723,127.556,103.714
45.224,41.178,127.556,103.714
46.587,41.632,127.556,103.714
46.133,42.087,127.556,103.714
48.808,43.631,124.836,101.502
49.253,44.076,124.836,101.502
48.808,43.631,124.836,101.502
46.965,41.123,127.598,103.748
47.420,41.578,127.598,103.748
48.784,42.033,127.598,103.748
47.420,42.488,127.598,103.748
48.784,42.942,127.598,103.748
49.239,42.488,127.598,103.748
49.694,43.852,127.598,103.748
51.058,44.307,127.598,103.748
50.227,43.221,124.877,101.535
50.672,45.447,124.877,101.535
53.290,44.384,122.214,99.370
55.013,45.864,119.607,97.251
55.878,46.490,117.057,95.177
55.461,47.742,117.057,95.177
55.878,47.324,117.057,95.177
55.016,43.241,119.647,97.283
53.736,45.374,119.647,97.283
54.163,43.241,119.647,97.283
55.442,45.374,119.647,97.283
51.022,41.200,122.294,99.435
52.329,42.508,122.294,99.435
50.524,40.956,125.000,101.635
51.861,41.401,125.000,101.635
49.633,40.065,125.000,101.635
46.863,37.554,127.765,103.884
48.230,37.098,127.765,103.884
46.863,35.732,127.765,103.884
47.319,38.009,127.765,103.884
44.488,35.442,130.592,106.182
44.954,36.839,130.592,106.182
43.557,38.235,130.592,106.182
43.092,35.908,130.592,106.182
43.557,39.166,130.592,106.182
44.023,37.770,130.592,106.182
42.095,38.044,133.481,108.532
40.668,35.665,133.481,108.532
41.143,38.995,133.481,108.532
39.716,36.616,133.481,108.532
37.746,36.897,136.435,110.933
35.732,33.147,139.453,113.387
33.674,32.408,142.539,115.896
31.570,31.653,145.692,118.460
31.050,31.134,145.692,118.460
30.531,32.692,145.692,118.460
32.089,33.211,145.692,118.460
30.531,33.730,145.692,118.460
28.973,28.018,145.692,118.460
32.608,32.692,145.692,118.460
34.662,35.456,142.585,115.934
37.652,38.162,139.545,113.462
39.619,40.810,136.569,111.042
43.422,44.340,133.656,108.674
46.224,44.121,130.806,106.356
48.967,47.502,128.017,104.088
53.411,48.172,125.287,101.869
53.455,47.967,122.615,99.696
54.766,48.404,122.615,99.696
58.180,50.731,120.000,97.570
59.872,52.184,117.441,95.490
61.528,51.991,114.937,93.453
64.727,54.172,112.486,91.460
66.313,54.761,110.087,89.510
67.865,53.825,107.739,87.601
67.904,55.869,105.442,85.733
70.839,57.870,103.193,83.905
73.003,57.701,100.992,82.115
71.923,58.061,100.992,82.115
73.003,58.421,100.992,82.115
73.363,58.781,100.992,82.115
74.787,60.004,98.839,80.364
76.180,61.879,96.731,78.650
75.146,62.224,96.731,78.650
76.180,61.879,96.731,78.650
76.525,62.224,96.731,78.650
79.218,62.730,94.668,76.973
79.555,63.068,94.668,76.973
79.893,62.730,94.668,76.973
77.795,62.929,96.763,78.676
79.520,63.274,96.763,78.676
79.865,63.619,96.763,78.676
80.899,64.653,96.763,78.676
81.934,64.998,96.763,78.676
82.279,65.343,96.763,78.676
81.244,62.929,96.763,78.676
82.969,63.274,96.763,78.676
85.663,63.780,94.699,76.998
86.675,62.768,94.699,76.998
87.688,61.755,94.699,76.998
88.025,62.093,94.699,76.998
89.038,60.405,94.699,76.998
85.539,58.502,96.794,78.702
88.899,59.009,94.730,77.024
92.187,58.854,92.710,75.381
90.535,57.863,92.710,75.381
92.848,57.532,92.710,75.381
93.178,55.219,92.710,75.381
91.124,54.728,94.761,77.049
93.762,55.224,92.741,75.406
94.093,54.893,92.741,75.406
95.085,54.563,92.741,75.406
96.076,52.910,92.741,75.406
96.407,53.241,92.741,75.406
97.399,53.571,92.741,75.406
99.980,54.057,90.763,73.798
97.298,54.247,92.771,75.431
96.615,53.756,94.823,77.099
97.629,54.770,94.823,77.099
98.643,54.432,94.823,77.099
98.981,57.474,94.823,77.099
99.995,56.460,94.823,77.099
101.009,56.798,94.823,77.099
101.347,57.136,94.823,77.099
99.657,58.826,94.823,77.099
101.347,57.812,94.823,77.099
102.361,58.826,94.823,77.099
104.349,59.322,92.801,75.455
106.933,59.808,90.822,73.846
107.904,60.131,90.822,73.846
107.580,61.102,90.822,73.846
107.904,61.426,90.822,73.846
108.875,61.750,90.822,73.846
107.904,61.426,90.822,73.846
109.522,61.750,90.822,73.846
109.846,62.074,90.822,73.846
110.170,62.397,90.822,73.846
109.846,63.369,90.822,73.846
112.375,63.844,88.886,72.271
113.325,63.527,88.886,72.271
113.008,61.943,88.886,72.271
113.959,60.359,88.886,72.271
115.212,60.824,86.990,70.730
115.522,61.134,86.990,70.730
117.346,60.992,85.135,69.222
118.256,60.688,85.135,69.222
116.739,59.778,85.135,69.222
118.256,60.688,85.135,69.222
119.167,61.599,85.135,69.222
120.684,60.688,85.135,69.222
121.884,61.134,83.319,67.746
122.775,59.649,83.319,67.746
123.666,60.540,83.319,67.746
123.963,59.649,83.319,67.746
124.854,59.352,83.319,67.746
125.745,59.649,83.319,67.746
126.042,59.352,83.319,67.746
126.933,59.649,83.319,67.746
127.230,60.540,83.319,67.746
128.121,60.243,83.319,67.746
128.418,60.540,83.319,67.746
128.715,60.837,83.319,67.746
129.012,60.540,83.319,67.746
129.903,60.837,83.319,67.746
130.793,60.540,83.319,67.746
131.090,62.025,83.319,67.746
132.575,62.322,83.319,67.746
133.466,62.025,83.319,67.746
134.357,62.322,83.319,67.746
135.248,62.619,83.319,67.746
136.733,62.916,83.319,67.746
137.030,63.807,83.319,67.746
138.515,63.510,83.319,67.746
137.030,63.807,83.319,67.746
139.109,64.104,83.319,67.746
140.000,64.401,83.319,67.746
142.079,64.104,83.319,67.746
144.157,64.995,83.319,67.746
145.642,64.698,83.319,67.746
146.533,63.807,83.319,67.746
145.642,64.104,83.319,67.746
146.533,64.401,83.319,67.746
147.424,63.510,83.319,67.746
148.909,64.401,83.319,67.746
149.800,63.510,83.319,67.746
150.097,64.401,83.319,67.746
150.394,64.104,83.319,67.746
150.691,64.995,83.319,67.746
150.988,64.104,83.319,67.746
151.879,63.807,83.319,67.746
152.176,63.510,83.319,67.746
152.473,63.213,83.319,67.746
152.770,62.322,83.319,67.746
153.067,63.213,83.319,67.746
150.394,64.698,83.319,67.746
149.503,61.431,83.319,67.746
150.394,63.510,83.319,67.746
156.630,100.038,83.319,67.746
161.679,106.274,83.319,67.746
164.946,107.165,83.319,67.746
196.128,121.717,83.319,67.746
207.116,124.984,83.319,67.746
210.816,127.008,85.163,69.245
215.370,128.525,85.163,69.245
219.923,131.257,85.163,69.245
222.294,131.703,83.347,67.768
224.968,132.000,83.347,67.768
228.235,134.080,83.347,67.768
232.691,135.565,83.347,67.768
236.553,138.833,83.347,67.768
240.871,140.241,85.191,69.267
250.891,142.973,85.191,69.267
272.946,149.453,87.076,70.800
283.809,152.246,87.076,70.800
286.388,154.361,89.002,72.366
281.125,157.181,90.971,73.967
281.449,159.451,90.971,73.967
285.016,168.205,90.971,73.967
287.934,173.718,90.971,73.967
294.743,166.908,90.971,73.967
293.771,171.124,90.971,73.967
263.175,194.102,89.031,72.390
265.812,208.117,91.001,73.992
269.180,210.327,93.015,75.629
294.138,226.152,91.031,74.016
299.005,225.828,91.031,74.016
302.164,226.930,89.090,72.437
299.306,229.788,89.090,72.437
306.072,233.927,87.190,70.893
294.720,233.185,85.331,69.381
295.354,232.102,87.218,70.916
292.988,235.555,85.358,69.404
258.900,211.113,87.247,70.939
304.072,124.184,89.177,72.509
247.353,35.332,91.150,74.113
281.832,15.767,89.207,72.532
287.237,14.813,89.207,72.532
290.735,11.952,89.207,72.532
288.509,13.542,89.207,72.532
293.444,10.944,87.304,70.986
296.245,8.766,87.304,70.986
292.077,11.022,85.442,69.472
295.043,9.121,83.620,67.990
298.321,8.227,83.620,67.990
294.904,11.537,81.837,66.540
297.182,11.966,80.092,65.121
299.751,12.251,80.092,65.121
304.182,13.771,78.384,63.733
307.814,14.050,78.384,63.733
304.741,14.888,78.384,63.733
309.078,13.144,76.712,62.374
312.632,13.965,76.712,62.374
310.718,15.332,76.712,62.374
309.351,16.152,76.712,62.374
314.649,17.081,75.077,61.044
312.776,18.419,75.077,61.044
310.903,19.757,75.077,61.044
315.452,20.024,75.077,61.044
314.114,21.362,75.077,61.044
312.776,23.235,75.077,61.044
315.720,35.277,75.077,61.044
314.917,39.826,75.077,61.044
319.071,42.799,73.475,59.742
320.380,45.156,73.475,59.742
320.911,45.540,71.909,58.468
323.572,46.755,73.500,59.761
322.263,47.017,73.500,59.761
321.477,49.899,73.500,59.761
316.499,53.304,73.500,59.761
319.905,85.003,73.500,59.761
318.071,91.029,73.500,59.761
316.077,92.423,71.932,58.487
315.308,96.269,71.932,58.487
316.590,94.987,71.932,58.487
316.333,99.346,71.932,58.487
248.390,111.909,71.932,58.487
198.395,67.554,71.932,58.487
201.386,69.907,70.398,57.240
202.378,72.694,68.897,56.019
204.770,94.357,67.428,54.824
207.110,98.417,65.990,53.655
206.680,97.402,64.583,52.511
209.809,96.852,63.205,51.391
209.134,96.627,63.205,51.391
210.260,99.105,63.205,51.391
212.288,99.781,63.205,51.391
214.047,101.849,61.857,50.295
216.031,103.833,61.857,50.295
217.406,104.421,63.226,51.408
216.730,104.195,63.226,51.408
218.307,101.716,63.226,51.408
217.181,101.040,63.226,51.408
216.504,99.463,63.226,51.408
217.909,98.660,64.625,52.545
217.433,97.840,66.055,53.708
217.003,97.732,64.646,52.563
216.312,97.041,64.646,52.563
215.160,96.349,64.646,52.563
214.008,96.119,64.646,52.563
217.584,99.567,63.267,51.442
218.911,98.594,61.918,50.345
220.014,99.697,61.918,50.345
219.794,99.035,61.918,50.345
220.897,98.373,61.918,50.345
220.235,97.711,61.918,50.345
222.663,99.697,61.918,50.345
221.834,98.745,60.598,49.271
223.937,98.229,59.306,48.220
223.143,97.317,58.041,47.192
225.005,97.110,58.041,47.192
224.148,99.808,59.325,48.236
223.514,102.980,59.325,48.236
220.445,77.656,60.638,49.303
223.383,79.223,59.345,48.252
223.171,79.858,59.345,48.252
223.806,77.531,59.345,48.252
223.369,75.900,60.657,49.320
224.450,73.522,60.657,49.320
225.098,68.981,60.657,49.320
225.315,63.576,60.657,49.320
223.971,59.217,62.000,50.411
225.076,57.229,62.000,50.411
224.855,59.217,62.000,50.411
225.076,59.880,62.000,50.411
224.413,60.985,62.000,50.411
225.076,62.974,62.000,50.411
225.297,66.289,62.000,50.411
225.517,68.278,62.000,50.411
226.622,70.267,62.000,50.411
226.843,71.372,62.000,50.411
227.064,71.593,62.000,50.411
226.401,72.256,62.000,50.411
229.405,72.580,60.677,49.336
230.678,70.813,59.383,48.284
231.923,71.940,58.117,47.254
232.130,71.319,58.117,47.254
230.680,71.940,58.117,47.254
233.496,96.203,56.878,46.246
232.888,95.595,56.878,46.246
234.081,97.847,55.665,45.260
232.692,96.855,55.665,45.260
233.684,96.656,55.665,45.260
234.086,96.183,54.478,44.295
235.977,96.094,53.316,43.350
235.630,98.204,52.179,42.426
237.799,98.119,51.066,41.521
236.765,98.386,49.977,40.636
238.500,101.395,48.911,39.769
238.853,104.004,47.868,38.921
238.683,102.809,47.868,38.921
277.754,57.254,47.868,38.921
280.313,60.155,47.868,38.921
283.214,61.349,47.868,38.921
285.091,60.155,47.868,38.921
286.862,60.255,48.927,39.782
290.176,57.291,48.927,39.782
292.349,53.051,50.010,40.662
295.022,53.229,50.010,40.662
296.134,50.745,51.116,41.562
298.781,51.230,52.247,42.482
300.830,54.396,52.247,42.482
303.537,53.347,53.403,43.421
306.303,54.644,54.585,44.382
308.727,53.547,55.793,45.364
311.710,52.155,55.793,45.364
314.295,50.763,55.793,45.364
316.773,48.404,57.027,46.368
318.462,46.415,58.289,47.394
320.188,43.520,59.578,48.442
317.003,47.555,59.578,48.442
314.242,48.616,59.578,48.442
313.180,47.979,59.578,48.442
314.667,47.342,59.578,48.442
316.578,48.404,59.578,48.442
314.667,47.767,59.578,48.442
317.003,47.555,59.578,48.442
319.763,45.643,59.578,48.442
322.409,47.972,60.897,49.514
324.663,49.451,62.244,50.610
323.553,47.898,62.244,50.610
325.550,50.782,62.244,50.610
323.997,55.441,62.244,50.610
323.332,57.438,62.244,50.610
321.952,57.108,63.621,51.729
325.354,58.695,63.621,51.729
323.313,57.561,63.621,51.729
322.179,59.602,63.621,51.729
325.581,59.829,63.621,51.729
323.540,58.695,63.621,51.729
321.952,57.561,63.621,51.729
324.307,53.931,65.029,52.874
323.148,57.871,65.029,52.874
322.453,61.811,65.029,52.874
322.221,63.434,65.029,52.874
324.771,64.593,65.029,52.874
323.148,65.752,65.029,52.874
322.916,67.374,65.029,52.874
321.758,64.361,65.029,52.874
325.234,68.301,65.029,52.874
323.612,70.851,65.029,52.874
321.209,68.582,66.467,54.044
323.815,72.610,66.467,54.044
322.631,72.373,66.467,54.044
324.763,76.401,66.467,54.044
324.526,76.164,66.467,54.044
325.710,74.505,66.467,54.044
325.000,73.795,66.467,54.044
327.606,69.767,66.467,54.044
324.658,70.890,67.938,55.239
301.654,75.975,67.938,55.239
302.380,77.670,67.938,55.239
304.075,78.881,67.938,55.239
307.367,79.236,66.489,54.061
309.675,81.412,65.071,52.908
277.060,51.796,63.684,51.780
277.741,49.300,63.684,51.780
279.784,49.527,63.684,51.780
281.827,49.300,63.684,51.780
284.777,50.435,63.684,51.780
287.274,49.300,63.684,51.780
292.041,46.349,63.684,51.780
296.877,47.557,62.326,50.676
300.753,46.599,60.996,49.595
301.840,48.121,60.996,49.595
304.232,46.164,60.996,49.595
307.928,46.381,60.996,49.595
312.059,45.729,60.996,49.595
316.624,46.816,60.996,49.595
320.755,43.990,60.996,49.595
324.886,45.512,60.996,49.595
325.973,43.120,60.996,49.595
327.930,43.772,60.996,49.595
329.886,47.034,60.996,49.595
331.408,48.990,60.996,49.595
330.508,47.314,62.346,50.693
303.619,43.536,62.346,50.693
304.730,42.869,62.346,50.693
307.619,40.425,62.346,50.693
311.397,41.092,62.346,50.693
315.175,37.758,62.346,50.693
320.286,40.203,62.346,50.693
324.063,43.980,62.346,50.693
326.508,46.425,62.346,50.693
326.730,44.869,62.346,50.693
329.323,50.336,61.016,49.612
330.845,50.119,61.016,49.612
332.367,49.031,61.016,49.612
333.228,52.285,59.715,48.554
305.771,57.606,59.715,48.554
308.963,58.671,59.715,48.554
313.908,58.983,58.442,47.518
318.699,58.358,58.442,47.518
323.074,59.816,58.442,47.518
326.615,58.775,58.442,47.518
323.159,56.736,59.735,48.569
312.300,58.653,59.735,48.569
310.093,59.220,61.057,49.644
312.353,57.993,62.407,50.742
316.579,57.326,62.407,50.742
320.806,59.328,62.407,50.742
323.697,59.106,62.407,50.742
326.144,60.218,62.407,50.742
325.032,62.220,62.407,50.742
300.110,42.965,63.788,51.865
301.055,43.099,65.199,53.013
303.611,40.078,65.199,53.013
306.633,40.775,65.199,53.013
308.724,37.754,65.199,53.013
310.816,37.986,65.199,53.013
309.189,36.824,65.199,53.013
314.534,32.409,65.199,53.013
300.070,42.190,66.642,54.186
295.636,46.766,68.116,55.384
295.134,45.398,69.624,56.610
297.864,47.135,69.624,56.610
300.097,45.894,69.624,56.610
303.323,45.149,69.624,56.610
307.046,46.886,69.624,56.610
312.197,45.488,71.164,57.862
317.017,44.727,71.164,57.862
316.763,42.444,71.164,57.862
320.568,39.654,71.164,57.862
318.792,42.444,71.164,57.862
317.017,46.249,71.164,57.862
316.256,43.966,71.164,57.862
320.060,45.234,71.164,57.862
317.778,42.951,71.164,57.862
316.002,44.220,71.164,57.862
314.226,41.429,71.164,57.862
319.046,41.176,71.164,57.862
316.763,41.937,71.164,57.862
314.660,38.928,72.738,59.142
318.030,42.299,72.738,59.142
314.805,42.451,74.348,60.451
311.508,44.257,75.993,61.788
308.528,40.736,75.993,61.788
304.596,35.837,77.674,63.156
301.551,32.792,77.674,63.156
297.398,30.300,77.674,63.156
294.907,27.808,77.674,63.156
296.845,30.300,77.674,63.156
297.675,27.254,77.674,63.156
281.341,41.374,77.674,63.156
281.064,44.419,77.674,63.156
285.217,43.035,77.674,63.156
288.262,42.758,77.674,63.156
291.307,43.035,77.674,63.156
295.460,43.312,77.674,63.156
300.721,42.481,77.674,63.156
305.427,41.651,77.674,63.156
308.876,40.665,79.393,64.553
305.356,38.483,81.149,65.981
301.757,37.453,82.945,67.441
296.852,33.946,84.780,68.933
302.594,36.062,84.780,68.933
306.522,35.759,84.780,68.933
312.377,40.281,82.972,67.463
311.490,41.759,82.972,67.463
314.561,43.161,84.808,68.956
312.055,38.948,86.684,70.481
280.849,26.281,86.684,70.481
280.852,23.898,88.602,72.041
283.062,25.477,88.602,72.041
283.378,25.793,88.602,72.041
283.381,21.392,90.562,73.635
284.723,21.582,92.566,75.264
284.042,16.984,94.614,76.929
287.543,17.183,96.707,78.631
287.888,13.391,96.707,78.631
291.467,10.733,98.847,80.371
295.126,8.747,101.034,82.149
298.367,4.066,101.034,82.149
302.328,1.545,101.034,82.149
301.670,2.768,98.879,80.397
307.140,4.644,96.771,78.683
305.180,7.811,94.707,77.005
301.309,11.560,92.687,75.363
304.943,14.533,92.687,75.363
303.703,18.203,90.711,73.755
309.199,20.466,90.711,73.755
308.608,26.550,88.776,72.183
312.722,31.929,88.776,72.183
312.753,30.564,86.883,70.643
317.560,34.004,85.030,69.137
316.422,32.112,83.217,67.662
319.882,34.834,81.442,66.219
317.850,36.866,81.442,66.219
317.320,40.091,79.706,64.807
297.085,49.818,78.006,63.425
299.395,51.712,79.732,64.829
303.525,50.111,81.496,66.263
305.336,54.501,83.299,67.729
308.419,53.444,85.142,69.227
309.681,56.141,87.026,70.759
312.902,51.175,88.951,72.325
313.563,48.072,90.919,73.925
311.294,54.229,90.919,73.925
307.935,59.127,92.931,75.560
306.941,58.134,92.931,75.560
312.083,56.066,90.949,73.949
310.462,61.577,90.949,73.949
312.083,59.308,90.949,73.949
310.462,57.687,90.949,73.949
308.841,54.121,90.949,73.949
306.572,51.852,90.949,73.949
306.604,54.827,89.009,72.372
310.729,53.876,89.009,72.372
309.142,53.558,89.009,72.372
312.632,53.876,89.009,72.372
311.046,56.096,89.009,72.372
311.078,55.951,87.111,70.829
309.525,59.987,87.111,70.829
294.311,67.749,87.111,70.829
290.896,66.818,87.111,70.829
243.867,57.981,89.039,72.396
244.184,58.298,89.039,72.396
243.867,58.616,89.039,72.396
244.184,58.298,89.039,72.396
244.501,59.250,89.039,72.396
244.819,59.568,89.039,72.396
246.406,59.885,89.039,72.396
247.992,60.837,89.039,72.396
248.310,58.616,89.039,72.396
249.896,58.933,89.039,72.396
249.899,59.120,91.009,73.998
250.224,59.444,91.009,73.998
251.197,59.769,91.009,73.998
250.872,60.093,91.009,73.998
251.846,60.418,91.009,73.998
252.170,62.039,91.009,73.998
253.143,62.364,91.009,73.998
253.467,62.688,91.009,73.998
255.089,63.661,91.009,73.998
256.063,62.039,91.009,73.998
256.387,63.013,91.009,73.998
255.717,61.184,93.022,75.635
258.038,62.179,93.022,75.635
257.706,62.511,93.022,75.635
259.364,62.179,93.022,75.635
259.695,61.848,93.022,75.635
256.946,61.355,95.080,77.308
259.996,60.338,95.080,77.308
262.643,60.836,93.053,75.660
260.582,59.655,95.111,77.334
261.288,59.151,97.216,79.045
263.021,59.497,97.216,79.045
262.305,56.106,99.367,80.793
264.784,57.877,99.367,80.793
266.868,58.397,97.248,79.071
268.601,58.051,97.248,79.071
269.641,57.704,97.248,79.071
270.680,57.358,97.248,79.071
271.403,56.123,99.399,80.820
273.174,55.060,99.399,80.820
270.237,54.534,101.598,82.608
272.047,56.345,101.598,82.608
273.134,56.707,101.598,82.608
271.323,57.069,101.598,82.608
270.961,58.155,101.598,82.608
272.772,58.517,101.598,82.608
273.134,59.604,101.598,82.608
272.772,59.242,101.598,82.608
