73.000,126.000,29.000,23.000
73.307,125.898,29.000,23.000
73.409,125.796,29.000,23.000
74.328,125.489,29.000,23.000
74.635,124.978,29.000,23.000
75.759,124.876,29.000,23.000
76.679,124.978,29.000,23.000
77.394,125.080,29.000,23.000
77.905,123.547,29.000,23.000
79.029,123.650,29.000,23.000
78.314,123.752,29.000,23.000
78.825,124.058,29.000,23.000
79.949,123.139,29.000,23.000
80.664,122.832,29.000,23.000
81.175,123.139,29.000,23.000
81.277,122.015,29.000,23.000
81.993,121.708,29.000,23.000
82.913,122.219,29.000,23.000
83.424,122.117,29.000,23.000
83.526,121.606,29.000,23.000
84.037,121.708,29.000,23.000
84.343,122.015,29.000,23.000
84.650,121.504,29.000,23.000
85.570,122.015,29.000,23.000
85.876,121.708,29.000,23.000
86.591,122.423,29.000,23.000
86.694,122.730,29.000,23.000
87.205,123.036,29.000,23.000
87.307,122.730,29.000,23.000
87.613,123.241,29.000,23.000
88.124,123.139,29.000,23.000
88.431,122.423,29.000,23.000
88.942,122.934,29.000,23.000
89.657,123.241,29.000,23.000
89.759,122.730,29.000,23.000
90.066,123.241,29.000,23.000
89.759,123.139,29.000,23.000
90.475,123.241,29.000,23.000
90.577,123.547,29.000,23.000
91.088,124.058,29.000,23.000
90.781,123.956,29.000,23.000
91.292,124.876,29.000,23.000
91.599,125.182,29.000,23.000
91.905,125.489,29.000,23.000
92.621,126.000,29.000,23.000
92.723,126.715,29.000,23.000
93.029,127.022,29.000,23.000
92.519,126.920,29.000,23.000
93.234,127.635,29.000,23.000
93.336,127.942,29.000,23.000
93.847,128.044,29.000,23.000
94.358,127.124,29.000,23.000
94.460,127.226,29.000,23.000
94.971,126.920,29.000,23.000
95.686,127.226,29.000,23.000
95.789,126.511,29.000,23.000
96.300,126.613,29.000,23.000
96.606,126.511,29.000,23.000
97.117,126.204,29.000,23.000
97.219,125.898,29.000,23.000
97.526,126.204,29.000,23.000
97.832,125.489,29.000,23.000
98.343,125.591,29.000,23.000
98.446,125.693,29.000,23.000
98.752,125.796,29.000,23.000
99.263,125.693,29.000,23.000
98.957,125.387,29.000,23.000
99.467,125.285,29.000,23.000
99.774,124.978,29.000,23.000
100.285,125.489,29.000,23.000
100.070,124.704,29.642,23.509
100.801,124.809,29.642,23.509
101.115,124.704,29.642,23.509
101.637,124.809,29.642,23.509
100.697,124.913,29.642,23.509
101.219,125.018,29.642,23.509
100.697,124.913,29.642,23.509
101.219,124.809,29.642,23.509
101.533,124.704,29.642,23.509
101.637,124.391,29.642,23.509
102.159,124.287,29.642,23.509
102.682,124.182,29.642,23.509
102.577,124.913,29.642,23.509
102.682,124.809,29.642,23.509
102.995,124.705,29.642,23.509
103.308,124.600,29.642,23.509
102.368,124.496,29.642,23.509
102.890,124.182,29.642,23.509
103.413,124.913,29.642,23.509
102.682,124.600,29.642,23.509
103.204,124.287,29.642,23.509
102.682,124.182,29.642,23.509
103.204,124.496,29.642,23.509
102.551,123.910,30.297,24.029
103.085,124.017,30.297,24.029
102.417,123.198,30.968,24.561
103.181,123.525,30.968,24.561
102.725,123.366,31.653,25.104
102.391,123.255,31.653,25.104
102.948,122.920,31.653,25.104
102.837,123.701,31.653,25.104
102.948,123.366,31.653,25.104
103.060,123.255,31.653,25.104
103.171,122.920,31.653,25.104
103.283,123.701,31.653,25.104
103.618,123.590,31.653,25.104
103.952,123.255,31.653,25.104
103.171,123.366,31.653,25.104
103.506,123.032,31.653,25.104
103.841,122.920,31.653,25.104
103.283,123.478,31.653,25.104
103.841,123.143,31.653,25.104
103.283,122.809,31.653,25.104
103.618,122.920,31.653,25.104
104.175,123.255,31.653,25.104
103.841,122.697,31.653,25.104
103.283,122.809,31.653,25.104
103.618,122.697,31.653,25.104
103.952,122.586,31.653,25.104
103.394,122.251,31.653,25.104
103.729,121.916,31.653,25.104
103.171,122.028,31.653,25.104
103.283,121.470,31.653,25.104
103.618,121.582,31.653,25.104
103.952,121.693,31.653,25.104
103.394,121.805,31.653,25.104
103.729,121.693,31.653,25.104
103.171,121.805,31.653,25.104
103.729,121.470,31.653,25.104
103.394,121.582,31.653,25.104
103.952,121.693,31.653,25.104
103.841,122.028,31.653,25.104
103.506,121.470,31.653,25.104
104.287,122.028,31.653,25.104
104.175,121.693,31.653,25.104
104.064,122.251,31.653,25.104
103.952,121.916,31.653,25.104
103.841,122.474,31.653,25.104
103.729,122.139,31.653,25.104
103.618,121.805,31.653,25.104
104.175,122.363,31.653,25.104
103.841,121.582,31.653,25.104
103.506,121.693,31.653,25.104
104.064,121.805,31.653,25.104
103.729,121.693,31.653,25.104
103.171,121.805,31.653,25.104
103.506,121.693,31.653,25.104
103.841,121.805,31.653,25.104
103.283,121.916,31.653,25.104
103.394,121.805,31.653,25.104
103.729,121.916,31.653,25.104
103.171,121.805,31.653,25.104
103.283,121.693,31.653,25.104
103.618,121.805,31.653,25.104
103.729,121.693,31.653,25.104
103.171,121.582,31.653,25.104
103.283,121.470,31.653,25.104
103.618,121.359,31.653,25.104
103.952,121.693,31.653,25.104
103.171,121.805,31.653,25.104
103.729,122.363,31.653,25.104
103.171,122.028,31.653,25.104
103.506,121.693,31.653,25.104
103.841,122.474,31.653,25.104
103.283,122.363,31.653,25.104
103.617,122.251,31.653,25.104
103.952,122.139,31.653,25.104
103.617,122.028,31.653,25.104
104.175,121.916,31.653,25.104
103.841,122.697,31.653,25.104
103.506,122.586,31.653,25.104
104.064,122.474,31.653,25.104
103.952,122.139,31.653,25.104
103.618,121.805,31.653,25.104
104.398,122.139,31.653,25.104
104.064,121.805,31.653,25.104
103.952,121.916,31.653,25.104
103.841,122.251,31.653,25.104
103.729,121.470,31.653,25.104
103.841,121.805,31.653,25.104
103.952,122.139,31.653,25.104
104.064,121.805,31.653,25.104
104.398,122.586,31.653,25.104
104.733,122.474,31.653,25.104
104.621,122.586,31.653,25.104
105.625,123.143,31.653,25.104
105.291,122.809,31.653,25.104
105.402,123.589,31.653,25.104
105.514,123.701,31.653,25.104
105.848,124.036,31.653,25.104
105.291,123.478,31.653,25.104
105.848,123.813,31.653,25.104
105.514,124.147,31.653,25.104
106.294,123.366,31.653,25.104
106.183,123.478,31.653,25.104
106.294,123.366,31.653,25.104
106.406,123.032,31.653,25.104
106.741,122.474,31.653,25.104
106.629,122.586,31.653,25.104
107.187,122.697,31.653,25.104
106.852,122.586,31.653,25.104
106.741,122.697,31.653,25.104
106.852,122.363,31.653,25.104
106.964,122.251,31.653,25.104
107.298,122.139,31.653,25.104
107.856,122.028,31.653,25.104
107.521,121.916,31.653,25.104
108.525,122.697,31.653,25.104
108.637,122.809,31.653,25.104
108.971,123.143,31.653,25.104
108.637,122.139,31.653,25.104
109.418,122.697,31.653,25.104
109.306,123.255,31.653,25.104
109.195,123.143,31.653,25.104
109.529,123.255,31.653,25.104
110.087,123.366,31.653,25.104
110.198,123.924,31.653,25.104
110.533,124.482,31.653,25.104
111.091,124.370,31.653,25.104
110.756,124.036,31.653,25.104
110.421,123.924,31.653,25.104
111.648,124.705,31.653,25.104
111.760,124.147,31.653,25.104
111.202,123.366,31.653,25.104
111.983,123.924,31.653,25.104
112.318,124.036,31.653,25.104
112.875,122.809,31.653,25.104
112.987,123.366,31.653,25.104
113.322,122.809,31.653,25.104
113.879,122.920,31.653,25.104
114.214,122.809,31.653,25.104
114.772,122.474,31.653,25.104
114.660,121.693,31.653,25.104
115.664,122.251,31.653,25.104
116.222,121.470,31.653,25.104
115.664,122.251,31.653,25.104
116.891,122.139,31.653,25.104
116.779,121.805,31.653,25.104
116.445,122.586,31.653,25.104
117.225,122.474,31.653,25.104
117.783,122.363,31.653,25.104
117.672,122.474,31.653,25.104
118.675,122.586,31.653,25.104
117.895,122.920,31.653,25.104
118.452,123.255,31.653,25.104
119.456,122.697,31.653,25.104
119.345,123.032,31.653,25.104
119.679,122.028,31.653,25.104
119.122,121.916,31.653,25.104
119.456,122.251,31.653,25.104
120.237,121.693,31.653,25.104
120.795,121.805,31.653,25.104
120.683,121.470,31.653,25.104
121.241,121.136,31.653,25.104
122.245,120.132,31.653,25.104
123.249,120.466,31.653,25.104
123.583,120.801,31.653,25.104
124.587,121.136,31.653,25.104
124.922,120.578,31.653,25.104
125.256,120.913,31.653,25.104
126.037,121.247,31.653,25.104
125.926,120.466,31.653,25.104
127.153,120.801,31.653,25.104
127.710,121.136,31.653,25.104
127.153,120.355,31.653,25.104
128.826,120.689,31.653,25.104
128.591,120.990,32.353,25.659
129.298,120.825,33.069,26.227
129.778,120.656,33.801,26.807
129.281,119.741,34.549,27.401
129.890,120.350,34.549,27.401
130.985,119.498,34.549,27.401
132.081,119.619,34.549,27.401
132.690,119.011,34.549,27.401
132.568,117.915,34.549,27.401
133.420,117.063,34.549,27.401
134.272,116.698,34.549,27.401
134.638,117.063,34.549,27.401
135.733,115.480,34.549,27.401
141.793,114.798,35.313,28.007
145.402,115.171,35.313,28.007
146.770,114.051,35.313,28.007
146.646,114.176,35.313,28.007
146.024,114.300,35.313,28.007
145.650,114.922,35.313,28.007
143.535,115.794,35.313,28.007
142.166,115.918,35.313,28.007
143.535,116.540,35.313,28.007
145.153,115.669,35.313,28.007
143.490,116.328,34.560,27.410
144.343,116.206,34.560,27.410
144.708,116.328,34.560,27.410
144.343,116.449,34.560,27.410
144.221,116.328,34.560,27.410
144.099,116.206,34.560,27.410
144.465,115.840,34.560,27.410
144.830,114.988,34.560,27.410
145.439,115.110,34.560,27.410
145.804,114.988,34.560,27.410
146.657,114.866,34.560,27.410
147.022,114.501,34.560,27.410
147.144,115.110,34.560,27.410
147.753,114.988,34.560,27.410
147.534,114.928,33.823,26.825
147.653,116.001,33.823,26.825
148.129,115.942,33.102,26.253
148.246,116.059,33.102,26.253
147.896,117.109,33.102,26.253
147.911,117.726,32.396,25.693
148.367,118.990,31.705,25.145
148.813,120.012,31.029,24.609
148.922,121.433,31.029,24.609
148.515,122.644,30.367,24.084
148.942,123.623,29.719,23.571
149.360,124.177,29.086,23.068
149.374,124.917,28.465,22.576
148.872,125.619,28.465,22.576
148.885,125.957,27.858,22.095
149.180,125.466,27.858,22.095
149.004,125.039,27.264,21.623
149.017,124.436,26.683,21.162
149.754,124.209,26.114,20.711
149.110,122.644,26.114,20.711
149.123,122.954,25.557,20.269
148.492,122.143,25.557,20.269
148.222,121.693,25.557,20.269
147.366,121.475,25.012,19.837
147.278,121.387,25.012,19.837
146.837,121.123,25.012,19.837
146.749,120.682,25.012,19.837
145.232,120.808,24.479,19.414
145.836,120.722,24.479,19.414
144.887,121.326,24.479,19.414
143.938,121.930,24.479,19.414
143.284,122.220,23.957,19.000
143.031,122.642,23.957,19.000
142.103,123.740,23.957,19.000
141.680,125.006,23.957,19.000
140.245,125.259,23.957,19.000
139.654,126.019,23.957,19.000
139.503,126.628,23.446,18.595
138.925,127.041,23.446,18.595
137.190,127.620,23.446,18.595
136.942,128.033,23.446,18.595
135.372,128.776,23.446,18.595
135.289,129.024,23.446,18.595
134.050,129.768,23.446,18.595
132.811,130.016,23.446,18.595
131.241,130.429,23.446,18.595
130.663,130.511,23.446,18.595
130.084,130.594,23.446,18.595
128.845,131.007,23.446,18.595
127.275,131.751,23.446,18.595
126.532,131.833,23.446,18.595
125.458,132.081,23.446,18.595
124.053,132.329,23.446,18.595
122.483,131.586,23.446,18.595
121.740,131.999,23.446,18.595
120.996,132.412,23.446,18.595
119.261,131.503,23.446,18.595
118.230,131.726,23.964,19.006
117.133,131.810,23.964,19.006
115.697,131.050,23.964,19.006
114.261,130.121,23.964,19.006
113.333,130.037,23.964,19.006
112.235,129.615,23.964,19.006
111.475,130.206,23.964,19.006
110.208,129.784,23.964,19.006
108.435,130.375,23.964,19.006
107.675,130.121,23.964,19.006
105.394,129.868,23.964,19.006
104.634,130.628,23.964,19.006
103.030,131.050,23.964,19.006
101.932,130.459,23.964,19.006
100.665,130.881,23.964,19.006
99.568,131.472,23.964,19.006
98.132,130.881,23.964,19.006
97.372,131.304,23.964,19.006
96.443,130.544,23.964,19.006
94.332,130.628,23.964,19.006
92.896,131.050,23.964,19.006
91.292,130.121,23.964,19.006
90.363,130.037,23.964,19.006
89.265,130.121,23.964,19.006
88.336,130.206,23.964,19.006
87.069,130.628,23.964,19.006
85.127,130.881,23.964,19.006
83.860,131.641,23.964,19.006
82.594,131.895,23.964,19.006
80.651,131.810,23.964,19.006
79.554,132.401,23.964,19.006
76.598,131.641,23.964,19.006
75.669,132.401,23.964,19.006
