143.000,125.000,30.000,54.000
142.836,125.164,30.000,54.000
143.327,125.655,30.000,54.000
143.164,126.146,30.000,54.000
143.000,126.309,30.000,54.000
143.818,126.800,30.000,54.000
143.655,127.291,30.000,54.000
143.491,127.455,30.000,54.000
143.327,127.619,30.000,54.000
143.164,127.782,30.000,54.000
143.000,127.946,30.000,54.000
143.491,128.437,30.000,54.000
143.000,127.946,30.000,54.000
143.491,127.782,30.000,54.000
143.000,126.309,30.000,54.000
142.836,125.164,30.000,54.000
141.995,123.717,30.664,55.195
141.493,123.550,30.664,55.195
140.657,124.052,30.664,55.195
140.824,125.223,30.664,55.195
139.988,126.059,30.664,55.195
139.822,126.316,31.342,56.416
141.361,125.120,31.342,56.416
140.127,125.028,32.036,57.664
140.302,125.552,32.036,57.664
139.079,126.426,32.036,57.664
137.818,126.332,32.744,58.940
139.425,125.439,32.744,58.940
138.507,125.713,33.469,60.244
137.569,125.994,34.209,61.577
139.707,126.281,34.966,62.939
138.753,127.235,34.966,62.939
140.148,126.736,35.740,64.332
138.741,125.418,36.531,65.755
137.717,125.311,37.339,67.210
139.550,125.514,37.339,67.210
137.657,125.827,38.165,68.697
135.723,126.147,39.009,70.217
133.746,126.475,39.872,71.770
131.788,127.562,39.872,71.770
130.266,128.650,39.872,71.770
130.048,127.997,39.872,71.770
128.091,127.780,39.872,71.770
126.133,126.257,39.872,71.770
124.175,125.170,39.872,71.770
123.958,122.777,39.872,71.770
125.480,122.559,39.872,71.770
127.873,123.647,39.872,71.770
130.701,122.124,39.872,71.770
133.851,123.519,39.022,70.240
137.345,124.473,38.190,68.742
140.363,126.210,37.376,67.276
143.421,126.414,37.376,67.276
144.849,127.841,37.376,67.276
143.085,130.327,36.579,65.841
141.689,130.526,36.579,65.841
140.292,128.731,36.579,65.841
137.698,129.728,36.579,65.841
135.902,131.524,36.579,65.841
134.505,135.316,36.579,65.841
135.104,136.712,36.579,65.841
135.702,136.912,36.579,65.841
136.301,136.712,36.579,65.841
137.698,136.114,36.579,65.841
136.301,135.515,36.579,65.841
134.505,132.921,36.579,65.841
132.709,130.327,36.579,65.841
130.115,128.930,36.579,65.841
128.319,128.331,36.579,65.841
126.879,125.326,37.388,67.298
127.083,123.898,37.388,67.298
128.103,122.062,37.388,67.298
129.939,114.924,37.388,67.298
131.006,104.657,38.215,68.787
128.296,95.692,38.215,68.787
125.288,94.617,37.400,67.320
119.371,96.046,37.400,67.320
109.782,97.474,37.400,67.320
104.681,98.902,37.400,67.320
96.623,106.896,36.603,65.885
92.202,116.644,35.822,64.480
92.398,130.910,35.822,64.480
94.232,145.402,36.615,65.906
98.027,153.991,36.615,65.906
112.335,167.147,37.425,67.364
128.056,173.884,37.425,67.364
142.257,176.316,38.253,68.855
152.065,178.194,38.253,68.855
157.699,176.734,38.253,68.855
160.524,171.858,39.099,70.378
157.657,165.990,39.964,71.935
154.274,162.254,40.848,73.527
149.430,158.435,41.752,75.154
144.478,152.641,42.676,76.817
139.900,148.168,43.620,78.516
135.220,125.821,44.585,80.253
125.248,116.821,44.585,80.253
116.735,115.119,44.585,80.253
110.655,116.335,44.585,80.253
106.520,119.010,44.585,80.253
105.304,123.145,44.585,80.253
106.520,126.794,44.585,80.253
109.812,128.682,45.572,82.029
113.177,130.095,46.580,83.844
117.143,130.486,47.610,85.699
123.636,125.551,47.610,85.699
129.307,127.028,48.664,87.595
134.351,121.454,48.664,87.595
137.272,118.002,48.664,87.595
139.130,119.330,48.664,87.595
139.926,115.879,48.664,87.595
139.130,115.082,48.664,87.595
137.803,113.755,48.664,87.595
136.475,110.835,48.664,87.595
133.458,107.387,49.740,89.533
128.302,108.201,49.740,89.533
123.863,110.986,48.680,87.624
123.067,112.845,48.680,87.624
123.863,115.235,48.680,87.624
124.129,116.563,48.680,87.624
126.070,118.073,49.757,89.562
126.884,118.888,49.757,89.562
126.613,116.445,49.757,89.562
127.427,115.087,49.757,89.562
129.327,116.445,49.757,89.562
127.427,114.545,49.757,89.562
126.650,112.622,48.696,87.652
125.284,112.479,49.773,89.592
122.198,107.826,50.874,91.574
121.921,106.993,50.874,91.574
121.088,108.381,50.874,91.574
120.811,108.103,50.874,91.574
118.868,108.936,50.874,91.574
122.048,107.635,52.000,93.600
122.332,104.514,52.000,93.600
122.616,100.826,52.000,93.600
123.990,98.817,50.891,91.604
125.934,95.208,50.891,91.604
127.877,92.709,50.891,91.604
139.700,81.615,52.017,93.631
143.389,70.548,52.017,93.631
144.807,65.156,52.017,93.631
142.254,62.602,52.017,93.631
138.565,62.318,52.017,93.631
136.011,60.900,52.017,93.631
132.889,61.751,52.017,93.631
134.811,59.194,50.908,91.634
131.757,58.916,50.908,91.634
129.813,59.194,50.908,91.634
131.201,56.139,50.908,91.634
132.590,56.972,50.908,91.634
134.534,56.139,50.908,91.634
137.033,57.527,50.908,91.634
139.533,56.139,50.908,91.634
142.032,58.638,50.908,91.634
145.087,61.693,50.908,91.634
149.645,57.584,49.822,89.680
154.265,53.507,49.822,89.680
157.255,52.692,49.822,89.680
159.701,54.051,49.822,89.680
158.342,55.953,49.822,89.680
158.614,54.594,49.822,89.680
157.255,55.953,49.822,89.680
156.983,56.769,49.822,89.680
157.799,56.497,49.822,89.680
157.527,56.225,49.822,89.680
157.255,55.953,49.822,89.680
155.896,57.312,49.822,89.680
157.255,55.953,49.822,89.680
155.353,56.769,49.822,89.680
153.994,57.584,49.822,89.680
155.353,56.225,49.822,89.680
153.450,57.041,49.822,89.680
153.178,57.312,49.822,89.680
152.363,55.953,49.822,89.680
152.635,56.769,49.822,89.680
153.994,55.953,49.822,89.680
152.635,56.769,49.822,89.680
153.994,56.497,49.822,89.680
152.635,56.769,49.822,89.680
151.819,57.584,49.822,89.680
151.550,57.438,50.924,91.664
150.161,57.716,50.924,91.664
152.106,57.994,50.924,91.664
151.828,58.271,50.924,91.664
153.217,56.327,50.924,91.664
152.939,56.605,50.924,91.664
153.773,56.882,50.924,91.664
154.050,57.160,50.924,91.664
154.884,57.438,50.924,91.664
154.606,56.049,50.924,91.664
154.328,57.438,50.924,91.664
156.273,54.938,50.924,91.664
156.551,55.771,50.924,91.664
158.495,53.271,50.924,91.664
160.995,51.326,50.924,91.664
162.940,50.493,50.924,91.664
162.662,50.215,50.924,91.664
164.051,48.826,50.924,91.664
162.662,50.771,50.924,91.664
163.496,49.382,50.924,91.664
161.491,49.809,52.051,93.692
162.911,48.389,52.051,93.692
160.862,49.415,53.203,95.765
162.381,46.247,54.380,97.884
163.934,43.010,55.583,100.049
166.151,39.072,56.813,102.263
162.628,41.478,58.070,104.526
165.479,37.993,58.070,104.526
167.697,33.875,58.070,104.526
170.548,30.390,58.070,104.526
166.430,33.875,58.070,104.526
161.678,39.260,58.070,104.526
162.022,44.349,59.355,106.838
174.002,58.919,59.355,106.838
175.621,59.243,59.355,106.838
170.764,55.034,59.355,106.838
165.740,50.829,60.668,109.202
159.232,48.590,62.010,111.618
152.128,46.222,62.010,111.618
142.318,51.297,62.010,111.618
134.175,59.334,60.688,109.238
121.926,62.976,60.688,109.238
107.172,59.363,62.030,111.655
96.005,57.671,62.030,111.655
81.337,55.926,60.708,109.274
65.771,58.907,60.708,109.274
50.868,63.212,60.708,109.274
37.952,69.504,60.708,109.274
33.173,78.011,59.413,106.943
28.960,82.873,59.413,106.943
31.329,84.716,60.727,109.310
33.648,88.360,60.727,109.310
37.292,92.005,60.727,109.310
44.007,91.573,59.432,106.978
49.518,90.601,59.432,106.978
56.089,93.929,58.165,104.697
64.356,95.963,56.925,102.464
74.241,95.559,55.711,100.279
79.408,97.078,55.711,100.279
85.790,98.598,55.711,100.279
91.364,102.304,54.523,98.141
95.826,106.765,54.523,98.141
99.097,112.416,54.523,98.141
102.259,118.337,53.360,96.048
104.879,116.299,53.360,96.048
106.916,114.843,53.360,96.048
108.954,115.135,53.360,96.048
111.574,114.261,53.360,96.048
112.447,115.717,53.360,96.048
113.903,115.426,53.360,96.048
114.194,113.388,53.360,96.048
113.321,111.350,53.360,96.048
111.283,109.895,53.360,96.048
113.321,108.439,53.360,96.048
110.701,105.820,53.360,96.048
112.672,103.757,52.222,94.000
110.758,101.739,51.108,91.995
112.109,100.839,50.018,90.033
112.905,99.958,48.952,88.113
114.714,99.096,47.908,86.234
116.544,98.834,47.908,86.234
118.314,98.494,46.886,84.395
120.047,97.668,45.886,82.596
120.798,96.918,45.886,82.596
120.550,95.744,46.902,84.423
119.782,97.023,46.902,84.423
122.009,97.184,45.901,82.623
121.758,98.436,45.901,82.623
122.006,99.558,44.923,80.861
124.212,100.293,44.923,80.861
127.289,100.447,43.965,79.136
129.376,100.135,43.027,77.449
129.611,99.431,43.027,77.449
128.437,97.788,43.027,77.449
128.672,96.145,43.027,77.449
126.560,94.971,43.027,77.449
124.447,95.206,43.027,77.449
125.621,96.849,43.027,77.449
123.508,98.961,43.027,77.449
125.151,103.421,43.027,77.449
120.691,106.003,43.027,77.449
116.232,109.524,43.027,77.449
114.589,113.514,43.027,77.449
114.354,117.035,43.027,77.449
115.527,121.495,43.027,77.449
116.701,125.485,43.027,77.449
118.344,129.006,43.027,77.449
120.457,132.057,43.027,77.449
122.569,132.762,43.027,77.449
124.159,133.361,42.109,75.797
124.389,132.212,42.109,75.797
125.059,131.914,41.211,74.181
123.036,130.340,41.211,74.181
121.525,130.481,40.333,72.599
119.622,130.619,39.473,71.051
117.254,132.987,39.473,71.051
116.608,131.480,39.473,71.051
115.100,133.849,39.473,71.051
117.038,131.911,39.473,71.051
115.100,134.710,39.473,71.051
117.900,132.772,39.473,71.051
116.346,134.890,40.346,72.623
118.868,132.032,41.239,74.229
118.643,135.406,41.239,74.229
119.821,138.086,42.151,75.872
119.591,140.615,42.151,75.872
117.981,142.225,42.151,75.872
117.291,140.156,42.151,75.872
115.682,140.845,42.151,75.872
118.671,140.615,42.151,75.872
117.061,142.225,42.151,75.872
117.751,138.776,42.151,75.872
121.660,139.006,42.151,75.872
126.029,140.615,42.151,75.872
129.938,139.466,42.151,75.872
132.468,141.995,42.151,75.872
135.457,144.525,42.151,75.872
137.527,146.594,42.151,75.872
138.216,149.123,42.151,75.872
139.826,151.193,42.151,75.872
141.436,155.102,42.151,75.872
139.366,158.551,42.151,75.872
138.676,159.701,42.151,75.872
142.125,156.712,42.151,75.872
142.815,154.182,42.151,75.872
143.505,152.113,42.151,75.872
143.275,150.963,42.151,75.872
140.662,153.225,43.084,77.550
173.063,142.045,42.165,75.897
177.282,146.624,41.266,74.278
179.674,150.670,40.386,72.694
180.742,152.932,39.524,71.144
180.958,154.873,39.524,71.144
182.036,157.244,39.524,71.144
182.665,159.458,38.681,69.627
183.281,159.590,37.857,68.142
181.835,159.383,37.857,68.142
180.845,156.726,37.049,66.689
178.708,154.515,36.259,65.267
176.997,152.732,35.486,63.875
175.696,149.495,34.729,62.513
174.058,145.596,33.989,61.179
182.820,165.729,33.264,59.875
182.650,163.744,32.554,58.598
181.114,161.116,31.860,57.348
178.941,158.880,31.181,56.125
177.470,156.363,30.516,54.928
175.710,153.900,29.865,53.757
174.301,151.804,29.228,52.611
173.844,150.367,28.605,51.489
172.494,149.863,27.995,50.391
172.940,149.664,27.398,49.316
171.595,149.515,27.398,49.316
171.743,148.456,26.814,48.264
172.170,149.112,26.242,47.235
172.599,149.541,26.242,47.235
172.170,150.543,26.242,47.235
172.864,151.461,25.682,46.228
173.844,153.562,25.682,46.228
174.265,156.785,25.682,46.228
173.004,160.007,25.682,46.228
170.342,144.456,25.682,46.228
170.202,147.118,25.682,46.228
172.023,152.021,25.682,46.228
173.284,155.244,25.682,46.228
171.743,159.306,25.682,46.228
170.441,162.138,26.250,47.251
171.730,165.432,26.250,47.251
173.074,167.435,26.831,48.296
175.270,169.338,26.831,48.296
177.465,170.362,26.831,48.296
179.661,171.094,26.831,48.296
180.685,172.119,26.831,48.296
182.295,173.729,26.831,48.296
184.491,177.096,26.831,48.296
186.394,179.584,26.831,48.296
188.297,183.829,26.831,48.296
189.907,188.952,26.831,48.296
190.369,193.732,27.425,49.365
191.716,197.772,27.425,49.365
194.857,199.717,27.425,49.365
198.598,199.567,27.425,49.365
200.543,198.819,27.425,49.365
200.992,198.370,27.425,49.365
202.039,198.819,27.425,49.365
201.270,199.360,28.032,50.457
202.070,198.326,28.652,51.573
204.102,198.794,28.652,51.573
206.134,198.951,28.652,51.573
207.228,199.420,28.652,51.573
208.371,197.714,29.286,52.714
210.128,196.596,29.286,52.714
212.953,197.504,29.934,53.881
202.965,195.383,30.596,55.073
201.415,194.255,31.273,56.291
207.045,193.402,31.273,56.291
213.248,191.186,31.965,57.537
219.351,189.268,31.965,57.537
219.902,186.641,32.672,58.810
217.506,185.066,33.395,60.111
214.045,186.341,33.395,60.111
209.706,184.731,34.134,61.441
206.431,183.086,34.889,62.800
206.637,181.009,35.661,64.190
204.426,178.482,36.450,65.610
203.830,178.681,36.450,65.610
201.642,179.277,36.450,65.610
201.841,179.874,36.450,65.610
200.449,180.868,36.450,65.610
200.648,181.067,36.450,65.610
200.847,181.266,36.450,65.610
199.853,179.874,36.450,65.610
200.052,180.073,36.450,65.610
200.250,177.885,36.450,65.610
201.642,175.300,36.450,65.610
203.034,170.727,36.450,65.610
200.774,164.019,37.256,67.061
197.621,152.101,38.081,68.545
196.167,148.154,38.081,68.545
196.790,145.453,38.081,68.545
194.993,142.780,37.269,67.083
196.823,137.697,37.269,67.083
204.346,128.955,37.269,67.083
211.462,124.685,37.269,67.083
213.291,122.042,37.269,67.083
215.199,120.246,38.093,68.568
217.070,119.622,38.093,68.568
218.109,121.492,38.093,68.568
218.732,123.778,38.093,68.568
219.339,126.713,37.281,67.105
217.580,128.800,36.486,65.674
216.187,130.592,36.486,65.674
216.384,131.868,35.708,64.274
217.328,130.863,34.946,62.903
216.414,130.248,34.201,61.562
215.481,131.180,34.201,61.562
216.041,131.740,34.201,61.562
216.601,131.927,34.201,61.562
215.706,132.763,33.472,60.249
216.254,133.676,33.472,60.249
215.316,134.714,34.212,61.582
212.807,138.100,34.969,62.944
214.597,132.851,35.743,64.337
222.092,130.319,36.534,65.761
224.789,131.039,37.342,67.215
222.956,129.613,37.342,67.215
221.122,130.224,37.342,67.215
218.882,128.390,37.342,67.215
220.715,129.409,37.342,67.215
222.956,130.427,37.342,67.215
223.599,130.318,38.168,68.703
223.825,128.910,39.013,70.223
222.731,128.354,39.876,71.776
220.774,128.136,39.876,71.776
218.816,127.049,39.876,71.776
219.033,128.136,39.876,71.776
216.205,128.789,39.876,71.776
215.118,129.877,39.876,71.776
194.017,168.815,39.876,71.776
193.364,172.078,39.876,71.776
193.582,174.036,39.876,71.776
191.561,170.759,40.758,73.364
190.418,167.410,41.660,74.988
191.554,169.910,41.660,74.988
192.691,171.501,41.660,74.988
192.009,168.546,41.660,74.988
193.600,170.137,41.660,74.988
195.191,171.274,41.660,74.988
195.872,173.773,41.660,74.988
196.100,175.819,41.660,74.988
196.781,174.228,41.660,74.988
