298.000,160.000,48.000,80.000
297.750,162.250,48.000,80.000
299.000,165.000,48.000,80.000
300.250,169.250,48.000,80.000
301.000,171.000,48.000,80.000
303.250,176.249,48.000,80.000
305.500,177.999,48.000,80.000
309.250,181.249,48.000,80.000
312.500,181.999,48.000,80.000
315.749,183.249,48.000,80.000
317.999,181.999,48.000,80.000
320.249,181.749,48.000,80.000
318.999,180.999,48.000,80.000
320.249,182.249,48.000,80.000
317.999,182.499,48.000,80.000
316.172,184.467,49.062,81.770
314.834,187.539,50.147,83.579
315.092,189.595,51.257,85.428
313.694,191.143,52.391,87.318
312.831,189.894,53.550,89.250
310.792,187.460,54.735,91.225
308.116,184.972,55.946,93.243
304.172,182.429,57.184,95.306
298.904,182.919,58.449,97.415
294.784,180.894,59.742,99.570
291.863,182.698,61.064,101.773
295.477,183.882,62.415,104.025
300.520,185.092,63.796,106.327
306.833,188.747,63.796,106.327
313.146,192.402,63.796,106.327
316.801,196.721,63.796,106.327
318.462,202.370,63.796,106.327
316.136,205.360,63.796,106.327
322.449,213.002,63.796,106.327
325.439,219.315,63.796,106.327
326.440,225.252,62.436,104.059
325.539,225.422,61.104,101.840
321.589,224.974,59.801,99.668
385.437,237.121,59.801,99.668
386.994,236.186,59.801,99.668
386.060,235.252,59.801,99.668
386.994,234.317,59.801,99.668
386.060,236.498,59.801,99.668
386.994,235.563,59.801,99.668
386.060,235.252,59.801,99.668
386.994,234.317,59.801,99.668
386.060,235.252,59.801,99.668
386.994,234.317,59.801,99.668
386.060,234.006,59.801,99.668
386.994,233.695,59.801,99.668
386.683,232.760,59.801,99.668
385.749,234.940,59.801,99.668
386.683,234.006,59.801,99.668
385.749,236.186,59.801,99.668
386.683,235.252,59.801,99.668
385.749,237.432,59.801,99.668
386.060,236.498,59.801,99.668
385.126,239.301,59.801,99.668
385.437,237.743,59.801,99.668
383.257,239.924,59.801,99.668
384.814,241.481,59.801,99.668
385.749,244.907,59.801,99.668
388.552,243.973,59.801,99.668
386.994,246.776,59.801,99.668
384.814,245.841,59.801,99.668
384.503,251.759,59.801,99.668
385.437,248.333,59.801,99.668
381.388,248.021,59.801,99.668
384.814,220.925,59.801,99.668
375.782,214.384,59.801,99.668
387.306,236.498,59.801,99.668
388.240,239.301,59.801,99.668
387.306,236.498,59.801,99.668
386.371,234.940,59.801,99.668
387.306,234.006,59.801,99.668
386.371,236.186,59.801,99.668
386.683,234.629,59.801,99.668
385.749,235.563,59.801,99.668
386.683,234.629,59.801,99.668
386.371,233.695,59.801,99.668
387.306,232.760,59.801,99.668
386.371,233.072,59.801,99.668
387.306,232.760,59.801,99.668
386.371,233.695,59.801,99.668
387.306,232.760,59.801,99.668
386.371,234.317,59.801,99.668
386.683,234.006,59.801,99.668
385.749,233.695,59.801,99.668
386.060,234.629,59.801,99.668
386.994,233.695,59.801,99.668
386.060,233.383,59.801,99.668
386.372,234.940,59.801,99.668
386.683,234.006,59.801,99.668
385.749,233.072,59.801,99.668
386.683,232.760,59.801,99.668
385.126,234.317,59.801,99.668
386.683,233.383,59.801,99.668
385.126,233.072,59.801,99.668
386.683,231.514,59.801,99.668
385.126,231.203,59.801,99.668
386.683,229.646,59.801,99.668
385.126,228.711,59.801,99.668
386.683,227.154,59.801,99.668
385.126,226.842,59.801,99.668
386.683,225.285,59.801,99.668
385.749,224.351,59.801,99.668
386.060,222.794,59.801,99.668
386.372,221.859,59.801,99.668
386.683,221.548,59.801,99.668
385.749,221.859,59.801,99.668
386.060,221.548,59.801,99.668
386.372,221.236,59.801,99.668
386.683,220.925,59.801,99.668
385.749,220.613,59.801,99.668
386.060,220.925,59.801,99.668
386.372,221.236,59.801,99.668
386.683,220.925,59.801,99.668
385.749,221.236,59.801,99.668
386.060,221.548,59.801,99.668
386.995,221.236,59.801,99.668
386.060,222.171,59.801,99.668
386.372,222.482,59.801,99.668
386.683,222.171,59.801,99.668
385.126,221.859,59.801,99.668
386.683,221.548,59.801,99.668
385.749,221.236,59.801,99.668
386.060,222.171,59.801,99.668
386.372,221.859,59.801,99.668
386.683,222.171,59.801,99.668
385.749,223.105,59.801,99.668
386.060,223.416,59.801,99.668
386.372,224.351,59.801,99.668
386.683,225.285,59.801,99.668
385.749,226.842,59.801,99.668
386.060,226.531,59.801,99.668
386.372,226.842,59.801,99.668
386.060,228.400,59.801,99.668
386.372,227.465,59.801,99.668
386.683,227.154,59.801,99.668
385.126,228.711,59.801,99.668
386.683,227.154,59.801,99.668
385.126,228.711,59.801,99.668
386.683,227.154,59.801,99.668
385.126,228.711,59.801,99.668
386.683,227.154,59.801,99.668
385.126,228.711,59.801,99.668
386.683,227.777,59.801,99.668
385.126,229.957,59.801,99.668
386.683,227.777,59.801,99.668
385.126,229.334,59.801,99.668
386.683,228.400,59.801,99.668
385.126,228.088,59.801,99.668
386.683,227.777,59.801,99.668
385.126,227.465,59.801,99.668
386.683,227.154,59.801,99.668
385.126,228.711,59.801,99.668
386.683,227.154,59.801,99.668
385.126,226.220,59.801,99.668
386.683,226.531,59.801,99.668
385.126,226.842,59.801,99.668
386.060,227.777,59.801,99.668
386.372,226.842,59.801,99.668
386.683,226.531,59.801,99.668
385.126,228.711,59.801,99.668
386.683,228.400,59.801,99.668
386.372,233.072,59.801,99.668
386.060,237.120,59.801,99.668
383.880,236.809,59.801,99.668
384.814,234.629,59.801,99.668
385.126,233.071,59.801,99.668
386.060,235.252,59.801,99.668
385.126,234.317,59.801,99.668
386.060,232.760,59.801,99.668
385.749,231.826,59.801,99.668
386.060,230.268,59.801,99.668
386.372,229.334,59.801,99.668
386.060,230.268,59.801,99.668
385.749,229.957,59.801,99.668
386.060,228.400,59.801,99.668
385.749,229.957,59.801,99.668
386.060,228.400,59.801,99.668
385.749,228.088,59.801,99.668
385.437,229.023,59.801,99.668
386.995,228.088,59.801,99.668
385.437,230.268,59.801,99.668
386.995,229.957,59.801,99.668
385.437,231.514,59.801,99.668
386.995,230.580,59.801,99.668
387.306,234.006,59.801,99.668
389.445,238.971,58.526,97.543
387.849,242.636,59.821,99.701
378.459,238.624,61.144,101.907
373.046,227.478,61.144,101.907
370.180,215.695,61.144,101.907
371.772,207.734,61.144,101.907
384.828,230.981,61.144,101.907
386.421,235.121,61.144,101.907
385.465,234.802,61.144,101.907
384.510,233.847,61.144,101.907
385.465,232.255,61.144,101.907
384.510,231.936,61.144,101.907
385.465,231.618,61.144,101.907
385.147,231.299,61.144,101.907
386.102,230.344,61.144,101.907
385.784,230.025,61.144,101.907
385.465,230.981,61.144,101.907
384.510,230.662,61.144,101.907
385.465,230.344,61.144,101.907
384.510,230.025,61.144,101.907
385.465,229.070,61.144,101.907
384.510,228.752,61.144,101.907
385.465,227.796,61.144,101.907
384.510,228.752,61.144,101.907
385.465,227.159,61.144,101.907
384.510,226.204,61.144,101.907
385.465,225.886,61.144,101.907
384.510,228.115,61.144,101.907
385.465,225.886,61.144,101.907
384.510,226.841,61.144,101.907
385.465,225.886,61.144,101.907
384.510,228.752,61.144,101.907
385.465,228.433,61.144,101.907
384.510,230.025,61.144,101.907
385.465,229.707,61.144,101.907
384.510,231.936,61.144,101.907
385.465,230.344,61.144,101.907
385.147,229.388,61.144,101.907
386.102,227.796,61.144,101.907
386.421,226.841,61.144,101.907
386.102,226.522,61.144,101.907
386.421,224.930,61.144,101.907
386.102,226.522,61.144,101.907
385.784,226.204,61.144,101.907
386.102,225.886,61.144,101.907
386.421,228.115,61.144,101.907
387.376,226.522,61.144,101.907
386.421,228.752,61.144,101.907
387.376,227.796,61.144,101.907
386.421,227.478,61.144,101.907
386.739,226.522,61.144,101.907
385.147,225.567,61.144,101.907
386.102,225.249,61.144,101.907
385.147,227.478,61.144,101.907
386.739,227.159,61.144,101.907
385.147,226.841,61.144,101.907
385.465,230.344,61.144,101.907
385.147,228.752,61.144,101.907
386.102,228.433,61.144,101.907
385.784,228.115,61.144,101.907
384.828,230.981,61.144,101.907
385.147,232.573,61.144,101.907
386.102,230.981,61.144,101.907
385.784,230.662,61.144,101.907
386.102,232.891,61.144,101.907
387.057,235.121,61.144,101.907
386.789,238.970,59.840,99.734
387.126,242.737,58.564,97.607
388.045,245.835,57.315,95.525
388.368,250.594,56.093,93.488
389.829,249.718,56.093,93.488
388.952,251.763,56.093,93.488
389.829,249.133,56.093,93.488
388.952,248.257,56.093,93.488
387.492,251.471,56.093,93.488
386.615,248.841,56.093,93.488
388.076,245.628,56.093,93.488
387.784,244.167,56.093,93.488
388.076,242.122,56.093,93.488
388.368,240.661,56.093,93.488
389.245,239.785,56.093,93.488
387.784,241.246,56.093,93.488
388.076,240.369,56.093,93.488
388.952,239.493,56.093,93.488
388.076,242.122,56.093,93.488
389.537,244.167,56.093,93.488
386.323,249.133,56.093,93.488
383.694,251.763,56.093,93.488
384.570,248.549,56.093,93.488
386.031,247.673,56.093,93.488
386.323,244.459,56.093,93.488
386.615,241.245,56.093,93.488
386.907,243.290,56.093,93.488
387.200,245.335,56.093,93.488
388.660,245.043,56.093,93.488
387.784,247.088,56.093,93.488
388.660,244.459,56.093,93.488
387.784,242.414,56.093,93.488
386.907,239.785,56.093,93.488
387.200,237.155,56.093,93.488
388.076,235.111,56.093,93.488
387.200,234.234,56.093,93.488
