141.000,73.000,27.000,34.000
141.360,72.640,27.000,34.000
141.240,72.520,27.000,34.000
141.120,72.401,27.000,34.000
141.240,72.760,27.000,34.000
141.599,72.401,27.000,34.000
141.674,72.149,27.597,34.752
142.287,72.271,27.597,34.752
142.409,72.394,27.597,34.752
142.777,72.516,27.597,34.752
144.125,72.639,27.597,34.752
143.946,72.127,28.208,35.521
144.322,72.002,28.208,35.521
145.199,71.877,28.208,35.521
145.825,71.752,28.208,35.521
146.163,71.749,28.832,36.307
146.291,72.133,28.832,36.307
146.636,71.333,29.470,37.110
147.552,71.725,29.470,37.110
148.729,71.333,29.470,37.110
151.739,71.725,29.470,37.110
151.608,71.333,29.470,37.110
153.047,71.725,29.470,37.110
154.748,71.594,29.470,37.110
155.926,71.202,29.470,37.110
157.889,71.594,29.470,37.110
158.805,71.202,29.470,37.110
160.244,71.333,29.470,37.110
162.207,71.463,29.470,37.110
163.123,71.071,29.470,37.110
165.870,71.202,29.470,37.110
165.740,71.594,29.470,37.110
166.656,71.202,29.470,37.110
168.095,71.333,29.470,37.110
169.534,71.463,29.470,37.110
169.927,71.071,29.470,37.110
171.366,71.202,29.470,37.110
171.759,71.594,29.470,37.110
172.413,71.202,29.470,37.110
172.805,71.332,29.470,37.110
173.983,71.202,29.470,37.110
174.114,71.071,29.470,37.110
174.506,70.940,29.470,37.110
174.114,70.809,29.470,37.110
174.768,70.417,29.470,37.110
174.376,70.809,29.470,37.110
173.721,70.678,29.470,37.110
173.590,70.547,29.470,37.110
172.936,70.417,29.470,37.110
172.544,71.071,29.470,37.110
170.581,70.940,29.470,37.110
170.188,70.809,29.470,37.110
169.534,70.678,29.470,37.110
167.833,70.286,29.470,37.110
166.394,70.678,29.470,37.110
164.169,70.286,29.470,37.110
162.992,70.678,29.470,37.110
161.029,70.286,29.470,37.110
159.328,70.678,29.470,37.110
156.580,70.286,29.470,37.110
150.960,70.282,30.122,37.931
149.756,70.951,30.122,37.931
146.509,70.393,30.788,38.771
144.458,70.530,30.788,38.771
144.595,70.940,30.788,38.771
143.638,70.530,30.788,38.771
141.588,71.213,30.788,38.771
140.904,71.350,30.788,38.771
139.401,71.760,30.788,38.771
138.170,71.350,30.788,38.771
134.753,71.760,30.788,38.771
134.069,71.350,30.788,38.771
132.565,71.760,30.788,38.771
131.062,71.350,30.788,38.771
129.011,71.760,30.788,38.771
126.961,71.623,30.788,38.771
124.910,71.486,30.788,38.771
122.860,72.443,30.788,38.771
121.083,72.307,30.788,38.771
120.225,72.325,30.132,37.944
117.415,73.261,30.132,37.944
117.282,73.127,30.132,37.944
116.078,73.261,30.132,37.944
114.606,73.663,30.132,37.944
113.134,73.529,30.132,37.944
112.733,73.930,30.132,37.944
111.261,74.599,30.132,37.944
111.395,74.733,30.132,37.944
110.459,75.402,30.132,37.944
108.987,76.338,30.132,37.944
108.586,77.007,30.132,37.944
107.917,76.606,30.132,37.944
108.318,76.472,30.132,37.944
108.452,77.409,30.132,37.944
106.980,77.810,30.132,37.944
107.649,77.141,30.132,37.944
106.712,78.078,30.132,37.944
107.114,77.944,30.132,37.944
107.515,78.078,30.132,37.944
106.311,78.747,30.132,37.944
107.783,77.810,30.132,37.944
107.649,78.211,30.132,37.944
108.050,78.345,30.132,37.944
108.719,78.747,30.132,37.944
109.388,77.810,30.132,37.944
110.325,78.211,30.132,37.944
111.261,78.345,30.132,37.944
112.198,78.747,30.132,37.944
113.134,78.078,30.132,37.944
114.071,78.479,30.132,37.944
116.345,78.613,30.132,37.944
117.282,77.676,30.132,37.944
118.753,77.007,30.132,37.944
119.957,77.409,30.132,37.944
121.697,77.542,30.132,37.944
123.168,76.606,30.132,37.944
125.175,76.205,30.132,37.944
126.914,76.606,30.132,37.944
128.654,75.937,30.132,37.944
130.393,75.803,30.132,37.944
134.005,75.669,30.132,37.944
134.406,75.803,30.132,37.944
135.610,75.669,30.132,37.944
136.547,75.536,30.132,37.944
137.483,75.134,30.132,37.944
138.420,75.803,30.132,37.944
140.159,75.402,30.132,37.944
140.828,76.071,30.132,37.944
141.497,75.669,30.132,37.944
141.898,75.268,30.132,37.944
143.103,75.402,30.132,37.944
143.771,75.536,30.132,37.944
143.905,74.867,30.132,37.944
144.574,74.733,30.132,37.944
144.708,74.599,30.132,37.944
145.377,74.733,30.132,37.944
146.313,74.867,30.132,37.944
144.307,75.268,30.132,37.944
145.500,75.265,30.799,38.783
147.004,75.401,30.799,38.783
149.602,75.812,30.799,38.783
146.850,75.241,31.480,39.641
148.946,75.101,31.480,39.641
146.133,75.098,32.176,40.519
147.990,76.098,32.176,40.519
150.419,76.526,32.176,40.519
152.552,76.821,31.490,39.654
151.853,77.799,31.490,39.654
153.941,78.626,30.819,38.809
153.874,78.908,30.162,37.981
154.275,81.185,30.162,37.981
153.874,80.247,30.162,37.981
155.079,80.917,30.162,37.981
155.530,81.967,29.518,37.171
155.971,82.995,28.889,36.379
157.391,84.249,28.273,35.603
158.298,84.991,27.670,34.844
158.474,86.429,27.080,34.100
159.806,88.299,26.502,33.373
160.656,88.995,25.937,32.662
161.709,90.564,25.384,31.965
162.089,91.231,24.843,31.283
162.247,91.883,24.313,30.616
163.651,92.730,23.794,29.963
162.489,92.836,23.794,29.963
164.066,93.461,23.287,29.324
163.963,93.564,23.287,29.324
163.860,93.667,23.287,29.324
163.963,93.978,23.287,29.324
163.653,94.081,23.287,29.324
162.929,93.564,23.287,29.324
163.653,93.254,23.287,29.324
162.929,93.357,23.287,29.324
163.239,92.013,23.287,29.324
163.136,92.323,23.287,29.324
162.619,92.220,23.287,29.324
161.688,91.496,23.287,29.324
161.378,89.945,23.287,29.324
160.241,89.635,23.287,29.324
160.758,88.704,23.287,29.324
159.207,86.947,23.287,29.324
159.104,87.050,23.287,29.324
158.173,86.740,23.287,29.324
157.242,85.603,23.287,29.324
155.805,84.527,23.802,29.973
153.677,83.428,24.329,30.636
152.400,82.753,24.867,31.314
151.552,81.834,25.417,32.007
150.217,81.363,25.980,32.715
149.092,80.163,26.554,33.439
147.452,79.915,27.142,34.179
147.277,79.162,27.743,34.935
146.076,78.392,28.356,35.708
145.370,77.867,28.984,36.498
146.271,77.738,28.984,36.498
144.482,77.735,29.625,37.306
145.402,77.866,29.625,37.306
143.846,77.044,30.280,38.131
145.057,76.641,30.280,38.131
143.578,77.044,30.280,38.131
144.250,76.372,30.280,38.131
143.846,76.507,30.280,38.131
144.519,76.372,30.280,38.131
143.846,76.238,30.280,38.131
144.519,75.834,30.280,38.131
143.578,76.507,30.280,38.131
143.981,76.103,30.280,38.131
142.771,75.969,30.280,38.131
143.712,75.565,30.280,38.131
143.578,75.969,30.280,38.131
142.368,76.103,30.280,38.131
142.233,76.238,30.280,38.131
141.292,76.372,30.280,38.131
140.620,77.044,30.280,38.131
139.948,76.910,30.280,38.131
138.200,77.582,30.280,38.131
136.721,77.179,30.280,38.131
135.511,76.775,30.280,38.131
133.225,77.179,30.280,38.131
130.671,76.507,30.280,38.131
124.890,76.910,30.280,38.131
123.680,77.313,30.280,38.131
121.663,76.910,30.280,38.131
119.108,77.313,30.280,38.131
116.016,76.910,30.280,38.131
113.462,77.582,30.280,38.131
111.445,77.448,30.280,38.131
109.428,77.582,30.280,38.131
107.680,77.717,30.280,38.131
106.470,77.582,30.280,38.131
103.916,76.910,30.280,38.131
102.975,77.044,30.280,38.131
101.765,76.103,30.280,38.131
101.899,75.969,30.280,38.131
99.883,75.565,30.280,38.131
99.210,75.969,30.280,38.131
99.076,75.565,30.280,38.131
98.404,75.969,30.280,38.131
98.538,75.834,30.280,38.131
98.135,76.775,30.280,38.131
97.194,76.910,30.280,38.131
97.597,77.044,30.280,38.131
97.731,76.641,30.280,38.131
97.866,77.313,30.280,38.131
96.925,77.179,30.280,38.131
97.328,77.313,30.280,38.131
97.731,77.717,30.280,38.131
98.135,78.658,30.280,38.131
97.731,78.792,30.280,38.131
98.673,79.464,30.280,38.131
99.614,80.405,30.280,38.131
99.748,80.271,30.280,38.131
100.151,80.943,30.280,38.131
99.479,81.347,30.280,38.131
99.883,82.019,30.280,38.131
98.941,81.884,30.280,38.131
98.269,83.094,30.280,38.131
97.866,82.422,30.280,38.131
96.387,82.826,30.280,38.131
95.025,82.843,29.635,37.318
92.788,82.185,29.635,37.318
92.394,82.054,29.635,37.318
91.209,81.922,29.635,37.318
89.499,81.791,29.635,37.318
88.052,82.712,29.635,37.318
85.815,82.317,29.635,37.318
83.315,81.922,29.635,37.318
81.604,81.528,29.635,37.318
79.631,81.659,29.635,37.318
77.131,81.791,29.635,37.318
71.473,82.185,29.635,37.318
71.341,81.528,29.635,37.318
68.841,81.922,29.635,37.318
65.288,81.528,29.635,37.318
62.525,81.922,29.635,37.318
59.499,81.528,29.635,37.318
56.209,81.659,29.635,37.318
52.657,81.791,29.635,37.318
49.894,81.922,29.635,37.318
46.341,81.264,29.635,37.318
41.209,81.659,29.635,37.318
40.552,81.791,29.635,37.318
38.578,82.185,29.635,37.318
36.341,81.528,29.635,37.318
33.841,81.922,29.635,37.318
31.341,81.528,29.635,37.318
29.631,82.185,29.635,37.318
27.920,82.054,29.635,37.318
25.420,81.922,29.635,37.318
23.973,81.791,29.635,37.318
20.157,82.712,29.635,37.318
20.025,82.580,29.635,37.318
18.315,82.712,29.635,37.318
17.131,82.843,29.635,37.318
15.420,81.922,29.635,37.318
14.499,81.791,29.635,37.318
13.315,82.449,29.635,37.318
12.131,82.054,29.635,37.318
10.946,81.659,29.635,37.318
10.025,81.791,29.635,37.318
9.104,81.659,29.635,37.318
9.236,81.528,29.635,37.318
8.841,81.396,29.635,37.318
8.183,81.001,29.635,37.318
8.315,80.606,29.635,37.318
8.446,81.001,29.635,37.318
8.315,80.606,29.635,37.318
8.183,81.001,29.635,37.318
8.052,80.343,29.635,37.318
8.183,80.738,29.635,37.318
8.578,80.870,29.635,37.318
8.973,80.212,29.635,37.318
8.315,80.343,29.635,37.318
8.973,80.212,29.635,37.318
9.104,80.343,29.635,37.318
9.499,80.475,29.635,37.318
10.420,80.606,29.635,37.318
10.815,81.001,29.635,37.318
10.946,80.870,29.635,37.318
12.131,80.738,29.635,37.318
14.894,82.712,29.635,37.318
15.288,82.580,29.635,37.318
17.262,82.975,29.635,37.318
19.499,83.106,29.635,37.318
21.999,84.554,29.635,37.318
24.499,86.001,29.635,37.318
27.788,86.659,29.635,37.318
30.288,89.159,29.635,37.318
34.104,90.606,29.635,37.318
37.394,93.106,29.635,37.318
44.631,97.185,29.635,37.318
45.288,97.580,29.635,37.318
48.052,100.606,29.635,37.318
51.078,103.370,29.635,37.318
54.104,105.870,29.635,37.318
57.131,108.106,29.635,37.318
59.894,110.606,29.635,37.318
62.657,113.370,29.635,37.318
65.683,115.606,29.635,37.318
67.394,118.106,29.635,37.318
72.262,121.133,29.635,37.318
72.657,121.528,29.635,37.318
74.894,124.028,29.635,37.318
76.341,124.949,29.635,37.318
78.578,126.659,29.635,37.318
80.552,128.370,29.635,37.318
82.525,129.028,29.635,37.318
84.236,129.685,29.635,37.318
85.157,131.396,29.635,37.318
86.867,131.791,29.635,37.318
88.841,134.028,29.635,37.318
88.973,133.106,29.635,37.318
90.683,133.764,29.635,37.318
91.867,134.949,29.635,37.318
93.578,134.291,29.635,37.318
95.288,135.738,29.635,37.318
96.473,136.396,29.635,37.318
97.920,136.528,29.635,37.318
98.578,137.712,29.635,37.318
100.552,138.370,29.635,37.318
102.788,139.291,29.635,37.318
102.130,138.896,29.635,37.318
104.104,138.501,29.635,37.318
105.288,139.422,29.635,37.318
106.473,138.764,29.635,37.318
107.394,138.106,29.635,37.318
107.788,136.922,29.635,37.318
107.920,135.475,29.635,37.318
108.578,134.291,29.635,37.318
109.762,132.843,29.635,37.318
110.157,130.606,29.635,37.318
110.552,130.212,29.635,37.318
111.736,129.291,29.635,37.318
111.867,128.370,29.635,37.318
112.788,127.712,29.635,37.318
113.709,127.054,29.635,37.318
114.630,125.870,29.635,37.318
116.341,124.685,29.635,37.318
116.696,123.317,30.290,38.143
118.175,122.645,30.290,38.143
119.655,121.703,30.290,38.143
119.738,120.583,30.961,38.987
120.975,120.446,30.961,38.987
121.938,119.759,30.961,38.987
122.350,119.346,30.961,38.987
121.938,118.659,30.961,38.987
122.308,117.229,31.646,39.850
122.168,116.527,31.646,39.850
123.432,116.105,31.646,39.850
121.770,114.644,32.346,40.732
122.775,114.213,32.346,40.732
122.919,113.782,32.346,40.732
123.350,114.213,32.346,40.732
122.919,112.921,32.346,40.732
124.499,113.064,32.346,40.732
124.930,112.346,32.346,40.732
126.222,111.341,32.346,40.732
127.802,110.910,32.346,40.732
129.095,111.628,32.346,40.732
130.674,110.623,32.346,40.732
132.253,108.831,33.061,41.633
134.162,110.152,33.061,41.633
136.070,109.418,33.061,41.633
137.978,108.391,33.061,41.633
140.474,107.070,33.061,41.633
146.786,108.391,33.061,41.633
149.281,106.776,33.061,41.633
155.594,106.336,33.061,41.633
161.025,106.776,33.061,41.633
163.227,105.161,33.061,41.633
168.952,102.372,33.061,41.633
170.273,101.638,33.061,41.633
171.888,100.024,33.061,41.633
174.363,98.628,32.356,40.745
176.230,97.048,32.356,40.745
177.810,96.329,32.356,40.745
179.678,95.611,32.356,40.745
181.546,96.617,32.356,40.745
182.551,95.037,32.356,40.745
181.546,93.169,32.356,40.745
182.839,91.589,32.356,40.745
181.546,93.169,32.356,40.745
182.839,91.301,32.356,40.745
180.396,89.721,32.356,40.745
181.977,90.727,32.356,40.745
179.534,88.572,32.356,40.745
180.540,90.152,32.356,40.745
178.098,88.284,32.356,40.745
176.517,89.290,32.356,40.745
175.616,87.924,31.666,39.876
173.226,89.190,31.666,39.876
173.648,87.362,31.666,39.876
171.820,88.627,31.666,39.876
170.836,87.081,31.666,39.876
169.289,88.065,31.666,39.876
168.305,86.518,31.666,39.876
169.862,88.705,30.991,39.026
168.203,87.132,30.330,38.193
169.685,88.613,30.330,38.193
170.627,87.132,30.330,38.193
171.839,85.920,30.330,38.193
170.358,87.132,30.330,38.193
171.839,85.381,30.330,38.193
173.590,86.863,30.330,38.193
175.071,85.112,30.330,38.193
176.553,83.631,30.330,38.193
178.573,85.112,30.330,38.193
180.593,83.361,30.330,38.193
182.882,81.880,30.330,38.193
187.865,83.900,30.330,38.193
193.117,82.419,30.330,38.193
194.867,83.092,30.330,38.193
196.887,81.611,30.330,38.193
198.638,80.668,30.330,38.193
204.698,82.419,30.330,38.193
207.257,81.207,30.330,38.193
209.277,81.611,30.330,38.193
210.758,80.937,30.330,38.193
212.239,79.995,30.330,38.193
213.721,81.207,30.330,38.193
218.434,80.264,30.330,38.193
219.107,81.476,30.330,38.193
220.050,80.264,30.330,38.193
221.531,79.052,30.330,38.193
223.551,77.840,30.330,38.193
226.110,78.513,30.330,38.193
227.861,77.032,30.330,38.193
230.150,75.551,30.330,38.193
235.133,77.840,30.330,38.193
236.884,76.897,30.330,38.193
241.328,75.955,30.330,38.193
242.001,75.012,30.330,38.193
242.944,74.069,30.330,38.193
243.886,73.396,30.330,38.193
245.098,72.723,30.330,38.193
246.310,72.049,30.330,38.193
247.522,70.837,30.330,38.193
248.465,70.703,30.330,38.193
248.869,70.568,30.330,38.193
248.465,70.433,30.330,38.193
248.600,70.299,30.330,38.193
248.734,70.164,30.330,38.193
248.330,70.299,30.330,38.193
247.118,70.433,30.330,38.193
245.906,70.837,30.330,38.193
244.694,71.511,30.330,38.193
243.590,71.269,29.683,37.379
242.667,71.664,29.683,37.379
240.690,72.587,29.683,37.379
239.241,72.982,29.683,37.379
237.264,73.378,29.683,37.379
236.605,73.773,29.683,37.379
235.682,74.696,29.683,37.379
233.705,75.091,29.683,37.379
232.255,74.959,29.683,37.379
231.069,75.091,29.683,37.379
229.356,75.750,29.683,37.379
227.906,76.936,29.683,37.379
226.193,76.541,29.683,37.379
224.480,77.463,29.683,37.379
221.712,78.122,29.683,37.379
220.526,77.990,29.683,37.379
219.603,78.386,29.683,37.379
218.153,78.781,29.683,37.379
216.176,79.440,29.683,37.379
214.463,79.308,29.683,37.379
213.013,79.177,29.683,37.379
211.300,79.045,29.683,37.379
210.114,78.913,29.683,37.379
208.401,79.045,29.683,37.379
206.160,78.913,29.683,37.379
204.974,79.045,29.683,37.379
203.524,79.177,29.683,37.379
202.865,79.308,29.683,37.379
201.679,79.177,29.683,37.379
200.756,79.308,29.683,37.379
200.291,79.305,30.340,38.206
199.257,78.463,31.011,39.051
198.200,78.174,31.697,39.915
197.411,77.586,32.399,40.798
198.130,77.730,32.399,40.798
197.622,77.428,33.116,41.701
198.064,77.281,33.116,41.701
197.622,76.840,33.116,41.701
198.652,76.105,33.116,41.701
199.681,75.958,33.116,41.701
200.710,75.811,33.116,41.701
201.445,75.370,33.116,41.701
201.004,76.105,33.116,41.701
202.328,75.664,33.116,41.701
204.239,74.635,33.116,41.701
202.500,75.546,33.848,42.624
204.754,74.795,33.848,42.624
206.107,73.743,33.848,42.624
207.192,74.052,33.126,41.715
208.537,74.922,32.420,40.825
208.467,74.941,31.729,39.955
