177.000,51.000,21.000,129.000
177.275,51.275,21.000,129.000
177.551,51.551,21.000,129.000
177.275,51.275,21.000,129.000
177.551,51.551,21.000,129.000
176.725,50.725,21.000,129.000
176.206,49.583,21.465,131.854
176.488,49.302,21.465,131.854
175.643,49.020,21.465,131.854
175.362,49.302,21.465,131.854
174.517,48.457,21.465,131.854
174.235,47.612,21.465,131.854
173.954,47.331,21.465,131.854
173.672,46.486,21.465,131.854
173.391,46.204,21.465,131.854
172.546,44.797,21.465,131.854
171.138,44.515,21.465,131.854
171.420,43.107,21.465,131.854
170.575,41.699,21.465,131.854
170.293,41.418,21.465,131.854
169.764,40.251,21.940,134.771
168.900,34.783,21.940,134.771
168.037,36.798,21.940,134.771
167.749,31.905,21.940,134.771
166.310,33.344,21.940,134.771
166.022,26.724,21.940,134.771
165.159,27.012,21.940,134.771
163.720,24.422,21.940,134.771
162.567,22.808,21.472,131.897
161.159,20.836,21.472,131.897
160.877,19.428,21.472,131.897
159.469,16.893,21.472,131.897
158.624,15.484,21.472,131.897
157.779,12.386,21.472,131.897
158.060,10.978,21.472,131.897
157.779,8.443,21.472,131.897
158.060,4.218,21.472,131.897
158.342,2.246,21.472,131.897
156.934,-0.289,21.472,131.897
156.652,-1.697,21.472,131.897
155.244,-5.922,21.472,131.897
154.399,-7.894,21.472,131.897
152.990,-10.992,21.472,131.897
152.709,-12.964,21.472,131.897
152.427,-14.936,21.472,131.897
151.019,-19.161,21.472,131.897
151.864,-20.569,21.472,131.897
151.019,-23.104,21.472,131.897
150.737,-25.075,21.472,131.897
149.329,-27.610,21.472,131.897
148.484,-30.145,21.472,131.897
148.202,-31.554,21.472,131.897
147.920,-34.652,21.472,131.897
148.202,-36.060,21.472,131.897
147.357,-37.469,21.472,131.897
145.385,-40.004,21.472,131.897
146.230,-40.849,21.472,131.897
147.075,-43.947,21.472,131.897
143.977,-43.665,21.472,131.897
146.512,-46.764,21.472,131.897
137.780,-20.569,21.472,131.897
136.935,-18.034,21.472,131.897
136.654,-21.132,21.472,131.897
136.935,-20.287,21.472,131.897
136.654,-22.259,21.472,131.897
137.293,-24.595,21.947,134.816
136.139,-21.215,21.479,131.941
136.421,-23.187,21.479,131.941
135.576,-21.215,21.479,131.941
135.858,-22.060,21.479,131.941
136.139,-21.778,21.479,131.941
135.858,-23.187,21.479,131.941
135.576,-21.778,21.479,131.941
135.294,-19.806,21.479,131.941
134.180,-20.389,21.954,134.860
133.892,-19.525,21.954,134.860
134.958,-16.144,21.486,131.984
134.113,-16.425,21.486,131.984
133.267,-16.144,21.486,131.984
138.622,-41.228,21.486,131.984
140.595,-40.383,21.486,131.984
139.186,-39.537,21.486,131.984
140.032,-38.128,21.486,131.984
138.622,-35.591,21.486,131.984
137.777,-34.182,21.486,131.984
136.931,-31.082,21.486,131.984
136.649,-29.109,21.486,131.984
135.240,-26.572,21.486,131.984
135.522,-24.035,21.486,131.984
133.549,-20.935,21.486,131.984
132.420,-17.626,21.028,129.169
132.696,-13.488,21.028,129.169
131.591,-11.314,20.579,126.415
130.781,-6.184,20.579,126.415
130.220,-4.056,20.140,123.719
129.955,0.964,20.140,123.719
128.634,3.342,20.140,123.719
131.012,6.776,20.140,123.719
129.419,7.875,20.586,126.456
126.988,8.685,20.586,126.456
124.018,12.736,20.586,126.456
121.895,16.947,20.147,123.759
121.631,18.268,20.147,123.759
119.781,20.118,20.147,123.759
120.045,22.497,20.147,123.759
119.252,25.404,20.147,123.759
119.516,26.726,20.147,123.759
118.195,27.518,20.147,123.759
116.345,30.426,20.147,123.759
116.081,31.747,20.147,123.759
114.759,32.540,20.147,123.759
113.438,34.919,20.147,123.759
112.116,35.711,20.147,123.759
111.323,36.504,20.147,123.759
110.002,38.354,20.147,123.759
109.209,39.147,20.147,123.759
108.416,39.940,20.147,123.759
107.623,40.733,20.147,123.759
106.830,40.997,20.147,123.759
106.038,41.790,20.147,123.759
105.245,42.054,20.147,123.759
104.452,42.847,20.147,123.759
103.130,43.111,20.147,123.759
102.338,43.376,20.147,123.759
101.545,43.640,20.147,123.759
99.695,43.376,20.147,123.759
98.902,43.640,20.147,123.759
97.580,43.376,20.147,123.759
96.259,43.640,20.147,123.759
95.466,43.904,20.147,123.759
94.145,43.640,20.147,123.759
93.880,43.376,20.147,123.759
93.088,43.111,20.147,123.759
92.295,42.847,20.147,123.759
91.502,42.054,20.147,123.759
90.180,41.790,20.147,123.759
89.388,40.997,20.147,123.759
88.595,40.733,20.147,123.759
87.273,39.940,20.147,123.759
87.009,39.147,20.147,123.759
86.216,38.883,20.147,123.759
84.895,38.090,20.147,123.759
83.849,35.898,20.593,126.498
83.579,35.088,20.593,126.498
82.228,34.818,20.593,126.498
80.878,33.467,20.593,126.498
80.608,32.657,20.593,126.498
79.257,31.846,20.593,126.498
77.906,31.036,20.593,126.498
77.636,30.225,20.593,126.498
76.285,29.415,20.593,126.498
74.935,27.524,20.593,126.498
75.935,27.050,20.153,123.800
74.614,26.257,20.153,123.800
73.292,24.935,20.153,123.800
72.499,23.085,20.153,123.800
71.705,21.763,20.153,123.800
70.912,20.441,20.153,123.800
70.119,19.119,20.153,123.800
69.326,17.268,20.153,123.800
68.533,15.947,20.153,123.800
66.682,13.567,20.153,123.800
65.889,12.245,20.153,123.800
65.096,9.866,20.153,123.800
63.774,8.015,20.153,123.800
62.452,5.636,20.153,123.800
61.130,2.728,20.153,123.800
59.809,0.877,20.153,123.800
59.016,-2.031,20.153,123.800
57.694,-4.410,20.153,123.800
56.372,-6.261,20.153,123.800
55.579,-10.755,20.153,123.800
53.728,-12.606,20.153,123.800
51.877,-16.043,20.153,123.800
51.084,-20.537,20.153,123.800
49.762,-22.388,20.153,123.800
47.912,-27.411,20.153,123.800
46.061,-29.261,20.153,123.800
44.211,-34.813,20.153,123.800
42.360,-37.192,20.153,123.800
40.509,-42.216,20.153,123.800
32.843,-21.859,20.153,123.800
29.406,-21.594,20.153,123.800
30.199,-25.031,20.153,123.800
26.762,-30.583,20.153,123.800
24.911,-34.549,20.153,123.800
23.061,-33.227,20.153,123.800
20.369,-37.065,20.599,126.539
18.478,-35.714,20.599,126.539
17.667,-38.686,20.599,126.539
16.037,-41.488,21.055,129.339
19.190,-38.245,20.606,126.581
18.920,-39.597,20.606,126.581
16.487,-43.111,20.606,126.581
14.883,-46.190,20.167,123.881
-17.285,-34.415,19.737,121.239
-19.321,-35.368,19.316,118.654
-20.587,-39.676,19.316,118.654
-22.641,-47.035,19.743,121.279
-21.864,-55.582,19.743,121.279
-23.964,-64.178,20.180,123.962
7.398,-35.064,20.626,126.705
11.997,-33.170,20.626,126.705
15.515,6.605,20.626,126.705
14.162,0.923,20.626,126.705
14.433,-5.300,20.626,126.705
12.538,-12.606,20.626,126.705
12.268,-19.370,20.626,126.705
10.915,-26.135,20.626,126.705
11.727,-31.817,20.626,126.705
9.833,-39.122,20.626,126.705
9.021,-43.722,20.626,126.705
10.545,-46.805,20.187,124.003
6.421,-47.780,19.756,121.359
4.384,-36.244,19.335,118.771
