139.000,112.000,51.000,36.000
139.512,114.559,51.000,36.000
139.682,115.754,51.000,36.000
139.853,117.289,51.000,36.000
140.024,119.166,51.000,36.000
139.283,119.299,52.128,36.797
139.457,119.822,52.128,36.797
138.236,120.694,52.128,36.797
138.759,120.520,52.128,36.797
138.585,120.345,52.128,36.797
138.411,120.171,52.128,36.797
138.934,119.997,52.128,36.797
137.015,120.520,52.128,36.797
136.841,120.345,52.128,36.797
136.667,119.822,52.128,36.797
136.143,119.997,52.128,36.797
136.318,119.822,52.128,36.797
136.492,118.950,52.128,36.797
135.969,118.427,52.128,36.797
136.143,117.555,52.128,36.797
136.318,117.032,52.128,36.797
136.492,116.857,52.128,36.797
135.969,115.985,52.128,36.797
136.143,115.462,52.128,36.797
136.667,114.590,52.128,36.797
136.492,114.067,52.128,36.797
136.667,113.893,52.128,36.797
136.841,113.369,52.128,36.797
137.364,112.149,52.128,36.797
138.236,111.277,52.128,36.797
138.759,110.753,52.128,36.797
139.283,110.579,52.128,36.797
140.155,110.056,52.128,36.797
141.027,110.230,52.128,36.797
141.201,109.707,52.128,36.797
141.724,109.881,52.128,36.797
142.596,109.707,52.128,36.797
144.863,108.835,52.128,36.797
147.479,108.312,52.128,36.797
148.700,107.440,52.128,36.797
152.014,107.614,52.128,36.797
155.676,107.789,52.128,36.797
157.594,107.963,52.128,36.797
160.908,109.184,52.128,36.797
163.524,109.358,52.128,36.797
165.442,110.579,52.128,36.797
167.361,112.149,52.128,36.797
168.412,112.284,53.282,37.611
170.373,111.750,53.282,37.611
172.334,110.145,53.282,37.611
174.295,108.898,53.282,37.611
176.969,106.580,53.282,37.611
178.573,105.689,53.282,37.611
181.247,104.441,53.282,37.611
182.138,103.193,53.282,37.611
182.673,102.302,53.282,37.611
183.564,101.054,53.282,37.611
183.529,99.714,54.461,38.443
184.440,99.167,54.461,38.443
184.987,99.714,54.461,38.443
186.262,99.896,54.461,38.443
187.538,100.442,54.461,38.443
187.720,100.625,54.461,38.443
188.267,101.171,54.461,38.443
189.178,102.447,54.461,38.443
188.995,102.264,54.461,38.443
188.449,103.175,54.461,38.443
187.538,103.358,54.461,38.443
187.720,102.811,54.461,38.443
187.902,103.358,54.461,38.443
187.720,102.811,54.461,38.443
187.538,103.358,54.461,38.443
186.991,102.811,54.461,38.443
186.809,102.993,54.461,38.443
186.262,103.175,54.461,38.443
185.716,103.358,54.461,38.443
184.168,102.743,55.666,39.293
183.237,103.302,55.666,39.293
182.306,102.743,55.666,39.293
181.747,102.929,55.666,39.293
180.071,101.626,55.666,39.293
179.512,102.185,55.666,39.293
178.954,100.881,55.666,39.293
176.985,100.639,56.897,40.163
176.034,100.068,56.897,40.163
175.082,100.639,56.897,40.163
172.988,100.068,56.897,40.163
172.798,99.878,56.897,40.163
171.465,98.926,56.897,40.163
170.514,98.736,56.897,40.163
169.562,98.926,56.897,40.163
168.991,99.497,56.897,40.163
168.800,99.688,56.897,40.163
168.229,100.259,56.897,40.163
167.278,101.210,56.897,40.163
167.087,101.782,56.897,40.163
166.516,102.353,56.897,40.163
167.087,103.685,56.897,40.163
167.278,103.495,56.897,40.163
167.468,104.066,56.897,40.163
167.658,104.256,56.897,40.163
167.468,104.066,56.897,40.163
166.516,102.733,56.897,40.163
165.945,102.162,56.897,40.163
164.993,102.353,56.897,40.163
164.422,102.543,56.897,40.163
163.090,101.972,56.897,40.163
162.138,102.543,56.897,40.163
161.567,102.353,56.897,40.163
161.757,102.924,56.897,40.163
161.948,103.114,56.897,40.163
162.138,103.685,56.897,40.163
161.567,103.875,56.897,40.163
161.377,104.066,56.897,40.163
160.806,103.875,56.897,40.163
160.996,102.924,56.897,40.163
160.806,101.972,56.897,40.163
160.615,101.782,56.897,40.163
160.425,100.830,56.897,40.163
160.235,100.639,56.897,40.163
160.425,99.307,56.897,40.163
160.615,99.497,56.897,40.163
160.806,96.642,56.897,40.163
160.996,96.071,56.897,40.163
160.806,94.739,56.897,40.163
160.615,93.025,56.897,40.163
160.044,92.454,56.897,40.163
160.235,89.980,56.897,40.163
159.664,90.170,56.897,40.163
159.854,88.838,56.897,40.163
160.425,87.505,56.897,40.163
160.615,86.173,56.897,40.163
160.806,86.363,56.897,40.163
161.377,85.411,56.897,40.163
161.186,84.460,56.897,40.163
160.996,82.746,56.897,40.163
161.948,82.937,56.897,40.163
162.138,82.366,56.897,40.163
161.948,81.795,56.897,40.163
162.519,80.462,56.897,40.163
162.709,79.510,56.897,40.163
162.900,79.320,56.897,40.163
163.471,79.510,56.897,40.163
163.280,77.797,56.897,40.163
163.090,77.988,56.897,40.163
163.280,77.797,56.897,40.163
163.090,76.845,56.897,40.163
162.900,77.036,56.897,40.163
163.471,77.226,56.897,40.163
163.280,77.036,56.897,40.163
163.090,76.845,56.897,40.163
162.519,76.274,56.897,40.163
162.709,76.465,56.897,40.163
162.900,74.752,56.897,40.163
163.090,74.561,56.897,40.163
162.900,73.610,56.897,40.163
163.471,73.800,56.897,40.163
163.661,73.990,56.897,40.163
164.232,74.181,56.897,40.163
164.422,74.371,56.897,40.163
164.613,74.561,56.897,40.163
164.803,73.229,56.897,40.163
164.993,74.181,56.897,40.163
165.184,74.371,56.897,40.163
164.993,73.800,56.897,40.163
165.184,72.848,56.897,40.163
164.613,73.419,56.897,40.163
164.803,72.467,56.897,40.163
164.993,73.038,56.897,40.163
165.184,73.610,56.897,40.163
164.613,72.658,56.897,40.163
164.803,75.132,56.897,40.163
165.374,76.845,56.897,40.163
165.184,76.655,56.897,40.163
164.993,76.465,56.897,40.163
165.564,76.655,56.897,40.163
164.993,79.130,56.897,40.163
164.803,80.462,56.897,40.163
164.613,80.272,56.897,40.163
164.422,81.985,56.897,40.163
164.232,81.414,56.897,40.163
164.422,83.127,56.897,40.163
164.613,84.079,56.897,40.163
165.184,85.411,56.897,40.163
164.993,86.744,56.897,40.163
165.564,87.315,56.897,40.163
165.755,89.028,56.897,40.163
166.326,89.980,56.897,40.163
166.136,91.312,56.897,40.163
166.326,92.645,56.897,40.163
166.516,93.596,56.897,40.163
167.087,94.929,56.897,40.163
166.897,96.261,56.897,40.163
167.849,97.975,56.897,40.163
168.039,98.926,56.897,40.163
168.610,99.497,56.897,40.163
168.420,99.688,56.897,40.163
168.229,100.639,56.897,40.163
168.039,101.210,56.897,40.163
168.610,102.543,56.897,40.163
168.420,102.733,56.897,40.163
168.610,103.685,56.897,40.163
168.800,104.637,56.897,40.163
168.991,105.589,56.897,40.163
169.181,106.921,56.897,40.163
168.991,108.634,56.897,40.163
168.559,109.177,58.156,41.051
168.753,109.761,58.156,41.051
168.948,111.123,58.156,41.051
169.143,111.707,58.156,41.051
169.726,113.069,58.156,41.051
169.532,113.652,58.156,41.051
168.283,115.015,59.443,41.960
167.832,115.582,60.758,42.888
167.628,116.192,60.758,42.888
167.425,118.428,60.758,42.888
168.035,119.851,60.758,42.888
167.832,120.867,60.758,42.888
167.628,123.103,60.758,42.888
167.832,124.933,60.758,42.888
168.035,126.356,60.758,42.888
168.238,128.185,60.758,42.888
168.441,128.795,60.758,42.888
169.051,128.998,60.758,42.888
168.848,130.421,60.758,42.888
168.238,131.031,60.758,42.888
168.441,131.234,60.758,42.888
168.645,132.250,60.758,42.888
168.035,132.454,60.758,42.888
168.238,133.470,60.758,42.888
168.441,133.673,60.758,42.888
168.645,133.063,60.758,42.888
168.035,134.080,60.758,42.888
168.238,133.876,60.758,42.888
168.441,134.080,60.758,42.888
168.645,134.283,60.758,42.888
168.035,134.080,60.758,42.888
168.238,133.470,60.758,42.888
168.441,133.267,60.758,42.888
168.238,132.250,60.758,42.888
167.628,131.234,60.758,42.888
167.018,129.811,60.758,42.888
166.815,127.575,60.758,42.888
166.205,124.933,60.758,42.888
166.409,122.697,60.758,42.888
166.205,120.054,60.758,42.888
165.596,118.225,60.758,42.888
165.392,116.802,60.758,42.888
165.189,114.973,60.758,42.888
165.392,113.550,60.758,42.888
165.596,113.346,60.758,42.888
165.799,111.517,60.758,42.888
165.596,111.314,60.758,42.888
166.205,110.704,60.758,42.888
165.596,109.688,60.758,42.888
165.799,109.078,60.758,42.888
163.969,108.875,60.758,42.888
163.360,107.858,60.758,42.888
162.750,107.248,60.758,42.888
160.920,107.045,60.758,42.888
159.904,106.435,60.758,42.888
159.294,105.826,60.758,42.888
159.497,103.996,60.758,42.888
159.701,102.980,60.758,42.888
159.091,101.557,60.758,42.888
159.701,100.134,60.758,42.888
159.904,99.931,60.758,42.888
160.514,98.508,60.758,42.888
160.717,97.898,60.758,42.888
159.701,96.069,60.758,42.888
159.904,95.865,60.758,42.888
160.514,94.443,60.758,42.888
161.124,95.459,60.758,42.888
160.920,94.443,60.758,42.888
161.530,95.052,60.758,42.888
162.953,94.036,60.758,42.888
162.343,95.052,60.758,42.888
163.360,94.443,60.758,42.888
163.563,94.646,60.758,42.888
164.579,93.629,60.758,42.888
166.002,93.833,60.758,42.888
165.392,94.036,60.758,42.888
166.002,94.646,60.758,42.888
165.799,93.629,60.758,42.888
165.189,93.833,60.758,42.888
165.799,94.036,60.758,42.888
165.596,93.833,60.758,42.888
166.612,94.036,60.758,42.888
166.409,93.833,60.758,42.888
166.205,93.629,60.758,42.888
166.002,93.426,60.758,42.888
165.799,94.849,60.758,42.888
166.002,93.426,60.758,42.888
165.799,94.849,60.758,42.888
164.782,94.239,60.758,42.888
164.986,95.256,60.758,42.888
165.189,95.052,60.758,42.888
164.579,95.256,60.758,42.888
165.189,95.865,60.758,42.888
164.173,95.256,60.758,42.888
164.376,95.865,60.758,42.888
164.579,95.256,60.758,42.888
165.189,96.272,60.758,42.888
164.986,95.662,60.758,42.888
164.782,95.052,60.758,42.888
164.986,95.256,60.758,42.888
165.596,95.459,60.758,42.888
166.205,95.256,60.758,42.888
165.596,94.646,60.758,42.888
166.205,94.036,60.758,42.888
166.409,94.239,60.758,42.888
167.018,94.443,60.758,42.888
166.815,94.239,60.758,42.888
166.612,93.629,60.758,42.888
167.222,93.426,60.758,42.888
167.018,94.036,60.758,42.888
166.815,93.833,60.758,42.888
166.612,93.223,60.758,42.888
167.222,93.833,60.758,42.888
167.425,93.223,60.758,42.888
167.628,93.833,60.758,42.888
167.831,92.816,60.758,42.888
168.035,93.020,60.758,42.888
169.051,93.223,60.758,42.888
169.661,93.020,60.758,42.888
169.864,92.410,60.758,42.888
170.880,92.613,60.758,42.888
171.490,91.190,60.758,42.888
172.100,91.800,60.758,42.888
172.303,91.597,60.758,42.888
172.507,91.394,60.758,42.888
173.116,92.410,60.758,42.888
172.913,92.207,60.758,42.888
173.116,92.410,60.758,42.888
173.726,92.613,60.758,42.888
173.929,92.003,60.758,42.888
174.539,92.613,60.758,42.888
175.149,92.410,60.758,42.888
175.352,93.020,60.758,42.888
175.962,92.816,60.758,42.888
176.165,93.020,60.758,42.888
176.369,92.816,60.758,42.888
176.572,92.613,60.758,42.888
176.775,92.410,60.758,42.888
176.165,93.426,60.758,42.888
175.962,93.629,60.758,42.888
175.352,93.020,60.758,42.888
175.556,93.629,60.758,42.888
175.352,93.426,60.758,42.888
175.149,94.443,60.758,42.888
175.352,95.052,60.758,42.888
175.556,94.849,60.758,42.888
175.759,95.052,60.758,42.888
175.556,95.256,60.758,42.888
175.759,95.459,60.758,42.888
175.556,95.662,60.758,42.888
176.165,95.052,60.758,42.888
176.369,95.662,60.758,42.888
176.572,95.052,60.758,42.888
177.588,95.256,60.758,42.888
178.198,95.459,60.758,42.888
178.401,95.256,60.758,42.888
178.605,95.052,60.758,42.888
179.214,94.849,60.758,42.888
179.418,94.239,60.758,42.888
179.621,94.849,60.758,42.888
180.231,94.239,60.758,42.888
180.434,94.849,60.758,42.888
181.044,94.239,60.758,42.888
181.247,94.443,60.758,42.888
181.857,94.646,60.758,42.888
182.060,93.629,60.758,42.888
182.263,93.426,60.758,42.888
182.873,94.036,60.758,42.888
182.670,93.426,60.758,42.888
182.873,94.036,60.758,42.888
183.483,93.833,60.758,42.888
184.499,94.036,60.758,42.888
184.703,94.239,60.758,42.888
184.499,94.443,60.758,42.888
185.516,95.052,60.758,42.888
185.719,94.849,60.758,42.888
185.516,94.646,60.758,42.888
186.125,94.849,60.758,42.888
186.329,95.052,60.758,42.888
186.939,95.256,60.758,42.888
186.735,95.459,60.758,42.888
186.939,96.069,60.758,42.888
187.142,95.865,60.758,42.888
187.345,96.069,60.758,42.888
187.955,96.272,60.758,42.888
187.752,96.475,60.758,42.888
187.548,96.679,60.758,42.888
188.565,96.069,60.758,42.888
188.768,96.272,60.758,42.888
188.565,96.475,60.758,42.888
189.581,97.085,60.758,42.888
189.784,96.882,60.758,42.888
189.174,96.679,60.758,42.888
189.378,96.475,60.758,42.888
189.581,97.085,60.758,42.888
189.784,96.882,60.758,42.888
189.581,96.678,60.758,42.888
190.191,96.882,60.758,42.888
189.988,96.678,60.758,42.888
189.784,96.475,60.758,42.888
189.581,97.492,60.758,42.888
190.191,97.695,60.758,42.888
189.988,96.678,60.758,42.888
189.784,96.475,60.758,42.888
189.581,97.492,60.758,42.888
190.191,97.288,60.758,42.888
189.988,97.085,60.758,42.888
190.191,96.882,60.758,42.888
190.394,96.678,60.758,42.888
190.597,96.475,60.758,42.888
190.394,97.492,60.758,42.888
190.191,97.288,60.758,42.888
190.394,97.085,60.758,42.888
190.597,96.882,60.758,42.888
190.801,96.678,60.758,42.888
190.597,96.475,60.758,42.888
190.801,97.085,60.758,42.888
190.597,96.475,60.758,42.888
191.207,96.678,60.758,42.888
191.004,95.662,60.758,42.888
190.801,95.865,60.758,42.888
190.597,96.069,60.758,42.888
191.614,96.272,60.758,42.888
191.817,96.475,60.758,42.888
191.207,97.085,60.758,42.888
191.817,96.475,60.758,42.888
192.020,97.085,60.758,42.888
192.630,97.288,60.758,42.888
192.833,97.492,60.758,42.888
193.037,97.695,60.758,42.888
193.240,96.678,60.758,42.888
193.037,96.882,60.758,42.888
192.427,96.678,60.758,42.888
192.223,96.069,60.758,42.888
191.207,96.272,60.758,42.888
190.191,96.475,60.758,42.888
189.174,96.272,60.758,42.888
188.158,96.069,60.758,42.888
187.142,95.865,60.758,42.888
186.125,95.662,60.758,42.888
185.516,95.459,60.758,42.888
184.906,96.475,60.758,42.888
183.889,96.678,60.758,42.888
183.280,95.662,60.758,42.888
183.076,95.865,60.758,42.888
182.467,96.069,60.758,42.888
182.263,96.678,60.758,42.888
181.654,96.069,60.758,42.888
180.637,96.272,60.758,42.888
180.027,96.882,60.758,42.888
179.824,96.272,60.758,42.888
179.621,96.475,60.758,42.888
179.824,97.085,60.758,42.888
179.214,96.475,60.758,42.888
179.418,97.085,60.758,42.888
179.214,96.882,60.758,42.888
179.011,96.272,60.758,42.888
178.808,96.882,60.758,42.888
178.605,96.678,60.758,42.888
179.214,96.475,60.758,42.888
179.418,97.085,60.758,42.888
180.027,96.882,60.758,42.888
180.231,97.085,60.758,42.888
180.840,97.288,60.758,42.888
181.044,97.492,60.758,42.888
181.654,97.695,60.758,42.888
181.857,97.085,60.758,42.888
182.873,97.695,60.758,42.888
183.889,97.492,60.758,42.888
184.499,98.101,60.758,42.888
185.516,97.898,60.758,42.888
186.125,98.101,60.758,42.888
186.329,98.305,60.758,42.888
187.345,98.508,60.758,42.888
187.955,98.711,60.758,42.888
188.565,98.101,60.758,42.888
189.988,98.711,60.758,42.888
190.597,98.101,60.758,42.888
192.020,98.711,60.758,42.888
192.630,98.101,60.758,42.888
193.240,98.305,60.758,42.888
194.663,98.914,60.758,42.888
195.679,98.305,60.758,42.888
196.695,98.508,60.758,42.888
197.712,98.305,60.758,42.888
198.728,97.695,60.758,42.888
200.557,97.085,60.758,42.888
203.200,97.288,60.758,42.888
203.403,97.085,60.758,42.888
204.420,96.882,60.758,42.888
204.623,96.678,60.758,42.888
204.420,96.882,60.758,42.888
205.436,97.492,60.758,42.888
205.233,97.695,60.758,42.888
205.029,96.679,60.758,42.888
204.013,97.288,60.758,42.888
203.403,97.898,60.758,42.888
202.387,97.695,60.758,42.888
200.964,97.492,60.758,42.888
199.135,98.101,60.758,42.888
197.305,97.492,60.758,42.888
195.882,97.695,60.758,42.888
193.646,96.272,60.758,42.888
192.223,97.288,60.758,42.888
191.207,97.085,60.758,42.888
189.784,96.069,60.758,42.888
187.955,96.272,60.758,42.888
186.939,96.069,60.758,42.888
186.329,95.459,60.758,42.888
185.719,95.662,60.758,42.888
184.703,94.239,60.758,42.888
184.093,94.849,60.758,42.888
184.296,93.833,60.758,42.888
184.499,94.036,60.758,42.888
184.703,94.646,60.758,42.888
184.093,94.443,60.758,42.888
183.889,95.052,60.758,42.888
183.280,94.443,60.758,42.888
183.076,95.052,60.758,42.888
182.467,93.629,60.758,42.888
182.263,93.020,60.758,42.888
181.654,92.816,60.758,42.888
180.637,90.987,60.758,42.888
180.027,89.971,60.758,42.888
179.824,88.548,60.758,42.888
179.621,88.345,60.758,42.888
180.231,86.515,60.758,42.888
179.621,86.312,60.758,42.888
179.824,85.296,60.758,42.888
179.214,85.499,60.758,42.888
179.418,85.296,60.758,42.888
179.621,84.686,60.758,42.888
179.824,83.669,60.758,42.888
179.214,83.873,60.758,42.888
179.824,83.669,60.758,42.888
179.621,82.247,60.758,42.888
180.231,82.856,60.758,42.888
180.027,81.840,60.758,42.888
179.824,80.824,60.758,42.888
179.621,80.620,60.758,42.888
180.637,80.417,60.758,42.888
180.027,81.027,60.758,42.888
180.231,80.417,60.758,42.888
180.434,81.433,60.758,42.888
180.637,81.637,60.758,42.888
180.027,81.840,60.758,42.888
180.231,83.263,60.758,42.888
180.434,85.092,60.758,42.888
180.637,86.515,60.758,42.888
180.027,87.938,60.758,42.888
180.231,88.954,60.758,42.888
180.027,90.377,60.758,42.888
179.824,91.800,60.758,42.888
179.621,92.816,60.758,42.888
179.824,94.239,60.758,42.888
179.214,96.475,60.758,42.888
179.011,98.305,60.758,42.888
178.808,99.728,60.758,42.888
178.605,101.150,60.758,42.888
178.808,102.573,60.758,42.888
178.198,103.996,60.758,42.888
177.995,105.419,60.758,42.888
177.791,107.655,60.758,42.888
177.182,109.078,60.758,42.888
176.572,111.314,60.758,42.888
176.369,114.363,60.758,42.888
175.759,117.005,60.758,42.888
174.032,118.429,62.102,43.837
173.824,121.545,62.102,43.837
173.201,123.831,62.102,43.837
172.578,124.870,62.102,43.837
171.955,126.739,62.102,43.837
171.331,127.778,62.102,43.837
170.708,128.817,62.102,43.837
169.254,129.025,62.102,43.837
168.630,129.233,62.102,43.837
166.760,129.025,62.102,43.837
166.553,128.402,62.102,43.837
165.514,127.778,62.102,43.837
164.891,126.324,62.102,43.837
164.267,126.116,62.102,43.837
163.229,125.077,62.102,43.837
162.605,124.038,62.102,43.837
161.566,123.415,62.102,43.837
161.359,123.207,62.102,43.837
161.982,122.169,62.102,43.837
161.774,121.130,62.102,43.837
161.566,120.922,62.102,43.837
162.190,121.545,62.102,43.837
163.644,123.831,62.102,43.837
163.852,124.038,62.102,43.837
164.060,123.000,62.102,43.837
162.726,119.712,63.476,44.807
160.390,116.527,63.476,44.807
157.629,114.191,63.476,44.807
154.444,112.280,63.476,44.807
151.258,112.067,63.476,44.807
151.046,112.705,63.476,44.807
150.834,113.766,63.476,44.807
151.046,115.253,63.476,44.807
152.108,116.739,63.476,44.807
153.594,117.377,63.476,44.807
155.081,119.288,63.476,44.807
156.567,120.350,63.476,44.807
156.780,119.712,63.476,44.807
157.417,117.801,63.476,44.807
155.930,115.890,63.476,44.807
156.143,113.554,63.476,44.807
155.081,111.643,63.476,44.807
154.019,108.457,63.476,44.807
153.382,108.245,63.476,44.807
151.471,107.183,63.476,44.807
150.834,106.546,63.476,44.807
150.621,106.334,63.476,44.807
149.559,105.697,63.476,44.807
148.498,105.060,63.476,44.807
148.285,106.121,63.476,44.807
147.648,106.334,63.476,44.807
147.011,105.272,63.476,44.807
146.799,104.210,63.476,44.807
145.737,102.299,63.476,44.807
145.100,100.812,63.476,44.807
144.888,98.901,63.476,44.807
144.250,98.264,63.476,44.807
144.209,97.989,64.881,45.798
144.860,98.206,64.881,45.798
144.818,98.375,66.316,46.811
145.040,99.484,66.316,46.811
144.818,100.593,66.316,46.811
144.596,100.371,66.316,46.811
144.375,99.262,66.316,46.811
142.950,98.054,67.783,47.847
142.270,97.373,67.783,47.847
139.776,94.879,67.783,47.847
139.095,93.745,67.783,47.847
138.868,92.611,67.783,47.847
138.642,92.838,67.783,47.847
139.322,93.972,67.783,47.847
140.002,95.559,67.783,47.847
141.136,97.600,67.783,47.847
140.456,100.095,67.783,47.847
140.229,101.228,67.783,47.847
140.456,101.455,67.783,47.847
141.136,101.682,67.783,47.847
140.002,102.816,67.783,47.847
140.229,102.589,67.783,47.847
138.642,100.548,67.783,47.847
137.961,98.054,67.783,47.847
137.281,97.827,67.783,47.847
135.694,97.600,67.783,47.847
136.828,97.827,67.783,47.847
138.415,98.507,67.783,47.847
140.002,99.188,67.783,47.847
143.404,99.868,67.783,47.847
144.991,101.455,67.783,47.847
145.418,101.632,69.283,48.906
145.650,102.327,69.283,48.906
144.491,102.095,69.283,48.906
142.868,100.473,69.283,48.906
140.782,99.777,69.283,48.906
140.087,99.546,69.283,48.906
136.146,99.314,69.283,48.906
133.597,100.009,69.283,48.906
132.438,102.559,69.283,48.906
130.352,104.645,69.283,48.906
130.120,106.268,69.283,48.906
130.815,106.499,69.283,48.906
132.438,107.195,69.283,48.906
132.669,107.426,69.283,48.906
131.974,107.195,69.283,48.906
128.961,106.963,69.283,48.906
129.193,107.195,69.283,48.906
130.815,105.572,69.283,48.906
133.365,104.877,69.283,48.906
134.987,105.109,69.283,48.906
136.146,104.413,69.283,48.906
138.232,105.109,69.283,48.906
140.318,104.413,69.283,48.906
142.868,104.645,69.283,48.906
144.954,104.413,69.283,48.906
145.871,104.113,70.816,49.988
145.634,103.402,70.816,49.988
142.080,103.165,70.816,49.988
137.610,101.383,72.383,51.094
134.462,102.594,72.383,51.094
131.314,103.320,72.383,51.094
130.103,106.953,72.383,51.094
129.861,108.163,72.383,51.094
130.587,109.374,72.383,51.094
130.830,110.585,72.383,51.094
128.650,110.343,72.383,51.094
128.408,112.038,72.383,51.094
125.744,112.280,72.383,51.094
125.018,113.491,72.383,51.094
123.323,113.249,72.383,51.094
124.049,113.491,72.383,51.094
125.260,112.280,72.383,51.094
126.471,112.038,72.383,51.094
126.713,110.827,72.383,51.094
125.986,109.616,72.383,51.094
123.807,107.437,72.383,51.094
122.112,106.226,72.383,51.094
117.511,104.047,72.383,51.094
113.879,101.867,72.383,51.094
108.309,99.688,72.383,51.094
102.739,97.993,72.383,51.094
98.138,97.266,72.383,51.094
94.022,96.056,72.383,51.094
92.811,95.329,72.383,51.094
92.569,94.603,72.383,51.094
93.779,93.392,72.383,51.094
94.990,94.118,72.383,51.094
94.264,93.876,72.383,51.094
93.537,93.634,72.383,51.094
91.842,92.907,72.383,51.094
91.116,93.150,72.383,51.094
91.358,93.392,72.383,51.094
92.569,93.150,72.383,51.094
93.295,93.392,72.383,51.094
93.537,94.118,72.383,51.094
93.779,94.845,72.383,51.094
94.022,94.603,72.383,51.094
92.811,93.876,72.383,51.094
90.631,94.118,72.383,51.094
87.968,93.876,72.383,51.094
83.367,93.634,72.383,51.094
78.766,92.423,72.383,51.094
73.196,92.665,72.383,51.094
68.595,91.455,72.383,51.094
68.353,91.212,72.383,51.094
69.079,92.423,72.383,51.094
75.133,94.118,72.383,51.094
83.124,95.813,72.383,51.094
92.569,98.477,72.383,51.094
100.560,101.141,72.383,51.094
104.192,103.805,72.383,51.094
103.466,104.047,72.383,51.094
100.318,103.805,72.383,51.094
94.241,102.486,73.984,52.224
93.003,100.753,73.984,52.224
92.261,100.011,73.984,52.224
92.508,99.763,73.984,52.224
93.251,100.506,73.984,52.224
95.974,101.248,73.984,52.224
99.191,102.981,73.984,52.224
102.409,103.228,73.984,52.224
105.132,103.476,73.984,52.224
108.349,102.733,73.984,52.224
112.557,102.981,73.984,52.224
116.270,103.723,73.984,52.224
122.385,103.916,75.621,53.380
127.192,105.181,75.621,53.380
129.975,105.434,75.621,53.380
131.240,105.181,75.621,53.380
131.191,103.803,77.294,54.561
130.932,104.062,77.294,54.561
130.673,103.803,77.294,54.561
133.001,103.027,77.294,54.561
137.914,101.734,77.294,54.561
145.930,100.958,77.294,54.561
153.947,101.217,77.294,54.561
160.928,102.510,77.294,54.561
164.807,102.769,77.294,54.561
170.238,103.544,77.294,54.561
173.082,104.320,77.294,54.561
177.478,105.096,77.294,54.561
182.909,106.906,77.294,54.561
186.270,107.682,77.294,54.561
191.701,108.458,77.294,54.561
195.580,109.233,77.294,54.561
199.458,109.492,77.294,54.561
203.337,109.233,77.294,54.561
207.733,108.975,77.294,54.561
212.129,109.233,77.294,54.561
213.689,107.288,79.004,55.768
218.711,107.553,79.004,55.768
221.618,107.817,79.004,55.768
224.526,107.024,79.004,55.768
225.023,106.681,80.752,57.002
227.454,107.492,80.752,57.002
227.184,107.222,80.752,57.002
227.454,106.951,80.752,57.002
227.724,107.222,80.752,57.002
227.995,106.411,80.752,57.002
228.265,106.681,80.752,57.002
227.995,106.411,80.752,57.002
228.805,106.141,80.752,57.002
228.535,105.871,80.752,57.002
227.724,107.762,80.752,57.002
226.374,108.032,80.752,57.002
222.861,106.681,80.752,57.002
217.728,106.951,80.752,57.002
212.595,106.141,80.752,57.002
209.083,103.710,80.752,57.002
207.733,102.899,80.752,57.002
206.382,103.169,80.752,57.002
206.652,103.980,80.752,57.002
207.462,106.411,80.752,57.002
205.571,107.762,80.752,57.002
201.519,108.032,80.752,57.002
196.386,106.141,80.752,57.002
190.713,105.331,80.752,57.002
184.499,104.520,80.752,57.002
177.205,103.710,80.752,57.002
171.531,102.899,80.752,57.002
168.559,102.629,80.752,57.002
165.047,102.359,80.752,57.002
161.535,102.089,80.752,57.002
156.943,101.278,80.752,57.002
153.431,101.548,80.752,57.002
148.298,101.278,80.752,57.002
145.326,100.468,80.752,57.002
141.814,100.738,80.752,57.002
139.923,101.008,80.752,57.002
136.410,100.738,80.752,57.002
132.358,101.548,80.752,57.002
129.927,100.738,80.752,57.002
128.036,102.089,80.752,57.002
126.144,102.359,80.752,57.002
123.713,103.169,80.752,57.002
122.362,103.980,80.752,57.002
120.471,106.411,80.752,57.002
119.120,107.222,80.752,57.002
117.770,107.492,80.752,57.002
115.338,107.762,80.752,57.002
112.907,106.951,80.752,57.002
111.556,105.601,80.752,57.002
109.124,104.790,80.752,57.002
106.153,105.601,80.752,57.002
104.262,105.871,80.752,57.002
103.451,106.141,80.752,57.002
103.721,104.250,80.752,57.002
103.991,102.899,80.752,57.002
104.802,102.629,80.752,57.002
105.612,101.818,80.752,57.002
106.423,103.169,80.752,57.002
106.693,105.060,80.752,57.002
106.963,108.572,80.752,57.002
107.233,113.705,80.752,57.002
106.423,116.677,80.752,57.002
106.153,118.568,80.752,57.002
103.858,118.218,82.539,58.263
103.582,117.390,82.539,58.263
103.306,112.695,82.539,58.263
103.029,106.896,82.539,58.263
103.858,101.098,82.539,58.263
104.134,95.299,82.539,58.263
104.410,90.604,82.539,58.263
104.686,86.462,82.539,58.263
106.067,85.082,82.539,58.263
109.104,85.358,82.539,58.263
112.142,87.843,82.539,58.263
115.179,91.433,82.539,58.263
116.560,96.679,82.539,58.263
115.732,104.135,82.539,58.263
114.903,110.486,82.539,58.263
113.131,112.420,84.365,59.552
111.319,113.225,86.232,60.869
111.030,112.360,86.232,60.869
110.742,110.341,86.232,60.869
109.489,106.973,88.139,62.216
108.604,103.730,88.139,62.216
108.309,101.076,88.139,62.216
108.014,96.063,88.139,62.216
107.719,91.050,88.139,62.216
108.014,86.627,88.139,62.216
107.719,83.383,88.139,62.216
107.662,81.777,90.090,63.593
109.169,82.682,90.090,63.593
111.279,85.997,90.090,63.593
113.992,92.326,90.090,63.593
117.307,98.053,90.090,63.593
120.020,101.971,90.090,63.593
121.527,103.478,90.090,63.593
123.034,101.971,90.090,63.593
123.335,99.258,90.090,63.593
123.636,94.738,90.090,63.593
124.541,92.025,90.090,63.593
124.842,88.710,90.090,63.593
124.541,85.394,90.090,63.593
122.606,83.127,92.083,65.000
121.065,81.587,92.083,65.000
119.727,79.909,94.120,66.438
119.412,78.335,94.120,66.438
119.097,76.130,94.120,66.438
118.783,72.667,94.120,66.438
119.097,71.092,94.120,66.438
117.076,69.377,96.203,67.908
118.042,71.630,96.203,67.908
117.979,72.549,98.331,69.410
119.624,76.825,98.331,69.410
119.953,83.733,98.331,69.410
121.598,91.958,98.331,69.410
122.585,96.234,98.331,69.410
122.914,99.195,98.331,69.410
123.243,100.840,98.331,69.410
122.256,99.195,98.331,69.410
121.927,96.892,98.331,69.410
120.498,91.687,100.507,70.946
120.834,87.989,100.507,70.946
120.498,84.962,100.507,70.946
121.506,81.936,100.507,70.946
122.515,77.565,100.507,70.946
122.851,72.521,100.507,70.946
123.188,72.858,100.507,70.946
124.196,73.866,100.507,70.946
124.533,76.893,100.507,70.946
124.196,83.281,100.507,70.946
124.533,94.377,100.507,70.946
122.374,104.407,102.730,72.516
120.168,113.946,105.003,74.120
119.371,120.780,107.326,75.760
117.066,118.824,109.701,77.436
113.949,113.779,112.128,79.149
112.073,107.402,112.128,79.149
110.948,100.274,112.128,79.149
109.822,91.646,112.128,79.149
110.197,83.018,112.128,79.149
109.822,75.891,112.128,79.149
110.948,71.014,112.128,79.149
110.573,69.889,112.128,79.149
110.948,71.014,112.128,79.149
107.761,74.420,114.609,80.900
105.844,83.238,114.609,80.900
103.927,94.358,114.609,80.900
101.466,104.204,117.145,82.690
100.290,114.785,117.145,82.690
98.587,119.970,119.737,84.520
96.016,120.281,122.386,86.390
93.969,114.959,122.386,86.390
92.740,104.723,122.386,86.390
90.112,93.147,125.093,88.301
88.020,82.684,125.093,88.301
86.764,73.896,125.093,88.301
84.672,66.781,125.093,88.301
82.579,67.200,125.093,88.301
79.893,69.262,127.861,90.255
78.609,76.534,127.861,90.255
78.182,88.084,127.861,90.255
76.323,99.956,130.690,92.252
77.635,109.137,130.690,92.252
75.736,111.292,133.582,94.293
73.501,109.952,133.582,94.293
73.054,101.460,133.582,94.293
71.713,89.394,133.582,94.293
72.160,77.328,133.582,94.293
73.501,66.155,133.582,94.293
74.842,56.770,133.582,94.293
74.395,49.173,133.582,94.293
73.948,46.938,133.582,94.293
71.079,43.577,136.537,96.379
70.622,46.775,136.537,96.379
69.252,52.713,136.537,96.379
66.968,63.219,136.537,96.379
66.511,76.466,136.537,96.379
64.227,88.799,136.537,96.379
63.771,100.219,136.537,96.379
60.838,106.261,139.558,98.512
58.810,106.625,142.646,100.691
57.378,103.284,142.646,100.691
56.901,93.263,142.646,100.691
56.424,83.241,142.646,100.691
56.901,71.310,142.646,100.691
57.378,60.334,142.646,100.691
57.856,51.267,142.646,100.691
58.333,46.017,142.646,100.691
58.810,44.586,142.646,100.691
57.378,46.972,142.646,100.691
57.856,54.130,142.646,100.691
55.783,66.384,145.802,102.919
56.270,82.481,145.802,102.919
54.151,97.031,149.028,105.196
52.656,110.493,149.028,105.196
51.160,119.966,149.028,105.196
47.959,120.354,152.325,107.523
47.450,115.767,152.325,107.523
45.921,104.046,152.325,107.523
47.450,92.325,152.325,107.523
47.351,76.861,155.695,109.902
48.914,64.880,155.695,109.902
49.893,53.396,159.140,112.334
51.490,48.605,159.140,112.334
52.023,48.072,159.140,112.334
52.555,51.799,159.140,112.334
53.088,60.850,159.140,112.334
54.685,74.160,159.140,112.334
53.477,87.832,162.661,114.819
52.242,101.806,166.260,117.360
49.826,112.626,169.938,119.956
49.257,116.606,169.938,119.956
48.689,111.489,169.938,119.956
46.983,100.687,169.938,119.956
45.693,84.614,173.698,122.610
47.436,70.086,173.698,122.610
49.180,54.396,173.698,122.610
49.761,42.192,173.698,122.610
50.342,33.476,173.698,122.610
50.923,31.732,173.698,122.610
50.342,33.476,173.698,122.610
49.761,39.868,173.698,122.610
49.180,53.233,173.698,122.610
48.598,68.924,173.698,122.610
48.017,82.289,173.698,122.610
47.436,93.330,173.698,122.610
43.706,93.783,177.541,125.323
41.924,89.625,177.541,125.323
40.142,78.339,177.541,125.323
39.548,64.678,177.541,125.323
41.330,51.017,177.541,125.323
43.112,37.355,177.541,125.323
43.706,26.070,177.541,125.323
45.488,19.536,177.541,125.323
46.082,17.754,177.541,125.323
45.488,19.536,177.541,125.323
46.082,24.882,177.541,125.323
45.488,36.167,177.541,125.323
44.894,53.393,177.541,125.323
45.488,71.806,177.541,125.323
47.270,89.031,177.541,125.323
46.676,100.316,177.541,125.323
48.458,106.850,177.541,125.323
45.877,104.847,181.469,128.096
45.270,94.526,181.469,128.096
44.663,80.563,181.469,128.096
45.270,67.813,181.469,128.096
45.877,56.278,181.469,128.096
46.485,47.172,181.469,128.096
45.877,42.922,181.469,128.096
46.485,43.529,181.469,128.096
48.306,47.779,181.469,128.096
48.913,59.314,181.469,128.096
49.520,73.277,181.469,128.096
50.127,87.241,181.469,128.096
49.520,96.348,181.469,128.096
46.883,96.820,185.484,130.930
45.021,89.994,185.484,130.930
44.401,79.445,185.484,130.930
45.021,68.896,185.484,130.930
45.642,58.347,185.484,130.930
46.262,51.521,185.484,130.930
46.883,47.177,185.484,130.930
47.503,46.556,185.484,130.930
48.124,50.900,185.484,130.930
47.503,65.173,185.484,130.930
46.883,84.409,185.484,130.930
46.262,101.164,185.484,130.930
45.642,106.749,185.484,130.930
43.780,101.164,185.484,130.930
44.401,89.374,185.484,130.930
43.780,77.583,185.484,130.930
45.642,63.311,185.484,130.930
48.744,50.280,185.484,130.930
54.329,38.489,185.484,130.930
56.191,29.181,185.484,130.930
59.294,24.837,185.484,130.930
59.914,24.217,185.484,130.930
64.882,30.996,181.529,128.138
66.704,40.105,181.529,128.138
69.225,52.594,177.658,125.405
71.693,62.524,173.869,122.731
74.107,68.878,170.161,120.114
78.665,69.610,166.532,117.552
80.336,64.596,166.532,117.552
82.008,55.125,166.532,117.552
85.908,43.425,166.532,117.552
87.579,33.954,166.532,117.552
90.365,24.482,166.532,117.552
93.151,20.582,166.532,117.552
98.685,24.521,162.981,115.045
102.000,30.477,159.505,112.592
102.533,39.549,159.505,112.592
103.720,55.665,156.104,110.191
105.888,72.445,152.775,107.841
107.024,87.881,149.517,105.541
105.523,97.385,149.517,105.541
106.024,98.886,149.517,105.541
108.100,93.744,146.329,103.291
110.548,80.526,146.329,103.291
113.975,67.308,146.329,103.291
117.401,55.070,146.329,103.291
120.828,43.810,146.329,103.291
123.276,34.509,146.329,103.291
126.252,29.476,143.208,101.088
127.689,27.080,143.208,101.088
128.168,29.476,143.208,101.088
129.605,35.704,143.208,101.088
130.671,49.250,140.154,98.932
134.425,65.219,137.165,96.823
137.214,81.732,134.240,94.758
140.358,95.655,134.240,94.758
139.909,104.188,134.240,94.758
139.460,102.840,134.240,94.758
138.112,97.002,134.240,94.758
139.977,85.459,131.377,92.737
140.416,70.955,131.377,92.737
142.614,58.208,131.377,92.737
144.811,44.583,131.377,92.737
146.130,35.353,131.377,92.737
147.449,29.639,131.377,92.737
148.767,28.320,131.377,92.737
149.207,29.639,131.377,92.737
149.337,36.135,128.576,90.759
148.907,45.168,128.576,90.759
149.863,58.989,125.834,88.824
150.799,74.138,123.150,86.930
152.035,86.086,123.150,86.930
152.951,97.735,120.524,85.076
151.741,101.364,120.524,85.076
150.532,100.154,120.524,85.076
151.428,94.454,117.954,83.262
151.033,84.589,117.954,83.262
150.639,74.723,117.954,83.262
151.823,64.858,117.954,83.262
153.006,56.571,117.954,83.262
153.401,49.073,117.954,83.262
152.217,45.522,117.954,83.262
153.095,45.268,115.439,81.486
152.708,47.199,115.439,81.486
152.322,50.675,115.439,81.486
151.164,58.785,115.439,81.486
150.777,66.896,115.439,81.486
151.936,77.323,115.439,81.486
150.777,86.206,115.439,81.486
152.380,91.169,112.977,79.748
151.247,91.547,112.977,79.748
151.358,89.848,110.568,78.048
150.249,82.080,110.568,78.048
149.879,73.572,110.568,78.048
150.249,65.804,110.568,78.048
151.358,59.515,110.568,78.048
152.468,56.186,110.568,78.048
153.290,56.662,108.210,76.383
153.652,59.920,108.210,76.383
154.014,66.798,108.210,76.383
153.652,77.297,108.210,76.383
153.290,87.795,108.210,76.383
154.793,98.031,105.902,74.754
155.581,105.999,103.644,73.160
156.352,107.782,101.433,71.600
156.012,104.049,101.433,71.600
157.030,97.602,101.433,71.600
158.727,91.154,101.433,71.600
162.460,84.028,101.433,71.600
164.157,77.580,101.433,71.600
166.532,73.169,101.433,71.600
168.908,70.114,101.433,71.600
170.316,69.897,99.270,70.073
171.977,72.221,99.270,70.073
172.715,75.850,97.153,68.579
174.064,83.786,95.082,67.116
173.746,91.103,95.082,67.116
175.337,96.510,95.082,67.116
174.383,101.282,95.082,67.116
174.064,100.964,95.082,67.116
174.158,98.920,93.054,65.685
174.851,92.719,91.070,64.284
175.155,86.930,91.070,64.284
177.007,81.448,89.127,62.913
177.305,76.379,89.127,62.913
179.118,75.038,87.227,61.572
178.826,74.747,87.227,61.572
180.600,77.935,85.367,60.259
180.886,81.076,85.367,60.259
181.742,87.074,85.367,60.259
182.599,93.071,85.367,60.259
183.234,97.292,83.546,58.974
183.317,99.807,81.765,57.716
182.870,98.049,80.021,56.485
182.067,94.034,80.021,56.485
181.630,90.249,78.314,55.281
181.708,88.061,76.644,54.102
181.451,86.779,76.644,54.102
180.169,85.497,76.644,54.102
178.762,87.309,75.010,52.948
174.966,90.051,73.410,51.819
171.774,91.770,73.410,51.819
169.952,93.506,71.845,50.714
169.712,95.189,71.845,50.714
171.394,97.352,71.845,50.714
176.442,99.515,71.845,50.714
182.932,101.198,71.845,50.714
189.902,101.919,71.845,50.714
196.923,103.618,70.313,49.632
203.275,104.323,70.313,49.632
209.155,104.559,70.313,49.632
215.036,105.264,70.313,49.632
220.447,106.441,70.313,49.632
224.446,107.617,70.313,49.632
223.740,109.263,70.313,49.632
212.213,108.558,70.313,49.632
205.392,111.145,70.313,49.632
204.216,110.440,70.313,49.632
203.510,111.616,70.313,49.632
205.393,110.104,68.813,48.574
224.544,113.063,67.346,47.538
223.868,112.387,67.346,47.538
220.939,112.162,67.346,47.538
217.109,110.585,67.346,47.538
213.279,110.359,67.346,47.538
208.547,109.233,67.346,47.538
204.717,108.106,67.346,47.538
199.986,107.430,67.346,47.538
194.353,106.755,67.346,47.538
190.072,104.727,67.346,47.538
184.440,104.501,67.346,47.538
180.159,102.474,67.346,47.538
175.878,100.897,67.346,47.538
171.597,98.869,67.346,47.538
167.767,97.292,67.346,47.538
164.838,96.616,67.346,47.538
161.458,95.940,67.346,47.538
160.782,94.363,67.346,47.538
159.656,94.137,67.346,47.538
158.529,93.461,67.346,47.538
157.403,93.687,67.346,47.538
156.727,93.912,67.346,47.538
157.228,93.767,65.910,46.524
156.566,93.988,65.910,46.524
157.056,95.122,64.504,45.532
156.841,95.337,64.504,45.532
157.056,95.553,64.504,45.532
157.952,96.663,63.128,44.561
158.163,97.296,63.128,44.561
158.797,97.507,63.128,44.561
159.431,98.141,63.128,44.561
160.714,99.634,61.782,43.611
161.748,100.254,61.782,43.611
163.608,100.461,61.782,43.611
165.468,101.494,61.782,43.611
166.502,102.528,61.782,43.611
167.949,103.975,61.782,43.611
169.809,106.248,61.782,43.611
172.083,108.108,61.782,43.611
174.356,110.382,61.782,43.611
175.803,111.416,61.782,43.611
178.490,112.862,61.782,43.611
179.937,115.136,61.782,43.611
182.211,117.410,61.782,43.611
183.244,118.443,61.782,43.611
185.518,119.890,61.782,43.611
186.551,120.924,61.782,43.611
188.411,122.370,61.782,43.611
191.098,123.404,61.782,43.611
194.199,124.851,61.782,43.611
195.057,126.710,60.465,42.681
197.687,127.317,60.465,42.681
200.086,128.747,59.175,41.771
201.671,129.765,57.913,40.880
202.640,129.184,57.913,40.880
204.565,128.312,56.678,40.008
207.030,126.985,56.678,40.008
209.279,126.863,55.470,39.155
210.578,125.935,55.470,39.155
213.361,125.379,55.470,39.155
215.205,124.902,54.287,38.320
217.009,124.785,53.129,37.503
219.460,125.699,51.996,36.703
219.982,125.525,51.996,36.703
222.381,127.090,50.887,35.920
222.211,127.260,50.887,35.920
224.230,128.136,49.802,35.154
224.279,128.992,48.740,34.405
224.116,130.134,48.740,34.405
226.365,131.915,47.701,33.671
226.412,132.736,46.683,32.953
228.130,131.955,46.683,32.953
227.661,131.486,46.683,32.953
227.818,131.330,46.683,32.953
227.661,130.549,46.683,32.953
227.505,129.456,46.683,32.953
228.598,129.612,46.683,32.953
229.379,127.894,46.683,32.953
230.473,126.488,46.683,32.953
231.254,125.083,46.683,32.953
230.785,123.052,46.683,32.953
230.316,121.647,46.683,32.953
231.410,120.554,46.683,32.953
231.456,121.055,45.688,32.250
232.385,121.547,44.714,31.563
232.235,121.397,44.714,31.563
232.086,121.846,44.714,31.563
231.637,122.594,44.714,31.563
231.487,122.743,44.714,31.563
230.739,123.491,44.714,31.563
229.393,123.641,44.714,31.563
229.244,124.090,44.714,31.563
229.992,124.838,44.714,31.563
231.338,125.286,44.714,31.563
233.582,124.838,44.714,31.563
234.629,125.286,44.714,31.563
234.961,125.190,43.760,30.889
233.937,125.630,43.760,30.889
231.448,124.898,43.760,30.889
227.202,125.044,43.760,30.889
223.249,124.898,43.760,30.889
219.882,124.751,43.760,30.889
217.101,124.312,43.760,30.889
214.026,124.751,43.760,30.889
210.952,123.726,43.760,30.889
208.455,124.479,42.827,30.231
206.592,124.049,42.827,30.231
205.303,124.479,42.827,30.231
205.069,124.940,41.914,29.586
203.527,125.080,41.914,29.586
203.106,125.220,41.914,29.586
202.405,124.519,41.914,29.586
202.545,124.940,41.914,29.586
202.966,125.641,41.914,29.586
203.548,126.091,41.020,28.955
203.959,125.131,41.020,28.955
205.195,125.268,41.020,28.955
205.057,125.405,41.020,28.955
205.469,125.542,41.020,28.955
206.704,125.131,41.020,28.955
207.116,123.896,41.020,28.955
206.979,124.307,41.020,28.955
208.488,123.621,41.020,28.955
209.723,124.856,41.020,28.955
211.782,126.366,41.020,28.955
213.017,128.150,41.020,28.955
212.880,130.483,41.020,28.955
214.389,133.639,41.020,28.955
213.977,136.521,41.020,28.955
214.115,138.305,41.020,28.955
212.880,140.089,41.020,28.955
213.017,141.050,41.020,28.955
212.056,142.010,41.020,28.955
211.644,143.245,41.020,28.955
213.428,142.559,41.020,28.955
214.938,142.696,41.020,28.955
216.997,142.559,41.020,28.955
216.859,142.422,41.020,28.955
219.467,142.834,41.020,28.955
220.153,143.520,41.020,28.955
221.114,143.383,41.020,28.955
222.074,142.696,41.020,28.955
223.035,142.559,41.020,28.955
223.995,142.422,41.020,28.955
225.779,143.108,41.020,28.955
228.387,144.618,41.020,28.955
228.799,148.049,41.020,28.955
228.661,152.852,41.020,28.955
226.328,162.046,41.020,28.955
221.525,173.711,41.020,28.955
