123.000,87.000,132.000,176.000
121.186,82.767,132.000,176.000
120.581,83.371,132.000,176.000
122.395,81.557,132.000,176.000
123.000,82.162,132.000,176.000
123.605,82.767,132.000,176.000
125.419,83.371,132.000,176.000
127.233,82.767,132.000,176.000
129.048,83.371,132.000,176.000
129.652,82.767,132.000,176.000
131.467,83.371,132.000,176.000
132.071,82.767,132.000,176.000
132.676,83.371,132.000,176.000
134.490,81.557,132.000,176.000
135.095,82.162,132.000,176.000
135.700,81.557,132.000,176.000
137.514,82.162,132.000,176.000
138.119,81.557,132.000,176.000
138.724,80.952,132.000,176.000
139.328,81.557,132.000,176.000
138.724,80.952,132.000,176.000
139.328,81.557,132.000,176.000
138.724,79.743,132.000,176.000
138.119,80.348,132.000,176.000
135.095,79.743,132.000,176.000
132.071,80.348,132.000,176.000
129.048,78.533,132.000,176.000
127.233,79.138,132.000,176.000
126.629,78.533,132.000,176.000
126.024,79.138,132.000,176.000
125.419,77.324,132.000,176.000
126.024,77.929,132.000,176.000
125.419,79.743,132.000,176.000
127.233,79.138,132.000,176.000
129.048,78.533,132.000,176.000
129.652,80.348,132.000,176.000
131.467,78.533,132.000,176.000
133.281,79.138,132.000,176.000
133.886,79.743,132.000,176.000
134.490,80.348,132.000,176.000
135.095,79.743,132.000,176.000
135.700,80.348,132.000,176.000
136.305,78.533,132.000,176.000
136.909,79.138,132.000,176.000
137.514,78.533,132.000,176.000
138.119,79.138,132.000,176.000
137.514,78.533,132.000,176.000
138.119,79.138,132.000,176.000
138.724,78.533,132.000,176.000
140.538,79.138,132.000,176.000
141.143,77.324,132.000,176.000
141.747,77.929,132.000,176.000
143.562,78.533,132.000,176.000
145.376,76.719,132.000,176.000
144.771,78.533,132.000,176.000
146.585,76.719,132.000,176.000
145.981,77.324,132.000,176.000
147.795,75.510,132.000,176.000
147.190,77.324,132.000,176.000
147.795,75.510,132.000,176.000
147.190,77.324,132.000,176.000
146.585,75.510,132.000,176.000
145.981,76.114,132.000,176.000
145.376,75.510,132.000,176.000
143.562,77.324,132.000,176.000
142.957,75.510,132.000,176.000
142.352,77.324,132.000,176.000
140.538,75.510,132.000,176.000
139.933,77.324,132.000,176.000
140.538,75.510,132.000,176.000
139.933,77.324,132.000,176.000
140.538,74.300,132.000,176.000
139.933,76.114,132.000,176.000
141.747,74.300,132.000,176.000
139.933,76.114,132.000,176.000
141.747,74.300,132.000,176.000
141.143,76.114,132.000,176.000
140.538,75.510,132.000,176.000
141.143,76.114,132.000,176.000
141.747,76.719,132.000,176.000
143.562,77.324,132.000,176.000
144.166,76.719,132.000,176.000
143.562,78.533,132.000,176.000
145.376,79.138,132.000,176.000
145.981,79.743,132.000,176.000
147.795,80.348,132.000,176.000
147.190,80.952,132.000,176.000
146.585,82.767,132.000,176.000
148.400,82.162,132.000,176.000
150.214,80.348,132.000,176.000
148.400,83.371,132.000,176.000
151.423,80.348,132.000,176.000
150.819,83.371,132.000,176.000
152.633,81.557,132.000,176.000
152.028,84.581,132.000,176.000
152.633,83.976,132.000,176.000
152.028,85.790,132.000,176.000
153.842,82.767,132.000,176.000
153.238,84.581,132.000,176.000
152.633,83.976,132.000,176.000
152.028,83.371,132.000,176.000
151.423,82.767,132.000,176.000
152.028,83.371,132.000,176.000
152.633,80.348,132.000,176.000
152.028,82.162,132.000,176.000
152.633,80.348,132.000,176.000
153.238,80.952,132.000,176.000
152.633,81.557,132.000,176.000
154.447,78.533,132.000,176.000
153.842,80.348,132.000,176.000
155.657,78.533,132.000,176.000
156.261,79.138,132.000,176.000
158.076,77.324,132.000,176.000
159.890,77.929,132.000,176.000
161.704,78.533,132.000,176.000
163.518,77.929,132.000,176.000
165.333,78.533,132.000,176.000
167.147,76.719,132.000,176.000
168.961,77.324,132.000,176.000
173.194,75.510,132.000,176.000
175.009,76.114,132.000,176.000
179.242,73.091,132.000,176.000
182.266,73.695,132.000,176.000
185.289,73.091,132.000,176.000
189.523,71.276,132.000,176.000
193.756,70.672,132.000,176.000
197.989,70.067,132.000,176.000
202.222,67.043,132.000,176.000
205.246,66.438,132.000,176.000
209.479,65.834,132.000,176.000
214.922,65.229,132.000,176.000
220.365,63.415,132.000,176.000
224.598,62.810,132.000,176.000
230.040,61.490,134.921,179.894
234.367,60.872,134.921,179.894
238.693,60.254,134.921,179.894
241.784,60.872,134.921,179.894
246.111,60.254,134.921,179.894
249.202,62.108,134.921,179.894
253.529,61.490,134.921,179.894
256.619,63.345,134.921,179.894
260.946,62.727,134.921,179.894
265.273,63.345,134.921,179.894
269.600,63.963,134.921,179.894
273.927,64.581,134.921,179.894
279.490,65.199,134.921,179.894
283.817,67.054,134.921,179.894
289.380,67.672,134.921,179.894
294.943,68.290,134.921,179.894
300.506,70.144,134.921,179.894
306.070,70.762,134.921,179.894
311.633,70.144,134.921,179.894
319.668,70.762,134.921,179.894
326.468,70.144,134.921,179.894
333.267,70.762,134.921,179.894
340.067,70.144,134.921,179.894
346.866,69.526,134.921,179.894
354.902,68.908,134.921,179.894
361.701,67.054,134.921,179.894
367.265,67.672,134.921,179.894
372.828,65.817,134.921,179.894
379.627,65.199,134.921,179.894
385.190,65.817,134.921,179.894
389.517,63.963,134.921,179.894
395.080,64.581,134.921,179.894
399.407,63.963,134.921,179.894
402.498,64.581,134.921,179.894
405.589,63.963,134.921,179.894
408.679,64.581,134.921,179.894
410.534,65.199,134.921,179.894
413.624,65.817,134.921,179.894
415.479,67.672,134.921,179.894
416.097,69.526,134.921,179.894
417.951,72.617,134.921,179.894
419.806,73.235,134.921,179.894
420.424,75.089,134.921,179.894
419.806,75.707,134.921,179.894
420.424,76.325,134.921,179.894
418.569,76.944,134.921,179.894
417.951,78.798,134.921,179.894
417.333,78.180,134.921,179.894
414.243,78.798,134.921,179.894
412.388,78.180,134.921,179.894
410.534,78.798,134.921,179.894
407.443,79.416,134.921,179.894
406.825,80.034,134.921,179.894
403.734,79.416,134.921,179.894
403.116,78.798,134.921,179.894
401.262,78.180,134.921,179.894
399.407,78.798,134.921,179.894
398.789,78.180,134.921,179.894
396.935,78.798,134.921,179.894
395.080,78.180,134.921,179.894
393.226,78.798,134.921,179.894
391.372,79.416,134.921,179.894
390.753,81.271,134.921,179.894
391.372,79.416,134.921,179.894
389.517,81.271,134.921,179.894
388.899,83.125,134.921,179.894
388.281,83.743,134.921,179.894
387.663,85.597,134.921,179.894
385.808,87.452,134.921,179.894
383.954,91.779,134.921,179.894
380.863,93.633,134.921,179.894
376.536,97.960,134.921,179.894
372.209,103.523,134.921,179.894
367.883,106.614,134.921,179.894
364.792,105.996,134.921,179.894
362.938,107.850,134.921,179.894
358.611,107.232,134.921,179.894
360.465,104.141,134.921,179.894
367.264,117.122,134.921,179.894
362.938,122.685,134.921,179.894
358.611,124.540,134.921,179.894
353.047,125.158,134.921,179.894
349.957,127.012,134.921,179.894
346.866,130.103,134.921,179.894
345.012,134.430,134.921,179.894
346.866,136.284,134.921,179.894
346.248,138.138,134.921,179.894
344.394,138.757,134.921,179.894
345.012,140.611,134.921,179.894
345.630,141.229,134.921,179.894
345.012,144.320,134.921,179.894
345.630,146.174,134.921,179.894
345.012,148.029,134.921,179.894
346.866,149.883,134.921,179.894
347.484,151.737,134.921,179.894
346.866,153.592,134.921,179.894
347.484,155.446,134.921,179.894
346.866,157.300,134.921,179.894
347.484,157.919,134.921,179.894
348.102,158.537,134.921,179.894
347.484,160.391,134.921,179.894
346.866,161.009,134.921,179.894
347.484,160.391,134.921,179.894
348.102,161.009,134.921,179.894
346.248,161.627,134.921,179.894
345.630,161.009,134.921,179.894
346.248,161.627,134.921,179.894
344.394,162.246,134.921,179.894
345.012,161.627,134.921,179.894
344.394,162.246,134.921,179.894
342.539,162.864,134.921,179.894
340.685,161.009,134.921,179.894
340.067,160.391,134.921,179.894
339.449,159.773,134.921,179.894
338.830,157.919,134.921,179.894
338.212,156.064,134.921,179.894
336.358,155.446,134.921,179.894
335.740,154.828,134.921,179.894
335.122,152.974,134.921,179.894
334.503,152.355,134.921,179.894
333.885,151.737,134.921,179.894
332.031,148.647,134.921,179.894
330.177,148.029,134.921,179.894
328.322,148.647,134.921,179.894
326.468,146.792,134.921,179.894
324.613,147.410,134.921,179.894
321.523,148.029,134.921,179.894
319.668,147.410,134.921,179.894
316.578,148.029,134.921,179.894
312.251,148.647,134.921,179.894
309.160,148.029,134.921,179.894
304.833,149.883,134.921,179.894
301.742,151.737,134.921,179.894
298.652,152.355,134.921,179.894
295.561,154.210,134.921,179.894
291.234,156.064,134.921,179.894
288.144,156.682,134.921,179.894
285.053,157.301,134.921,179.894
280.354,157.234,137.906,183.874
277.195,155.339,137.906,183.874
272.772,155.971,137.906,183.874
268.349,154.075,137.906,183.874
263.927,153.444,137.906,183.874
259.504,151.548,137.906,183.874
253.818,150.916,137.906,183.874
248.132,149.021,137.906,183.874
242.445,147.125,137.906,183.874
236.331,145.747,140.957,187.942
231.811,143.810,140.957,187.942
227.290,141.872,140.957,187.942
224.061,139.935,140.957,187.942
219.541,137.997,140.957,187.942
215.020,134.769,140.957,187.942
211.791,131.540,140.957,187.942
208.562,128.311,140.957,187.942
204.042,126.373,140.957,187.942
200.813,123.144,140.957,187.942
197.584,121.207,140.957,187.942
194.015,118.458,144.075,192.101
192.035,116.478,144.075,192.101
190.054,114.497,144.075,192.101
188.074,112.517,144.075,192.101
187.165,111.077,147.263,196.351
185.141,109.053,147.263,196.351
181.768,108.378,147.263,196.351
181.093,107.704,147.263,196.351
179.069,107.029,147.263,196.351
177.045,106.354,147.263,196.351
175.021,105.679,147.263,196.351
172.997,106.354,147.263,196.351
170.973,104.330,147.263,196.351
168.949,105.005,147.263,196.351
166.925,105.679,147.263,196.351
164.901,103.655,147.263,196.351
162.877,102.981,147.263,196.351
162.202,102.306,147.263,196.351
160.178,101.631,147.263,196.351
159.503,99.607,147.263,196.351
157.479,98.933,147.263,196.351
155.455,96.909,147.263,196.351
154.781,97.583,147.263,196.351
154.106,95.559,147.263,196.351
152.082,94.885,147.263,196.351
151.407,94.210,147.263,196.351
150.732,93.535,147.263,196.351
148.708,90.162,147.263,196.351
146.684,90.837,147.263,196.351
144.660,90.162,147.263,196.351
143.986,89.487,147.263,196.351
141.962,87.463,147.263,196.351
142.636,86.788,147.263,196.351
141.962,87.463,147.263,196.351
141.287,85.439,147.263,196.351
141.962,84.764,147.263,196.351
141.287,84.090,147.263,196.351
141.962,82.066,147.263,196.351
139.938,80.042,147.263,196.351
140.612,79.367,147.263,196.351
139.938,78.692,147.263,196.351
139.263,79.367,147.263,196.351
139.938,78.692,147.263,196.351
139.263,79.367,147.263,196.351
138.588,80.042,147.263,196.351
137.914,82.066,147.263,196.351
137.239,84.090,147.263,196.351
137.914,84.764,147.263,196.351
137.239,85.439,147.263,196.351
139.263,86.114,147.263,196.351
138.588,88.138,147.263,196.351
140.612,87.463,147.263,196.351
142.636,86.788,147.263,196.351
144.660,87.463,147.263,196.351
146.684,88.138,147.263,196.351
148.708,88.813,147.263,196.351
150.732,89.487,147.263,196.351
152.603,89.415,150.521,200.695
154.672,90.105,150.521,200.695
156.741,90.794,150.521,200.695
157.430,91.484,150.521,200.695
160.878,92.173,150.521,200.695
161.568,92.863,150.521,200.695
163.637,93.553,150.521,200.695
165.706,94.242,150.521,200.695
167.775,94.932,150.521,200.695
167.085,92.863,150.521,200.695
167.775,93.553,150.521,200.695
167.085,95.621,150.521,200.695
166.395,94.932,150.521,200.695
165.706,94.242,150.521,200.695
165.016,94.932,150.521,200.695
164.326,92.863,150.521,200.695
166.395,90.794,150.521,200.695
167.085,92.863,150.521,200.695
167.775,90.794,150.521,200.695
167.085,91.484,150.521,200.695
166.395,92.173,150.521,200.695
167.085,91.484,150.521,200.695
165.016,90.794,150.521,200.695
165.706,90.105,150.521,200.695
166.395,89.415,150.521,200.695
165.706,88.725,150.521,200.695
166.395,85.277,150.521,200.695
165.706,87.346,150.521,200.695
167.775,83.898,150.521,200.695
167.085,84.588,150.521,200.695
169.154,83.898,150.521,200.695
169.843,84.588,150.521,200.695
170.533,83.898,150.521,200.695
173.981,83.209,150.521,200.695
174.671,85.277,150.521,200.695
176.739,85.967,150.521,200.695
176.050,88.036,150.521,200.695
178.119,88.725,150.521,200.695
177.429,90.794,150.521,200.695
179.498,91.484,150.521,200.695
178.808,92.173,150.521,200.695
179.498,91.484,150.521,200.695
180.187,92.173,150.521,200.695
179.498,92.863,150.521,200.695
181.567,92.173,150.521,200.695
180.877,94.242,150.521,200.695
181.567,93.553,150.521,200.695
182.256,94.242,150.521,200.695
181.567,94.932,150.521,200.695
182.256,94.242,150.521,200.695
181.567,94.932,150.521,200.695
182.256,95.621,150.521,200.695
181.567,96.311,150.521,200.695
180.877,97.001,150.521,200.695
180.187,94.932,150.521,200.695
180.877,95.621,150.521,200.695
180.187,96.311,150.521,200.695
180.877,95.621,150.521,200.695
180.187,96.311,150.521,200.695
182.256,94.242,150.521,200.695
181.567,94.932,150.521,200.695
182.256,92.863,150.521,200.695
181.567,93.553,150.521,200.695
183.635,94.242,150.521,200.695
181.567,93.553,150.521,200.695
183.635,92.863,150.521,200.695
182.946,92.173,150.521,200.695
182.256,92.863,150.521,200.695
184.325,90.794,150.521,200.695
183.635,91.484,150.521,200.695
184.325,92.173,150.521,200.695
183.635,91.484,150.521,200.695
184.325,92.173,150.521,200.695
183.635,91.484,150.521,200.695
184.325,92.173,150.521,200.695
183.635,92.863,150.521,200.695
184.325,92.173,150.521,200.695
183.635,92.863,150.521,200.695
185.905,94.338,147.311,196.415
185.230,93.663,147.311,196.415
184.555,95.688,147.311,196.415
186.580,93.663,147.311,196.415
185.905,95.688,147.311,196.415
185.230,96.363,147.311,196.415
185.905,95.688,147.311,196.415
185.230,96.363,147.311,196.415
187.255,95.688,147.311,196.415
186.580,97.713,147.311,196.415
187.255,97.038,147.311,196.415
186.580,97.713,147.311,196.415
187.255,98.388,147.311,196.415
186.580,97.713,147.311,196.415
187.255,98.388,147.311,196.415
186.580,97.713,147.311,196.415
187.255,98.388,147.311,196.415
186.580,99.063,147.311,196.415
187.255,99.738,147.311,196.415
186.580,99.063,147.311,196.415
187.255,101.087,147.311,196.415
186.580,100.412,147.311,196.415
187.255,99.738,147.311,196.415
186.580,100.412,147.311,196.415
188.605,99.738,147.311,196.415
187.930,100.412,147.311,196.415
187.255,99.738,147.311,196.415
187.930,100.412,147.311,196.415
187.255,101.087,147.311,196.415
187.930,101.762,147.311,196.415
187.255,102.437,147.311,196.415
189.280,100.412,147.311,196.415
187.255,102.437,147.311,196.415
187.930,100.412,147.311,196.415
187.255,102.437,147.311,196.415
187.930,101.762,147.311,196.415
187.255,102.437,147.311,196.415
189.280,101.762,147.311,196.415
188.605,102.437,147.311,196.415
189.280,101.762,147.311,196.415
188.605,102.437,147.311,196.415
189.280,101.762,147.311,196.415
188.605,102.437,147.311,196.415
190.629,101.762,147.311,196.415
188.605,102.437,147.311,196.415
190.629,100.412,147.311,196.415
189.954,102.437,147.311,196.415
190.629,101.762,147.311,196.415
192.654,102.437,147.311,196.415
193.329,103.112,147.311,196.415
194.004,103.787,147.311,196.415
194.679,103.112,147.311,196.415
195.354,103.787,147.311,196.415
194.679,103.112,147.311,196.415
196.703,103.787,147.311,196.415
196.029,103.112,147.311,196.415
196.703,103.787,147.311,196.415
198.728,103.112,147.311,196.415
199.403,103.787,147.311,196.415
201.428,103.112,147.311,196.415
203.452,103.787,147.311,196.415
205.477,103.112,147.311,196.415
207.502,105.137,147.311,196.415
210.876,104.462,147.311,196.415
212.901,105.137,147.311,196.415
214.926,105.812,147.311,196.415
216.950,106.487,147.311,196.415
220.325,104.462,147.311,196.415
222.349,105.137,147.311,196.415
224.374,105.812,147.311,196.415
226.399,106.486,147.311,196.415
228.424,105.812,147.311,196.415
230.448,106.486,147.311,196.415
232.473,105.812,147.311,196.415
233.148,106.486,147.311,196.415
233.823,105.812,147.311,196.415
235.847,106.486,147.311,196.415
236.522,107.161,147.311,196.415
239.897,107.836,147.311,196.415
240.572,107.161,147.311,196.415
242.596,107.836,147.311,196.415
244.621,105.812,147.311,196.415
246.646,106.486,147.311,196.415
247.321,105.812,147.311,196.415
249.345,105.137,147.311,196.415
251.370,104.462,147.311,196.415
252.045,103.787,147.311,196.415
254.070,103.112,147.311,196.415
257.444,101.087,147.311,196.415
259.469,100.412,147.311,196.415
260.144,99.737,147.311,196.415
262.168,99.063,147.311,196.415
264.193,98.388,147.311,196.415
264.868,97.713,147.311,196.415
266.893,97.038,147.311,196.415
268.917,97.713,147.311,196.415
270.942,95.688,147.311,196.415
272.967,95.013,147.311,196.415
274.991,94.338,147.311,196.415
277.016,92.314,147.311,196.415
280.391,91.639,147.311,196.415
283.765,89.614,147.311,196.415
285.790,88.939,147.311,196.415
289.164,88.264,147.311,196.415
289.839,87.589,147.311,196.415
293.214,84.215,147.311,196.415
295.238,84.890,147.311,196.415
297.263,82.865,147.311,196.415
299.288,83.540,147.311,196.415
301.312,81.515,147.311,196.415
301.987,80.840,147.311,196.415
304.012,80.165,147.311,196.415
304.687,80.840,147.311,196.415
305.362,78.816,147.311,196.415
306.037,78.141,147.311,196.415
305.362,78.816,147.311,196.415
304.687,79.491,147.311,196.415
304.012,78.816,147.311,196.415
300.637,80.840,147.311,196.415
298.308,80.768,150.571,200.761
294.858,82.838,150.571,200.761
292.789,84.907,150.571,200.761
288.976,86.265,153.902,205.203
286.861,89.790,153.902,205.203
282.964,89.715,157.307,209.743
279.360,90.435,157.307,209.743
275.757,91.156,157.307,209.743
273.595,90.435,157.307,209.743
271.107,91.854,160.788,214.383
267.035,93.303,164.345,219.127
261.765,95.562,164.345,219.127
256.041,97.044,167.981,223.975
252.193,99.353,167.981,223.975
248.345,103.201,167.981,223.975
242.958,105.510,167.981,223.975
237.571,107.818,167.981,223.975
230.644,108.588,167.981,223.975
225.257,106.279,167.981,223.975
221.409,102.431,167.981,223.975
219.100,95.505,167.981,223.975
218.331,87.039,167.981,223.975
216.022,77.034,167.981,223.975
213.713,65.491,167.981,223.975
211.404,52.407,167.981,223.975
209.096,37.785,167.981,223.975
206.787,21.624,167.981,223.975
202.939,7.001,167.981,223.975
199.091,-4.543,167.981,223.975
196.782,-13.008,167.981,223.975
194.473,-16.856,167.981,223.975
192.164,-19.165,167.981,223.975
196.012,-21.474,167.981,223.975
192.164,-23.783,167.981,223.975
188.316,-23.013,167.981,223.975
189.086,-22.243,167.981,223.975
186.777,-19.935,167.981,223.975
186.008,-16.087,167.981,223.975
185.238,-12.239,167.981,223.975
182.929,-6.852,167.981,223.975
180.620,-3.004,167.981,223.975
178.312,0.844,167.981,223.975
176.003,4.692,167.981,223.975
180.019,9.306,164.399,219.199
174.294,10.788,168.036,224.048
168.441,9.108,171.754,229.005
166.080,8.321,171.754,229.005
165.294,9.108,171.754,229.005
162.933,11.469,171.754,229.005
160.572,12.256,171.754,229.005
158.212,13.043,171.754,229.005
155.851,13.830,171.754,229.005
153.490,13.043,171.754,229.005
145.876,11.326,175.554,234.072
139.761,9.571,179.438,239.251
137.295,13.681,179.438,239.251
134.829,19.436,179.438,239.251
125.168,12.525,183.408,244.544
113.549,0.230,187.466,249.955
14.348,-28.377,191.614,255.485
0.388,-33.935,195.853,261.138
2.876,-30.308,200.187,266.915
1.613,-28.503,204.616,272.821
-4.949,-35.065,204.616,272.821
-2.349,-29.329,209.143,278.857
-3.669,-31.420,213.770,285.027
-5.018,-31.525,218.500,291.333
-6.019,-34.528,218.500,291.333
-9.022,-31.525,218.500,291.333
-8.021,-30.524,218.500,291.333
-15.028,-29.523,218.500,291.333
-12.025,-32.526,218.500,291.333
-17.030,-31.525,218.500,291.333
-14.027,-30.524,218.500,291.333
-17.030,-29.523,218.500,291.333
-13.736,-33.171,213.840,285.120
-16.675,-30.231,213.840,285.120
-13.736,-29.252,213.840,285.120
-14.715,-26.313,213.840,285.120
-13.736,-35.130,213.840,285.120
-12.756,-32.191,213.840,285.120
-11.776,-29.252,213.840,285.120
-11.093,-27.324,218.571,291.429
-12.094,-32.331,218.571,291.429
-11.093,-29.326,218.571,291.429
-8.088,-26.322,218.571,291.429
-7.087,-33.332,218.571,291.429
-4.083,-30.328,218.571,291.429
-3.082,-27.324,218.571,291.429
-2.383,-25.353,223.407,297.876
-3.792,-23.339,228.350,304.467
-5.233,-23.451,233.402,311.203
-2.025,-26.659,233.402,311.203
-0.956,-23.451,233.402,311.203
-0.209,-23.565,238.566,318.089
-5.674,-29.030,238.566,318.089
1.977,-30.123,238.566,318.089
-1.797,-30.240,243.845,325.126
1.555,-33.591,243.845,325.126
-4.031,-30.240,243.845,325.126
1.555,-35.826,243.845,325.126
0.438,-32.474,243.845,325.126
3.789,-29.123,243.845,325.126
7.141,-34.709,243.845,325.126
8.258,-31.357,243.845,325.126
11.609,-32.474,243.845,325.126
14.961,-29.123,243.845,325.126
13.422,-31.560,249.240,332.320
14.219,-34.052,254.754,339.672
15.034,-36.599,260.391,347.188
15.866,-41.677,266.152,354.869
16.717,-41.808,272.040,362.721
25.442,-48.039,272.040,362.721
19.210,-41.808,272.040,362.721
22.666,-44.527,278.059,370.746
26.488,-50.897,278.059,370.746
35.405,-47.075,278.059,370.746
17.790,-44.568,284.211,378.949
26.805,-52.813,290.500,387.333
13.925,-52.955,296.927,395.903
20.520,-55.924,303.496,404.662
12.835,-61.843,310.211,413.615
28.468,-66.106,310.211,413.615
9.992,-56.158,310.211,413.615
28.468,-66.106,310.211,413.615
7.150,-53.315,310.211,413.615
19.938,-56.417,317.075,422.766
38.822,-66.585,317.075,422.766
15.722,-57.698,324.090,432.120
29.082,-64.019,331.261,441.681
6.317,-59.466,331.261,441.681
16.941,-67.054,331.261,441.681
-8.859,-56.430,331.261,441.681
-1.271,-51.877,331.261,441.681
3.282,-62.501,331.261,441.681
-16.447,-51.877,331.261,441.681
-11.894,-50.360,331.261,441.681
-10.377,-48.842,331.261,441.681
-8.859,-56.430,331.261,441.681
-10.377,-48.842,331.261,441.681
-17.965,-47.325,331.261,441.681
-19.483,-45.807,331.261,441.681
-17.965,-44.289,331.261,441.681
-16.447,-54.913,331.261,441.681
-20.229,-48.740,324.196,432.262
-15.773,-53.196,324.196,432.262
-20.229,-48.740,324.196,432.262
-15.773,-59.137,324.196,432.262
-8.347,-66.564,324.196,432.262
-3.459,-60.523,317.283,423.044
4.128,-63.018,310.517,414.022
14.086,-58.750,310.517,414.022
24.044,-63.018,310.517,414.022
34.003,-58.750,310.517,414.022
49.651,-63.018,310.517,414.022
62.455,-61.595,310.517,414.022
72.413,-65.863,310.517,414.022
82.371,-61.595,310.517,414.022
92.330,-71.554,310.517,414.022
418.108,-38.833,310.517,414.022
436.602,-31.720,310.517,414.022
443.715,-33.143,310.517,414.022
424.045,-36.247,317.387,423.182
434.223,-37.701,317.387,423.182
429.204,-34.840,324.409,432.545
424.745,-45.243,324.409,432.545
435.149,-34.840,324.409,432.545
430.690,-33.353,324.409,432.545
444.066,-28.895,324.409,432.545
448.525,-39.298,324.409,432.545
455.956,-31.867,324.409,432.545
451.497,-39.298,324.409,432.545
461.901,-34.840,324.409,432.545
448.525,-45.243,324.409,432.545
464.874,-34.840,324.409,432.545
452.575,-43.120,317.491,423.321
459.848,-32.938,317.491,423.321
446.757,-40.211,317.491,423.321
456.939,-30.029,317.491,423.321
449.666,-37.302,317.491,423.321
462.757,-24.211,317.491,423.321
458.393,-22.756,317.491,423.321
468.788,-28.057,310.720,414.294
473.059,-20.939,310.720,414.294
474.482,-13.821,310.720,414.294
473.059,-23.786,310.720,414.294
480.177,-13.821,310.720,414.294
484.447,-23.786,310.720,414.294
491.565,-13.821,310.720,414.294
493.506,-24.497,304.094,405.459
500.472,-17.531,304.094,405.459
502.372,-33.350,297.609,396.812
517.373,-22.548,291.263,388.350
529.481,-37.700,285.051,380.068
531.262,-29.871,278.973,371.963
545.324,-24.673,273.023,364.031
553.983,-24.807,279.064,372.085
547.591,-41.427,279.064,372.085
566.768,-37.592,279.064,372.085
554.396,-40.382,285.238,380.318
571.578,-54.080,291.549,388.732
586.368,-51.451,298.000,397.333
576.811,-61.008,298.000,397.333
597.290,-54.181,298.000,397.333
585.003,-63.738,298.000,397.333
591.621,-61.051,304.593,406.124
581.013,-64.096,311.332,415.109
576.734,-68.375,311.332,415.109
592.423,-66.949,311.332,415.109
588.144,-59.817,311.332,415.109
587.340,-65.015,304.693,406.257
582.521,-65.164,311.434,415.245
581.094,-63.737,311.434,415.245
596.789,-65.164,311.434,415.245
589.655,-60.884,311.434,415.245
585.374,-65.164,311.434,415.245
595.362,-60.884,311.434,415.245
588.228,-59.457,311.434,415.245
587.423,-64.656,304.793,406.390
602.783,-57.674,304.793,406.390
590.216,-64.656,304.793,406.390
602.783,-57.674,304.793,406.390
593.920,-57.379,298.293,397.724
606.216,-51.853,304.893,406.524
594.657,-59.636,298.391,397.854
593.290,-52.801,298.391,397.854
608.328,-48.700,298.391,397.854
595.099,-60.192,304.993,406.657
607.672,-54.543,311.741,415.654
598.606,-59.747,305.093,406.790
594.413,-52.759,305.093,406.790
606.993,-51.361,305.093,406.790
597.208,-58.350,305.093,406.790
593.015,-54.156,305.093,406.790
608.390,-58.350,305.093,406.790
598.606,-56.952,305.093,406.790
595.123,-51.267,298.586,398.115
610.270,-51.414,305.193,406.924
601.395,-56.508,298.684,398.246
597.985,-50.943,292.315,389.753
612.814,-48.308,298.782,398.376
600.495,-60.627,298.782,398.376
595.769,-55.093,305.393,407.190
613.958,-50.896,305.393,407.190
605.077,-55.994,298.880,398.507
597.509,-56.140,305.493,407.324
594.021,-61.240,298.978,398.638
611.828,-51.652,298.978,398.638
603.134,-54.003,292.602,390.137
595.724,-51.365,299.076,398.768
610.799,-48.433,292.698,390.264
598.730,-52.456,292.698,390.264
613.481,-45.751,292.698,390.264
499.498,312.290,292.698,390.264
498.157,332.405,292.698,390.264
510.226,325.700,292.698,390.264
504.299,328.569,286.457,381.942
513.678,328.847,280.348,373.797
502.119,340.406,280.348,373.797
516.250,333.250,274.369,365.826
513.117,333.516,268.518,358.024
521.909,340.891,262.792,350.389
528.192,336.504,257.188,342.917
519.944,347.108,257.188,342.917
530.637,340.543,251.703,335.604
522.564,350.922,251.703,335.604
533.029,346.720,246.336,328.447
528.041,346.959,241.083,321.443
529.145,350.272,241.083,321.443
532.459,349.168,241.083,321.443
527.577,349.401,235.941,314.588
530.820,354.806,235.941,314.588
536.462,350.867,230.910,307.880
529.056,356.157,230.910,307.880
534.346,348.752,230.910,307.880
535.788,355.093,225.986,301.314
537.200,351.321,221.166,294.888
540.240,360.440,221.166,294.888
539.668,356.748,216.450,288.600
544.843,358.869,211.834,282.445
545.814,365.663,211.834,282.445
545.266,360.256,207.317,276.422
548.116,366.904,207.317,276.422
543.918,363.443,202.896,270.527
548.566,368.091,202.896,270.527
543.918,365.303,202.896,270.527
541.129,362.514,202.896,270.527
538.341,369.021,202.896,270.527
537.816,363.842,198.569,264.758
533.268,368.390,198.569,264.758
530.538,363.842,198.569,264.758
529.629,368.390,198.569,264.758
526.900,363.842,198.569,264.758
522.351,366.571,198.569,264.758
525.080,363.842,198.569,264.758
521.059,365.788,194.334,259.112
520.169,370.240,194.334,259.112
524.621,364.007,194.334,259.112
518.388,368.459,194.334,259.112
515.315,366.516,198.634,264.845
515.950,362.642,203.029,270.705
522.461,359.852,203.029,270.705
519.671,360.782,203.029,270.705
518.390,358.752,207.521,276.694
528.850,355.288,203.095,270.794
522.337,359.940,203.095,270.794
532.572,353.427,203.095,270.794
526.058,358.079,203.095,270.794
536.294,349.705,203.095,270.794
533.502,352.496,203.095,270.794
532.572,351.566,203.095,270.794
537.224,346.914,203.095,270.794
530.711,349.705,203.095,270.794
524.197,346.914,203.095,270.794
521.406,349.705,203.095,270.794
527.919,341.331,203.095,270.794
521.406,344.122,203.095,270.794
522.337,339.470,203.095,270.794
513.962,344.122,203.095,270.794
518.615,337.609,203.095,270.794
507.680,337.509,207.589,276.785
512.435,330.852,207.589,276.785
503.875,337.509,207.589,276.785
496.645,329.514,212.182,282.909
505.392,321.341,216.876,289.168
498.437,326.309,216.876,289.168
495.456,327.303,216.876,289.168
494.088,321.012,221.674,295.566
491.041,317.965,221.674,295.566
481.213,322.071,226.579,302.105
488.479,312.728,226.579,302.105
479.137,322.071,226.579,302.105
476.023,314.804,226.579,302.105
433.462,328.299,226.579,302.105
417.892,327.261,226.579,302.105
408.549,326.223,226.579,302.105
399.206,329.337,226.579,302.105
396.620,327.556,221.747,295.663
393.572,330.603,221.747,295.663
391.040,326.902,217.018,289.358
394.023,323.919,217.018,289.358
398.994,318.948,217.018,289.358
400.350,319.158,212.390,283.187
407.304,319.364,207.861,277.148
415.946,323.237,203.428,271.238
426.198,314.849,203.428,271.238
527.785,334.421,203.428,271.238
552.412,348.991,199.090,265.454
546.027,342.606,199.090,265.454
546.939,345.342,199.090,265.454
546.027,342.606,199.090,265.454
541.466,347.167,199.090,265.454
542.378,340.782,199.090,265.454
541.466,343.518,199.090,265.454
535.082,340.782,199.090,265.454
539.642,338.046,199.090,265.454
531.433,344.430,199.090,265.454
526.872,338.046,199.090,265.454
527.785,333.485,199.090,265.454
515.927,338.046,199.090,265.454
516.564,328.485,203.495,271.327
513.345,328.385,207.997,277.330
527.639,327.432,207.997,277.330
526.686,326.479,207.997,277.330
520.016,333.150,207.997,277.330
537.848,331.514,203.562,271.416
530.130,335.307,199.221,265.628
512.789,336.220,199.221,265.628
495.447,335.307,199.221,265.628
478.105,338.045,199.221,265.628
462.589,335.307,199.221,265.628
445.248,334.394,199.221,265.628
425.052,336.191,203.629,271.505
409.192,333.392,203.629,271.505
395.199,338.056,203.629,271.505
384.937,333.392,203.629,271.505
374.675,341.788,203.629,271.505
366.278,337.124,203.629,271.505
358.558,348.111,199.286,265.715
356.283,346.544,195.036,260.048
348.889,357.068,190.877,254.503
346.710,355.568,186.807,249.075
340.719,363.270,186.807,249.075
333.637,368.401,182.823,243.764
326.706,373.422,178.924,238.566
317.689,384.078,178.924,238.566
308.055,390.794,182.883,243.844
299.947,395.920,186.929,249.239
280.997,402.937,191.065,254.753
261.628,408.292,195.292,260.390
243.687,400.770,199.613,266.151
236.735,404.468,204.030,272.039
235.448,396.609,208.544,278.058
240.079,404.437,213.158,284.210
242.787,394.201,217.874,290.498
-36.130,114.480,222.694,296.926
-22.716,69.913,227.621,303.495
-15.416,12.557,227.621,303.495
-10.360,-13.521,232.658,310.210
-2.981,-15.847,237.805,317.073
11.343,-18.224,243.067,324.089
21.363,-16.032,248.444,331.259
12.710,-18.516,253.941,338.588
16.200,-17.353,253.941,338.588
7.356,-24.719,259.560,346.079
0.783,-22.379,265.302,353.737
-5.935,-25.031,271.172,361.563
-4.692,-33.728,271.172,361.563
-8.419,-25.031,271.172,361.563
-9.662,-28.758,271.172,361.563
-10.904,-22.547,271.172,361.563
-9.662,-21.304,271.172,361.563
-13.389,-20.062,271.172,361.563
-14.631,-23.789,271.172,361.563
-15.874,-20.062,271.172,361.563
-17.116,-28.758,271.172,361.563
-18.358,-22.547,271.172,361.563
-19.601,-26.274,271.172,361.563
-20.843,-20.062,271.172,361.563
-16.754,-31.774,265.389,353.852
-15.096,-24.485,259.730,346.306
-16.286,-23.295,259.730,346.306
-15.096,-26.865,259.730,346.306
-16.286,-23.295,259.730,346.306
-15.096,-29.245,259.730,346.306
-16.286,-25.675,259.730,346.306
-15.096,-24.485,259.730,346.306
-16.286,-35.194,259.730,346.306
-15.096,-26.865,259.730,346.306
-13.906,-32.814,259.730,346.306
-15.096,-31.624,259.730,346.306
-13.906,-30.434,259.730,346.306
-15.096,-34.004,259.730,346.306
-13.906,-32.814,259.730,346.306
-15.096,-38.764,259.730,346.306
-13.906,-35.194,259.730,346.306
-15.096,-38.764,259.730,346.306
-13.906,-37.574,259.730,346.306
-15.096,-43.524,259.730,346.306
-13.906,-42.334,259.730,346.306
-15.096,-45.904,259.730,346.306
-13.906,-42.334,259.730,346.306
-15.096,-48.284,259.730,346.306
-16.286,-44.714,259.730,346.306
-15.096,-43.524,259.730,346.306
-16.286,-51.853,259.730,346.306
-17.476,-45.904,259.730,346.306
-18.666,-47.094,259.730,346.306
-22.236,-48.284,259.730,346.306
-21.046,-47.094,259.730,346.306
-19.423,-53.723,254.191,338.921
-17.836,-46.742,248.770,331.694
-18.975,-45.602,248.770,331.694
-17.421,-51.952,243.465,324.620
-18.537,-44.145,243.465,324.620
-14.866,-50.359,238.273,317.698
-15.957,-42.718,238.273,317.698
-14.469,-48.800,233.192,310.923
-15.537,-41.321,233.192,310.923
-16.605,-46.663,233.192,310.923
-17.674,-43.458,233.192,310.923
-16.605,-42.390,233.192,310.923
-17.674,-47.731,233.192,310.923
-14.469,-42.390,233.192,310.923
-15.537,-49.868,233.192,310.923
-14.080,-45.523,228.219,304.292
-15.126,-44.478,228.219,304.292
-16.172,-43.432,228.219,304.292
-17.217,-40.295,228.219,304.292
-11.760,-50.152,223.352,297.803
-12.338,-42.045,218.589,291.452
-11.336,-43.047,218.589,291.452
-10.335,-42.045,218.589,291.452
-11.336,-43.047,218.589,291.452
-12.338,-42.045,218.589,291.452
-11.336,-41.044,218.589,291.452
-9.971,-46.623,213.928,285.237
-10.951,-41.723,213.928,285.237
-11.931,-44.663,213.928,285.237
-10.951,-39.763,213.928,285.237
-11.931,-46.623,213.928,285.237
-10.951,-41.723,213.928,285.237
-11.931,-46.623,213.928,285.237
-12.911,-41.723,213.928,285.237
-11.931,-40.743,213.928,285.237
-12.911,-39.763,213.928,285.237
-11.931,-42.703,213.928,285.237
-10.951,-41.723,213.928,285.237
-9.971,-40.743,213.928,285.237
-8.991,-39.763,213.928,285.237
-8.011,-44.663,213.928,285.237
-7.030,-37.802,213.928,285.237
-8.011,-46.623,213.928,285.237
-5.070,-39.763,213.928,285.237
-6.050,-42.703,213.928,285.237
-5.070,-41.723,213.928,285.237
-6.420,-37.760,218.661,291.548
-7.422,-46.776,218.661,291.548
-10.880,-40.647,223.499,297.998
-10.165,-42.882,228.444,304.592
-11.212,-37.649,228.444,304.592
-12.259,-49.161,228.444,304.592
-13.305,-41.835,228.444,304.592
-14.747,-39.775,233.498,311.331
-17.956,-47.264,233.498,311.331
-14.747,-41.915,233.498,311.331
-17.956,-40.845,233.498,311.331
-19.026,-46.194,233.498,311.331
-20.095,-42.985,233.498,311.331
-21.165,-44.054,233.498,311.331
-20.095,-38.706,233.498,311.331
-19.026,-39.775,233.498,311.331
-20.499,-37.670,238.664,318.219
-24.273,-35.518,243.945,325.260
-25.391,-41.106,243.945,325.260
-26.509,-37.754,243.945,325.260
-23.156,-34.401,243.945,325.260
-26.509,-37.754,243.945,325.260
-25.391,-34.401,243.945,325.260
-26.509,-33.283,243.945,325.260
-30.367,-33.403,249.342,332.456
-29.225,-29.976,249.342,332.456
-30.367,-37.972,249.342,332.456
-31.509,-34.545,249.342,332.456
-32.652,-31.118,249.342,332.456
-36.079,-39.114,249.342,332.456
-32.652,-33.403,249.342,332.456
-36.079,-29.976,249.342,332.456
-37.221,-28.833,249.342,332.456
-33.794,-25.406,249.342,332.456
-39.506,-33.403,249.342,332.456
-35.746,-26.555,244.025,325.366
-36.864,-23.201,244.025,325.366
-35.340,-29.430,238.821,318.428
-31.738,-18.652,233.728,311.637
-32.343,-14.297,228.743,304.991
-31.295,-11.153,228.743,304.991
-29.866,-16.992,223.865,298.487
-26.490,-6.890,219.091,292.122
-27.494,-5.886,219.091,292.122
-28.060,-9.543,214.419,285.892
-24.827,0.133,209.847,279.796
-23.516,5.896,205.372,273.829
-24.047,2.468,200.992,267.989
-21.016,13.313,196.706,262.274
-19.788,8.292,192.511,256.681
-20.670,12.702,192.511,256.681
-19.467,17.989,188.406,251.208
-22.057,18.852,188.406,251.208
-19.216,24.027,184.388,245.851
-21.750,14.734,184.388,245.851
-20.598,19.799,180.456,240.608
-19.471,19.973,176.607,235.477
-20.280,22.401,176.607,235.477
-20.737,19.453,172.841,230.455
-19.657,15.041,169.155,225.541
-20.432,18.916,169.155,225.541
-20.869,13.104,165.548,220.731
-21.627,15.379,165.548,220.731
-20.869,16.138,165.548,220.731
-21.297,7.526,162.018,216.024
-20.285,0.528,158.563,211.417
-21.011,4.160,158.563,211.417
-23.191,-3.830,158.563,211.417
-22.464,1.255,158.563,211.417
-24.644,-8.189,158.563,211.417
-23.917,-3.104,158.563,211.417
-24.327,-11.353,155.181,206.908
-24.728,-15.314,151.872,202.496
-22.641,-11.835,151.872,202.496
-24.728,-8.356,151.872,202.496
-25.424,-14.618,151.872,202.496
-27.158,-18.495,148.633,198.178
-25.115,-15.090,148.633,198.178
-29.882,-21.218,148.633,198.178
-25.015,-21.074,145.464,193.952
-28.347,-17.742,145.464,193.952
-26.348,-17.076,145.464,193.952
-31.013,-21.741,145.464,193.952
-30.346,-19.741,145.464,193.952
-31.013,-17.742,145.464,193.952
-35.678,-22.407,145.464,193.952
-32.346,-19.075,145.464,193.952
-35.678,-17.076,145.464,193.952
-33.679,-16.409,145.464,193.952
-38.344,-21.074,145.464,193.952
-36.344,-17.742,145.464,193.952
-36.720,-15.032,142.362,189.815
-38.677,-13.075,142.362,189.815
-41.938,-11.118,142.362,189.815
-42.306,-13.495,139.326,185.768
-45.498,-9.027,139.326,185.768
-48.689,-7.112,139.326,185.768
-53.157,-12.857,139.326,185.768
-60.179,-14.772,139.326,185.768
-60.539,-12.176,136.355,181.806
-63.300,-7.226,133.447,177.929
-69.216,-3.486,136.399,181.866
-73.591,-0.362,136.399,181.866
-79.215,0.263,136.399,181.866
