118.000,57.000,82.000,98.000
118.354,55.230,82.000,98.000
118.708,54.168,82.000,98.000
118.354,53.106,82.000,98.000
118.000,52.752,82.000,98.000
117.646,53.106,82.000,98.000
118.708,52.044,82.000,98.000
119.062,52.398,82.000,98.000
119.416,52.752,82.000,98.000
119.770,53.106,82.000,98.000
120.124,52.044,82.000,98.000
119.770,51.690,82.000,98.000
120.124,52.044,82.000,98.000
119.062,50.982,82.000,98.000
118.708,52.044,82.000,98.000
119.062,50.982,82.000,98.000
118.000,51.336,82.000,98.000
118.354,50.274,82.000,98.000
117.292,49.920,82.000,98.000
116.230,49.566,82.000,98.000
115.876,49.212,82.000,98.000
116.230,48.858,82.000,98.000
115.168,49.920,82.000,98.000
114.106,50.274,82.000,98.000
113.752,49.212,82.000,98.000
114.106,50.274,82.000,98.000
113.044,50.628,82.000,98.000
112.690,51.690,82.000,98.000
113.044,52.044,82.000,98.000
112.690,52.398,82.000,98.000
113.044,53.460,82.000,98.000
111.274,53.106,82.000,98.000
110.920,52.752,82.000,98.000
110.566,53.106,82.000,98.000
108.797,52.044,82.000,98.000
108.443,51.690,82.000,98.000
106.673,52.752,82.000,98.000
106.319,53.106,82.000,98.000
105.965,52.752,82.000,98.000
106.319,53.814,82.000,98.000
105.257,54.168,82.000,98.000
104.903,53.106,82.000,98.000
104.549,54.168,82.000,98.000
103.487,53.814,82.000,98.000
102.425,54.168,82.000,98.000
101.363,53.106,82.000,98.000
100.301,52.752,82.000,98.000
99.947,53.106,82.000,98.000
99.593,52.044,82.000,98.000
99.239,52.398,82.000,98.000
99.593,52.752,82.000,98.000
101.363,52.398,82.000,98.000
102.425,52.044,82.000,98.000
103.487,50.982,82.000,98.000
103.841,52.752,82.000,98.000
104.195,52.398,82.000,98.000
104.549,51.336,82.000,98.000
104.903,50.274,82.000,98.000
104.549,49.920,82.000,98.000
104.903,49.566,82.000,98.000
105.257,49.212,82.000,98.000
105.611,49.566,82.000,98.000
108.089,49.920,82.000,98.000
110.566,49.566,82.000,98.000
114.460,47.796,82.000,98.000
116.938,47.443,82.000,98.000
119.416,45.673,82.000,98.000
119.770,44.611,82.000,98.000
120.832,44.257,82.000,98.000
121.894,43.195,82.000,98.000
123.664,43.549,82.000,98.000
124.726,45.319,82.000,98.000
125.788,46.381,82.000,98.000
126.142,46.735,82.000,98.000
125.788,47.796,82.000,98.000
126.142,48.858,82.000,98.000
125.080,49.212,82.000,98.000
124.726,49.566,82.000,98.000
124.372,50.628,82.000,98.000
123.310,50.274,82.000,98.000
122.248,49.920,82.000,98.000
121.186,50.982,82.000,98.000
120.832,49.920,82.000,98.000
121.186,50.274,82.000,98.000
119.416,49.212,82.000,98.000
119.770,48.858,82.000,98.000
120.124,49.212,82.000,98.000
119.062,49.566,82.000,98.000
118.000,50.628,82.000,98.000
118.354,50.982,82.000,98.000
118.708,51.336,82.000,98.000
118.354,51.690,82.000,98.000
118.000,52.044,82.000,98.000
118.354,50.982,82.000,98.000
118.708,51.336,82.000,98.000
119.062,50.274,82.000,98.000
118.000,49.920,82.000,98.000
117.646,50.982,82.000,98.000
118.000,50.628,82.000,98.000
116.938,50.982,82.000,98.000
118.000,51.336,82.000,98.000
116.938,50.274,82.000,98.000
118.708,49.212,82.000,98.000
118.354,48.858,82.000,98.000
118.708,49.920,82.000,98.000
120.478,49.566,82.000,98.000
121.540,49.212,82.000,98.000
122.602,48.858,82.000,98.000
122.956,49.920,82.000,98.000
122.602,50.274,82.000,98.000
122.248,49.212,82.000,98.000
121.894,49.566,82.000,98.000
122.956,49.920,82.000,98.000
122.602,50.274,82.000,98.000
122.248,49.920,82.000,98.000
121.186,50.274,82.000,98.000
121.540,49.920,82.000,98.000
121.186,50.274,82.000,98.000
120.832,48.504,82.000,98.000
120.478,48.858,82.000,98.000
119.416,49.920,82.000,98.000
119.062,50.274,82.000,98.000
119.416,49.212,82.000,98.000
119.062,49.566,82.000,98.000
118.708,49.920,82.000,98.000
119.770,50.274,82.000,98.000
120.124,49.212,82.000,98.000
119.770,48.858,82.000,98.000
120.832,49.920,82.000,98.000
120.478,49.566,82.000,98.000
120.124,49.212,82.000,98.000
119.770,48.858,82.000,98.000
120.832,49.920,82.000,98.000
120.478,48.858,82.000,98.000
120.124,49.212,82.000,98.000
120.478,47.443,82.000,98.000
121.540,47.796,82.000,98.000
121.894,47.443,82.000,98.000
122.956,47.089,82.000,98.000
122.602,46.735,82.000,98.000
122.248,47.089,82.000,98.000
121.894,46.735,82.000,98.000
122.956,47.089,82.000,98.000
122.602,46.735,82.000,98.000
122.956,47.089,82.000,98.000
124.171,47.110,80.251,95.910
125.361,47.131,78.540,93.865
125.022,48.148,78.540,93.865
125.361,47.809,78.540,93.865
125.022,47.470,78.540,93.865
125.361,49.165,78.540,93.865
125.022,48.148,78.540,93.865
125.361,49.165,78.540,93.865
124.344,48.826,78.540,93.865
123.327,48.487,78.540,93.865
122.988,49.504,78.540,93.865
123.327,49.165,78.540,93.865
122.988,48.826,78.540,93.865
123.327,48.487,78.540,93.865
122.988,48.826,78.540,93.865
123.327,48.487,78.540,93.865
122.310,48.826,78.540,93.865
121.970,48.487,78.540,93.865
122.988,49.504,78.540,93.865
123.327,49.165,78.540,93.865
122.310,48.826,78.540,93.865
121.970,49.165,78.540,93.865
122.310,49.504,78.540,93.865
121.970,49.843,78.540,93.865
123.788,49.864,76.865,91.863
124.120,49.532,76.865,91.863
123.788,50.527,76.865,91.863
124.120,50.859,76.865,91.863
123.788,49.864,76.865,91.863
124.120,51.523,76.865,91.863
123.125,52.518,76.865,91.863
123.456,52.186,76.865,91.863
123.125,52.518,76.865,91.863
122.793,54.177,76.865,91.863
123.125,53.182,76.865,91.863
122.793,53.514,76.865,91.863
123.125,53.845,76.865,91.863
122.793,52.850,76.865,91.863
123.125,53.182,76.865,91.863
122.793,52.850,76.865,91.863
123.788,52.518,76.865,91.863
123.456,54.177,76.865,91.863
122.461,53.845,76.865,91.863
122.129,53.514,76.865,91.863
121.797,54.509,76.865,91.863
122.793,54.177,76.865,91.863
122.461,54.509,76.865,91.863
122.129,54.841,76.865,91.863
122.461,53.845,76.865,91.863
122.129,54.177,76.865,91.863
121.797,53.845,76.865,91.863
122.793,53.514,76.865,91.863
122.461,53.845,76.865,91.863
122.793,52.850,76.865,91.863
123.125,53.182,76.865,91.863
122.129,53.514,76.865,91.863
122.461,53.845,76.865,91.863
122.793,52.850,76.865,91.863
123.125,53.182,76.865,91.863
122.129,53.514,76.865,91.863
121.797,53.845,76.865,91.863
121.466,52.850,76.865,91.863
121.134,53.182,76.865,91.863
120.138,52.850,76.865,91.863
120.470,52.518,76.865,91.863
121.466,53.514,76.865,91.863
122.461,52.518,76.865,91.863
123.456,52.186,76.865,91.863
124.452,51.855,76.865,91.863
126.111,51.523,76.865,91.863
127.106,52.518,76.865,91.863
128.102,52.850,76.865,91.863
129.761,51.855,76.865,91.863
130.756,52.186,76.865,91.863
131.088,53.182,76.865,91.863
130.756,52.850,76.865,91.863
131.088,52.518,76.865,91.863
130.756,52.850,76.865,91.863
131.088,52.518,76.865,91.863
130.756,52.850,76.865,91.863
131.088,51.855,76.865,91.863
130.756,51.523,76.865,91.863
131.088,52.518,76.865,91.863
130.093,52.186,76.865,91.863
130.425,51.855,76.865,91.863
130.093,50.859,76.865,91.863
129.761,50.527,76.865,91.863
130.093,51.523,76.865,91.863
129.097,51.191,76.865,91.863
129.429,50.195,76.865,91.863
129.097,50.527,76.865,91.863
128.102,50.195,76.865,91.863
127.770,49.864,76.865,91.863
128.765,49.532,76.865,91.863
127.770,49.864,76.865,91.863
128.102,48.868,76.865,91.863
127.106,49.200,76.865,91.863
126.775,48.868,76.865,91.863
127.106,47.873,76.865,91.863
125.447,48.205,76.865,91.863
125.116,47.873,76.865,91.863
124.120,46.877,76.865,91.863
123.125,47.209,76.865,91.863
121.466,47.541,76.865,91.863
121.797,47.873,76.865,91.863
120.802,46.877,76.865,91.863
119.806,47.209,76.865,91.863
119.475,47.541,76.865,91.863
117.816,47.873,76.865,91.863
119.595,46.614,75.226,89.904
116.672,48.237,75.226,89.904
118.945,46.614,75.226,89.904
116.672,47.588,75.226,89.904
117.646,46.614,75.226,89.904
116.023,46.938,75.226,89.904
117.646,46.614,75.226,89.904
115.373,46.938,75.226,89.904
117.740,46.958,73.622,87.987
114.880,47.911,73.622,87.987
116.584,47.931,72.052,86.111
115.651,49.486,72.052,86.111
117.828,47.931,72.052,86.111
116.273,49.486,72.052,86.111
117.206,48.553,72.052,86.111
115.651,49.486,72.052,86.111
118.450,49.175,72.052,86.111
116.895,49.486,72.052,86.111
119.072,49.797,72.052,86.111
117.517,50.108,72.052,86.111
119.694,49.175,72.052,86.111
120.627,50.108,72.052,86.111
121.560,49.797,72.052,86.111
123.116,50.108,72.052,86.111
122.805,49.175,72.052,86.111
124.982,50.108,72.052,86.111
124.049,50.419,72.052,86.111
125.604,50.730,72.052,86.111
125.293,51.663,72.052,86.111
124.982,51.352,72.052,86.111
124.671,51.041,72.052,86.111
125.604,51.352,72.052,86.111
125.915,51.041,72.052,86.111
126.226,50.730,72.052,86.111
125.293,51.663,72.052,86.111
125.604,51.974,72.052,86.111
126.537,51.041,72.052,86.111
126.848,51.974,72.052,86.111
127.781,52.285,72.052,86.111
127.470,53.218,72.052,86.111
127.159,53.529,72.052,86.111
126.226,53.840,72.052,86.111
125.293,54.773,72.052,86.111
124.360,54.462,72.052,86.111
123.427,54.773,72.052,86.111
121.871,55.706,72.052,86.111
120.316,56.017,72.052,86.111
118.761,55.084,72.052,86.111
118.450,55.395,72.052,86.111
117.517,55.084,72.052,86.111
117.206,54.151,72.052,86.111
116.895,54.462,72.052,86.111
117.828,54.151,72.052,86.111
118.139,53.840,72.052,86.111
117.828,54.773,72.052,86.111
117.517,54.462,72.052,86.111
116.584,54.773,72.052,86.111
115.651,55.706,72.052,86.111
114.096,55.395,72.052,86.111
112.540,55.706,72.052,86.111
110.985,56.017,72.052,86.111
108.808,55.084,72.052,86.111
107.875,55.395,72.052,86.111
105.698,55.706,72.052,86.111
104.142,56.017,72.052,86.111
101.343,53.840,72.052,86.111
98.544,56.017,72.052,86.111
95.744,53.218,72.052,86.111
93.567,54.151,72.052,86.111
90.768,54.462,72.052,86.111
89.213,54.151,72.052,86.111
86.413,52.596,72.052,86.111
86.724,53.529,72.052,86.111
85.169,53.218,72.052,86.111
82.992,53.529,72.052,86.111
83.925,54.462,72.052,86.111
84.858,54.151,72.052,86.111
84.547,53.218,72.052,86.111
84.858,54.151,72.052,86.111
83.925,51.974,72.052,86.111
82.992,53.529,72.052,86.111
79.571,52.596,72.052,86.111
79.882,53.529,72.052,86.111
77.352,51.150,70.515,84.274
76.439,53.280,70.515,84.274
74.917,52.976,70.515,84.274
73.615,51.234,69.011,82.477
74.638,53.549,67.540,80.718
73.953,54.129,66.099,78.997
75.483,53.596,64.690,77.312
76.321,54.434,64.690,77.312
74.366,53.037,64.690,77.312
76.402,54.131,63.310,75.664
74.488,54.951,63.310,75.664
77.007,53.387,61.960,74.050
77.810,54.724,61.960,74.050
78.077,54.992,61.960,74.050
78.880,53.119,61.960,74.050
80.752,53.922,61.960,74.050
82.624,54.724,61.960,74.050
83.962,54.457,61.960,74.050
84.764,54.724,61.960,74.050
83.427,54.457,61.960,74.050
84.229,54.189,61.960,74.050
82.357,53.387,61.960,74.050
83.694,53.654,61.960,74.050
85.128,52.124,60.639,72.471
85.914,52.385,60.639,72.471
88.326,50.887,59.346,70.925
91.144,51.656,59.346,70.925
94.475,49.350,59.346,70.925
97.805,50.631,59.346,70.925
101.648,48.326,59.346,70.925
106.972,49.329,58.080,69.413
112.183,48.861,56.842,67.933
122.013,51.713,55.629,66.484
125.135,51.954,55.629,66.484
127.776,50.273,55.629,66.484
128.017,51.473,55.629,66.484
130.658,52.194,55.629,66.484
129.938,50.993,55.629,66.484
133.540,51.233,55.629,66.484
136.662,50.513,55.629,66.484
141.190,49.601,54.443,65.066
145.655,51.247,54.443,65.066
150.591,50.541,54.443,65.066
155.056,51.717,54.443,65.066
159.034,50.825,53.282,63.679
161.105,52.435,53.282,63.679
159.234,52.005,52.146,62.321
157.837,52.019,51.034,60.992
154.973,52.680,51.034,60.992
150.788,51.578,51.034,60.992
143.518,51.799,51.034,60.992
138.010,53.341,51.034,60.992
129.418,52.680,51.034,60.992
121.707,51.578,51.034,60.992
115.759,52.680,51.034,60.992
110.252,53.341,51.034,60.992
105.625,54.442,51.034,60.992
100.558,53.781,51.034,60.992
96.372,53.561,51.034,60.992
93.068,53.341,51.034,60.992
90.644,54.883,51.034,60.992
87.780,54.222,51.034,60.992
86.679,55.764,51.034,60.992
85.137,54.662,51.034,60.992
85.357,55.764,51.034,60.992
83.374,55.984,51.034,60.992
81.392,56.645,51.034,60.992
79.850,56.425,51.034,60.992
78.307,57.526,51.034,60.992
79.409,57.747,51.034,60.992
77.867,58.408,51.034,60.992
78.087,59.509,51.034,60.992
77.867,57.967,51.034,60.992
78.087,59.509,51.034,60.992
79.189,59.289,51.034,60.992
79.409,60.390,51.034,60.992
79.629,60.611,51.034,60.992
78.087,59.069,51.034,60.992
79.629,61.051,51.034,60.992
78.528,60.831,51.034,60.992
79.629,61.492,51.034,60.992
78.968,62.153,51.034,60.992
79.629,61.051,51.034,60.992
80.290,61.712,51.034,60.992
80.070,60.170,51.034,60.992
80.731,61.272,51.034,60.992
78.748,59.729,51.034,60.992
78.528,60.390,51.034,60.992
76.545,60.611,51.034,60.992
77.646,58.628,51.034,60.992
78.748,59.289,51.034,60.992
79.850,60.390,51.034,60.992
80.510,60.611,51.034,60.992
79.409,58.628,51.034,60.992
81.832,59.729,51.034,60.992
80.731,59.950,51.034,60.992
82.273,60.611,51.034,60.992
82.053,59.069,51.034,60.992
82.713,60.611,51.034,60.992
81.171,59.069,51.034,60.992
82.713,60.611,51.034,60.992
81.171,59.509,51.034,60.992
82.713,61.051,51.034,60.992
80.731,61.272,51.034,60.992
80.510,61.492,51.034,60.992
78.968,62.153,51.034,60.992
78.748,61.933,51.034,60.992
78.087,62.153,51.034,60.992
78.748,62.373,51.034,60.992
77.646,62.593,51.034,60.992
77.426,61.051,51.034,60.992
78.968,62.593,51.034,60.992
76.986,61.492,51.034,60.992
78.087,63.475,51.034,60.992
76.545,63.254,51.034,60.992
77.206,63.475,51.034,60.992
78.307,64.136,51.034,60.992
77.646,62.593,51.034,60.992
78.307,63.254,51.034,60.992
79.409,63.915,51.034,60.992
79.629,62.814,51.034,60.992
78.968,63.475,51.034,60.992
80.070,64.576,51.034,60.992
79.850,63.475,51.034,60.992
80.510,65.017,51.034,60.992
79.850,64.356,51.034,60.992
81.832,65.457,51.034,60.992
83.013,66.320,49.945,59.691
84.585,66.749,48.880,58.418
84.089,67.168,47.838,57.172
85.595,67.977,46.818,55.953
85.120,67.989,45.819,54.760
87.324,68.764,44.842,53.592
86.496,68.029,43.886,52.449
88.608,69.501,42.950,51.331
87.815,69.512,42.034,50.236
89.085,70.057,42.034,50.236
88.309,70.068,41.138,49.165
89.552,71.311,41.138,49.165
88.792,72.691,40.261,48.116
90.059,73.371,39.402,47.090
89.660,74.365,38.562,46.086
89.589,75.017,37.739,45.103
90.149,74.713,36.935,44.141
90.082,76.259,36.147,43.200
89.414,76.570,35.376,42.279
91.116,76.285,34.622,41.377
90.765,77.734,33.883,40.495
91.496,78.465,33.883,40.495
90.765,78.319,33.883,40.495
91.204,78.465,33.883,40.495
90.180,78.612,33.883,40.495
90.911,79.343,33.883,40.495
90.850,78.224,33.161,39.631
92.424,79.226,33.161,39.631
91.536,78.683,32.454,38.786
92.797,79.103,32.454,38.786
91.536,79.523,32.454,38.786
92.517,79.663,32.454,38.786
91.536,77.842,32.454,38.786
91.956,77.702,32.454,38.786
90.696,76.721,32.454,38.786
92.237,76.021,32.454,38.786
94.338,76.161,32.454,38.786
93.077,75.180,32.454,38.786
95.459,74.760,32.454,38.786
97.841,74.060,32.454,38.786
97.420,74.200,32.454,38.786
99.241,74.060,32.454,38.786
97.700,72.799,32.454,38.786
99.522,72.659,32.454,38.786
98.541,71.398,32.454,38.786
100.362,72.659,32.454,38.786
101.063,71.398,32.454,38.786
102.324,72.098,32.454,38.786
101.623,70.837,32.454,38.786
103.444,70.697,32.454,38.786
103.865,69.997,32.454,38.786
105.406,70.417,32.454,38.786
106.947,70.277,32.454,38.786
107.928,69.577,32.454,38.786
109.469,70.277,32.454,38.786
111.010,69.577,32.454,38.786
112.551,69.997,32.454,38.786
114.372,69.016,32.454,38.786
115.913,69.156,32.454,38.786
117.174,69.296,32.454,38.786
118.435,69.156,32.454,38.786
119.726,68.084,31.762,37.959
121.508,69.044,31.762,37.959
123.839,69.181,31.762,37.959
125.622,70.141,31.762,37.959
127.678,70.827,31.762,37.959
130.009,71.238,31.762,37.959
132.889,72.472,31.762,37.959
135.219,73.432,31.762,37.959
137.825,73.843,31.762,37.959
140.155,74.529,31.762,37.959
142.212,75.488,31.762,37.959
143.720,76.997,31.762,37.959
145.228,77.956,31.762,37.959
147.011,78.642,31.762,37.959
148.793,79.053,31.762,37.959
150.576,80.287,31.762,37.959
152.358,80.973,31.762,37.959
153.866,80.561,31.762,37.959
155.100,80.150,31.762,37.959
156.060,80.836,31.762,37.959
155.375,80.150,31.762,37.959
156.609,81.110,31.762,37.959
156.746,81.521,31.762,37.959
138.510,88.514,31.762,37.959
139.196,90.570,31.762,37.959
140.430,89.885,31.762,37.959
142.212,91.667,31.762,37.959
143.446,92.627,31.762,37.959
144.954,93.587,31.762,37.959
146.188,93.998,31.762,37.959
147.971,94.958,31.762,37.959
149.753,94.821,31.762,37.959
151.820,95.112,32.464,38.799
153.922,94.131,32.464,38.799
156.305,94.271,32.464,38.799
158.967,95.252,32.464,38.799
160.229,97.074,32.464,38.799
161.210,98.616,32.464,38.799
161.069,99.597,32.464,38.799
160.929,101.699,32.464,38.799
159.948,102.960,32.464,38.799
160.369,104.502,32.464,38.799
160.229,106.324,32.464,38.799
160.369,108.145,32.464,38.799
161.910,109.687,32.464,38.799
161.490,110.948,32.464,38.799
163.592,112.490,32.464,38.799
165.414,117.115,32.464,38.799
167.516,120.898,32.464,38.799
168.777,119.077,32.464,38.799
166.675,115.853,32.464,38.799
165.694,112.910,32.464,38.799
164.713,110.528,32.464,38.799
163.732,108.145,32.464,38.799
162.751,105.483,32.464,38.799
162.611,103.381,32.464,38.799
162.471,101.278,32.464,38.799
161.490,100.017,32.464,38.799
160.404,100.896,33.183,39.657
162.266,99.034,33.183,39.657
162.123,98.605,33.183,39.657
161.693,100.180,33.183,39.657
160.690,101.756,33.183,39.657
159.401,102.759,33.183,39.657
158.398,103.761,33.183,39.657
158.828,104.764,33.183,39.657
159.258,105.480,33.183,39.657
158.255,106.197,33.183,39.657
159.544,104.334,33.183,39.657
160.260,104.764,33.183,39.657
159.258,104.907,33.183,39.657
159.974,105.051,33.183,39.657
159.544,105.194,33.183,39.657
160.260,105.624,33.183,39.657
159.831,106.340,33.183,39.657
159.974,106.769,33.183,39.657
158.398,106.626,33.183,39.657
157.682,108.488,33.183,39.657
156.966,109.491,33.183,39.657
155.390,110.780,33.183,39.657
156.106,110.351,33.183,39.657
154.531,111.640,33.183,39.657
154.960,111.497,33.183,39.657
154.244,110.780,33.183,39.657
155.247,109.205,33.183,39.657
156.250,109.061,33.183,39.657
156.966,107.486,33.183,39.657
155.677,108.202,33.183,39.657
156.966,107.772,33.183,39.657
155.963,107.915,33.183,39.657
156.106,108.632,33.183,39.657
156.250,109.634,33.183,39.657
156.626,109.641,33.917,40.535
157.358,108.617,33.917,40.535
156.040,108.177,33.917,40.535
155.601,108.617,33.917,40.535
154.869,109.349,33.917,40.535
156.479,109.495,33.917,40.535
157.504,109.934,33.917,40.535
157.651,108.617,33.917,40.535
155.747,109.934,33.917,40.535
156.186,109.202,33.917,40.535
156.333,109.641,33.917,40.535
157.065,109.788,33.917,40.535
157.504,108.177,33.917,40.535
158.236,108.324,33.917,40.535
159.261,107.592,33.917,40.535
160.286,107.445,33.917,40.535
161.018,107.006,33.917,40.535
162.043,106.274,33.917,40.535
161.311,107.006,33.917,40.535
162.043,105.981,33.917,40.535
160.432,106.420,33.917,40.535
159.407,105.981,33.917,40.535
157.504,104.078,33.917,40.535
154.429,103.346,33.917,40.535
168.632,100.857,33.917,40.535
168.485,100.417,33.917,40.535
166.875,101.442,33.917,40.535
164.386,102.174,33.917,40.535
162.189,102.906,33.917,40.535
161.164,103.931,33.917,40.535
160.432,105.249,33.917,40.535
159.993,106.567,33.917,40.535
159.554,108.177,33.917,40.535
158.822,109.202,33.917,40.535
158.675,109.934,33.917,40.535
159.115,109.495,33.917,40.535
158.675,110.520,33.917,40.535
159.993,111.838,33.917,40.535
160.432,112.863,33.917,40.535
160.872,113.887,33.917,40.535
162.189,114.327,33.917,40.535
162.043,115.352,33.917,40.535
163.068,116.084,33.917,40.535
162.921,116.523,33.917,40.535
164.239,116.962,33.917,40.535
163.214,115.644,33.917,40.535
162.775,116.669,33.917,40.535
162.629,116.816,33.917,40.535
162.482,115.498,33.917,40.535
162.336,116.230,33.917,40.535
161.897,115.205,33.917,40.535
161.750,115.644,33.917,40.535
161.604,115.498,33.917,40.535
161.457,115.059,33.917,40.535
161.018,114.327,33.917,40.535
161.457,114.766,33.917,40.535
161.018,113.448,33.917,40.535
161.750,114.180,33.917,40.535
161.604,112.570,33.917,40.535
161.165,113.302,33.917,40.535
160.725,112.570,33.917,40.535
161.457,113.302,33.917,40.535
161.311,112.570,33.917,40.535
160.872,113.595,33.917,40.535
160.345,112.994,34.667,41.431
160.195,112.845,34.667,41.431
160.644,112.096,34.667,41.431
162.312,112.682,33.928,40.548
161.872,112.243,33.928,40.548
162.605,111.511,33.928,40.548
162.165,111.950,33.928,40.548
161.726,111.218,33.928,40.548
162.110,111.833,34.679,41.445
161.661,111.683,34.679,41.445
160.613,112.132,34.679,41.445
160.464,112.881,34.679,41.445
159.715,113.031,34.679,41.445
158.967,112.881,34.679,41.445
158.218,112.432,34.679,41.445
157.769,111.384,34.679,41.445
157.706,111.104,33.939,40.561
159.621,111.396,33.215,39.696
160.625,110.679,33.215,39.696
160.481,109.675,33.215,39.696
160.912,109.245,33.215,39.696
160.481,110.248,33.215,39.696
160.697,109.428,32.507,38.850
161.680,110.130,32.507,38.850
161.621,109.326,31.814,38.021
161.209,110.562,31.814,38.021
161.071,109.601,31.814,38.021
160.934,110.288,31.814,38.021
161.621,110.974,31.814,38.021
161.209,110.288,31.814,38.021
162.474,110.296,31.135,37.210
162.071,111.506,31.135,37.210
162.206,110.565,31.135,37.210
163.185,111.609,30.471,36.417
163.843,110.689,30.471,36.417
163.534,111.711,29.821,35.640
164.224,110.974,29.186,34.880
165.358,111.100,29.186,34.880
165.062,111.108,28.563,34.136
164.692,112.464,28.563,34.136
164.076,111.848,28.563,34.136
163.548,113.994,27.954,33.408
162.704,114.839,27.954,33.408
164.514,113.994,27.954,33.408
163.910,114.598,27.954,33.408
163.225,114.604,28.572,34.148
164.061,113.074,29.205,34.903
164.251,112.110,28.582,34.159
164.912,112.593,27.972,33.430
165.560,112.600,27.376,32.717
165.510,113.518,26.792,32.020
165.394,112.709,26.792,32.020
165.047,113.518,26.792,32.020
166.320,112.015,26.792,32.020
165.183,112.741,27.385,32.728
164.758,112.256,27.991,33.452
164.637,113.102,27.991,33.452
164.516,112.498,27.991,33.452
164.637,111.893,27.991,33.452
164.516,112.739,27.991,33.452
164.879,112.135,27.991,33.452
165.241,112.739,27.991,33.452
164.879,111.652,27.991,33.452
165.966,111.048,27.991,33.452
165.604,111.410,27.991,33.452
165.483,110.081,27.991,33.452
165.362,110.685,27.991,33.452
165.724,109.839,27.991,33.452
165.845,110.202,27.991,33.452
165.966,110.564,27.991,33.452
166.570,108.994,27.991,33.452
165.966,109.598,27.991,33.452
166.570,108.027,27.991,33.452
166.449,108.389,27.991,33.452
167.054,106.577,27.991,33.452
167.416,106.456,27.991,33.452
168.745,105.610,27.991,33.452
169.833,105.731,27.991,33.452
170.437,105.127,27.991,33.452
170.558,105.248,27.991,33.452
170.920,104.402,27.991,33.452
171.283,103.073,27.991,33.452
170.920,103.194,27.991,33.452
171.524,102.348,27.991,33.452
171.403,101.019,27.991,33.452
171.041,101.140,27.991,33.452
170.678,100.052,27.991,33.452
171.283,99.206,27.991,33.452
170.195,99.085,27.991,33.452
169.833,98.481,27.991,33.452
169.899,98.738,28.610,34.192
170.023,97.873,28.610,34.192
170.393,98.491,28.610,34.192
169.282,97.626,28.610,34.192
170.146,98.244,28.610,34.192
171.011,98.614,28.610,34.192
171.628,97.503,28.610,34.192
171.752,97.626,28.610,34.192
171.875,97.750,28.610,34.192
171.752,98.367,28.610,34.192
171.628,99.232,28.610,34.192
171.752,99.109,28.610,34.192
171.875,99.232,28.610,34.192
171.752,99.850,28.610,34.192
170.026,100.112,29.243,34.949
170.657,99.228,29.243,34.949
169.773,99.859,29.243,34.949
169.394,99.228,29.243,34.949
168.511,99.859,29.243,34.949
168.385,99.228,29.243,34.949
167.248,99.859,29.243,34.949
168.385,99.481,29.243,34.949
167.248,100.364,29.243,34.949
168.385,100.238,29.243,34.949
166.996,100.617,29.243,34.949
168.132,99.733,29.243,34.949
168.258,100.112,29.243,34.949
168.132,100.491,29.243,34.949
168.006,100.869,29.243,34.949
167.627,99.986,29.243,34.949
166.744,100.869,29.243,34.949
167.122,101.248,29.243,34.949
167.501,101.879,29.243,34.949
165.999,101.886,29.890,35.722
166.337,101.357,30.551,36.513
164.494,100.542,31.227,37.320
163.170,100.549,31.918,38.146
163.583,100.135,31.918,38.146
163.170,99.447,31.918,38.146
162.481,100.135,31.918,38.146
162.894,99.722,31.918,38.146
