118.000,69.000,114.000,162.000
117.459,64.129,114.000,162.000
118.000,63.588,114.000,162.000
117.459,61.964,114.000,162.000
116.918,62.505,114.000,162.000
116.376,61.964,114.000,162.000
116.918,62.505,114.000,162.000
116.376,60.881,114.000,162.000
116.918,61.423,114.000,162.000
116.376,63.046,114.000,162.000
115.835,62.505,114.000,162.000
115.294,63.046,114.000,162.000
114.753,64.670,114.000,162.000
113.129,64.129,114.000,162.000
112.588,65.753,114.000,162.000
110.964,66.294,114.000,162.000
109.340,67.917,114.000,162.000
106.634,68.459,114.000,162.000
103.928,70.082,114.000,162.000
101.221,69.541,114.000,162.000
98.515,69.000,114.000,162.000
94.726,69.541,114.000,162.000
92.020,67.917,114.000,162.000
90.396,67.376,114.000,162.000
89.855,66.835,114.000,162.000
89.314,65.211,114.000,162.000
88.773,65.753,114.000,162.000
88.231,63.046,114.000,162.000
88.773,62.505,114.000,162.000
88.231,59.799,114.000,162.000
87.690,58.175,114.000,162.000
87.149,56.551,114.000,162.000
88.886,54.627,111.569,158.545
88.356,56.216,111.569,158.545
88.886,55.686,111.569,158.545
89.416,55.157,111.569,158.545
89.946,55.686,111.569,158.545
90.475,55.157,111.569,158.545
92.064,55.686,111.569,158.545
92.594,55.157,111.569,158.545
94.183,55.686,111.569,158.545
95.772,54.097,111.569,158.545
97.361,55.686,111.569,158.545
100.010,54.097,111.569,158.545
101.599,55.686,111.569,158.545
104.248,53.038,111.569,158.545
105.837,55.686,111.569,158.545
108.485,53.038,111.569,158.545
111.134,54.627,111.569,158.545
113.782,53.038,111.569,158.545
115.371,54.627,111.569,158.545
118.020,53.038,111.569,158.545
119.609,55.686,111.569,158.545
121.198,55.157,111.569,158.545
123.847,56.746,111.569,158.545
125.436,57.275,111.569,158.545
127.025,57.805,111.569,158.545
127.555,59.394,111.569,158.545
129.144,59.924,111.569,158.545
129.674,62.572,111.569,158.545
130.203,64.162,111.569,158.545
130.733,66.810,111.569,158.545
131.263,68.399,111.569,158.545
131.792,69.988,111.569,158.545
131.263,71.577,111.569,158.545
131.792,71.048,111.569,158.545
132.322,72.637,111.569,158.545
132.852,72.107,111.569,158.545
133.382,73.696,111.569,158.545
133.911,74.226,111.569,158.545
134.441,74.756,111.569,158.545
134.971,74.226,111.569,158.545
135.500,74.756,111.569,158.545
136.030,73.167,111.569,158.545
135.500,73.696,111.569,158.545
136.030,72.107,111.569,158.545
135.500,73.696,111.569,158.545
136.030,72.107,111.569,158.545
134.441,73.696,111.569,158.545
133.911,72.107,111.569,158.545
132.322,72.637,111.569,158.545
131.792,71.048,111.569,158.545
131.263,69.459,111.569,158.545
130.733,65.751,111.569,158.545
132.433,62.846,109.190,155.164
131.915,64.401,109.190,155.164
132.579,62.558,106.861,151.855
133.087,67.124,106.861,151.855
132.579,68.646,106.861,151.855
132.072,70.168,106.861,151.855
130.550,70.676,106.861,151.855
129.028,71.183,106.861,151.855
128.521,71.691,106.861,151.855
125.984,69.154,106.861,151.855
125.476,71.691,106.861,151.855
123.954,70.168,106.861,151.855
123.447,72.705,106.861,151.855
121.925,71.183,106.861,151.855
121.418,72.705,106.861,151.855
119.895,71.183,106.861,151.855
119.388,72.705,106.861,151.855
117.866,71.183,106.861,151.855
118.373,72.705,106.861,151.855
117.866,71.183,106.861,151.855
117.359,72.705,106.861,151.855
116.851,71.183,106.861,151.855
117.359,72.705,106.861,151.855
115.837,70.168,106.861,151.855
117.359,72.705,106.861,151.855
115.837,71.183,106.861,151.855
117.359,73.720,106.861,151.855
115.837,71.183,106.861,151.855
117.359,73.720,106.861,151.855
115.837,72.198,106.861,151.855
117.359,73.720,106.861,151.855
115.837,72.198,106.861,151.855
116.344,73.720,106.861,151.855
115.837,73.213,106.861,151.855
116.344,74.735,106.861,151.855
115.837,72.198,106.861,151.855
117.359,74.735,106.861,151.855
115.837,72.198,106.861,151.855
117.359,74.735,106.861,151.855
115.837,72.198,106.861,151.855
116.344,73.720,106.861,151.855
115.837,72.198,106.861,151.855
116.344,73.720,106.861,151.855
115.837,72.198,106.861,151.855
116.344,73.720,106.861,151.855
115.837,73.213,106.861,151.855
116.344,74.735,106.861,151.855
115.837,73.213,106.861,151.855
116.344,73.720,106.861,151.855
115.837,73.213,106.861,151.855
115.329,72.705,106.861,151.855
114.822,72.198,106.861,151.855
116.344,72.705,106.861,151.855
115.837,72.198,106.861,151.855
116.344,72.705,106.861,151.855
114.822,71.183,106.861,151.855
115.329,71.691,106.861,151.855
114.822,70.168,106.861,151.855
114.315,68.646,106.861,151.855
112.793,69.154,106.861,151.855
112.285,69.661,106.861,151.855
110.763,70.168,106.861,151.855
110.256,71.691,106.861,151.855
109.748,71.183,106.861,151.855
109.241,72.705,106.861,151.855
108.734,71.183,106.861,151.855
108.226,72.705,106.861,151.855
107.719,71.183,106.861,151.855
108.226,71.691,106.861,151.855
107.719,70.168,106.861,151.855
107.212,71.691,106.861,151.855
106.704,70.168,106.861,151.855
106.197,71.691,106.861,151.855
105.690,70.168,106.861,151.855
106.197,70.676,106.861,151.855
105.690,70.168,106.861,151.855
106.197,70.676,106.861,151.855
105.690,69.154,106.861,151.855
106.197,70.676,106.861,151.855
105.690,69.154,106.861,151.855
106.197,70.676,106.861,151.855
105.690,70.168,106.861,151.855
106.197,70.676,106.861,151.855
105.690,70.168,106.861,151.855
106.197,70.676,106.861,151.855
106.704,68.139,106.861,151.855
107.212,68.646,106.861,151.855
105.690,66.110,106.861,151.855
105.182,66.617,106.861,151.855
104.675,65.095,106.861,151.855
104.167,67.632,106.861,151.855
103.660,66.110,106.861,151.855
103.153,69.661,106.861,151.855
101.631,70.168,106.861,151.855
102.281,69.343,104.582,148.617
99.798,73.811,104.582,148.617
100.295,76.294,104.582,148.617
98.805,77.784,104.582,148.617
98.309,80.266,104.582,148.617
97.812,80.763,104.582,148.617
98.309,82.253,104.582,148.617
97.812,81.756,104.582,148.617
98.309,83.246,104.582,148.617
97.812,81.756,104.582,148.617
98.309,83.246,104.582,148.617
98.805,81.756,104.582,148.617
98.309,84.239,104.582,148.617
98.805,81.756,104.582,148.617
98.309,85.232,104.582,148.617
98.805,82.749,104.582,148.617
99.302,84.239,104.582,148.617
98.805,84.735,104.582,148.617
99.302,84.239,104.582,148.617
98.805,84.735,104.582,148.617
99.302,84.239,104.582,148.617
99.798,83.742,104.582,148.617
99.302,86.225,104.582,148.617
98.805,83.742,104.582,148.617
99.302,85.232,104.582,148.617
99.798,82.749,104.582,148.617
99.302,86.225,104.582,148.617
98.805,83.742,104.582,148.617
98.309,86.225,104.582,148.617
98.805,83.742,104.582,148.617
98.309,86.225,104.582,148.617
98.805,84.735,104.582,148.617
97.316,89.204,104.582,148.617
98.805,84.735,104.582,148.617
97.316,90.197,104.582,148.617
97.812,88.707,104.582,148.617
97.316,92.183,104.582,148.617
97.812,90.694,104.582,148.617
98.309,91.190,104.582,148.617
97.812,91.687,104.582,148.617
98.309,89.204,104.582,148.617
98.805,86.721,104.582,148.617
99.302,86.225,104.582,148.617
98.805,81.756,104.582,148.617
100.295,78.280,104.582,148.617
100.792,72.818,104.582,148.617
102.281,68.350,104.582,148.617
102.778,63.881,104.582,148.617
103.274,59.412,104.582,148.617
104.764,54.943,104.582,148.617
106.253,51.467,104.582,148.617
106.750,47.992,104.582,148.617
107.246,49.481,104.582,148.617
107.743,46.005,104.582,148.617
108.240,47.495,104.582,148.617
108.736,46.005,104.582,148.617
109.233,47.495,104.582,148.617
108.736,46.998,104.582,148.617
109.233,48.488,104.582,148.617
108.736,47.992,104.582,148.617
109.233,49.481,104.582,148.617
108.736,49.978,104.582,148.617
107.064,51.940,106.896,151.905
107.572,50.417,106.896,151.905
109.094,52.955,106.896,151.905
109.602,52.447,106.896,151.905
110.109,53.970,106.896,151.905
110.617,54.477,106.896,151.905
111.124,56.000,106.896,151.905
111.632,55.492,106.896,151.905
113.154,58.030,106.896,151.905
113.662,56.507,106.896,151.905
114.169,59.045,106.896,151.905
113.662,58.537,106.896,151.905
114.169,61.075,106.896,151.905
114.677,60.568,106.896,151.905
115.184,62.090,106.896,151.905
114.677,63.613,106.896,151.905
115.184,63.105,106.896,151.905
114.677,64.628,106.896,151.905
114.169,65.135,106.896,151.905
113.662,66.658,106.896,151.905
113.154,66.150,106.896,151.905
112.647,68.688,106.896,151.905
113.154,68.180,106.896,151.905
112.647,69.703,106.896,151.905
113.154,69.195,106.896,151.905
112.647,70.718,106.896,151.905
113.154,69.195,106.896,151.905
112.647,71.733,106.896,151.905
113.154,69.195,106.896,151.905
112.647,71.733,106.896,151.905
113.154,69.195,106.896,151.905
111.632,70.718,106.896,151.905
112.139,69.195,106.896,151.905
111.632,70.718,106.896,151.905
111.124,69.195,106.896,151.905
110.617,69.703,106.896,151.905
111.124,69.195,106.896,151.905
109.602,70.718,106.896,151.905
109.094,69.195,106.896,151.905
107.572,70.718,106.896,151.905
107.064,69.195,106.896,151.905
105.541,71.733,106.896,151.905
105.034,70.210,106.896,151.905
105.541,71.733,106.896,151.905
104.019,71.226,106.896,151.905
104.526,71.733,106.896,151.905
103.004,72.241,106.896,151.905
102.496,73.763,106.896,151.905
101.989,72.241,106.896,151.905
101.481,73.763,106.896,151.905
100.974,71.226,106.896,151.905
100.466,73.763,106.896,151.905
99.959,72.241,106.896,151.905
99.451,74.778,106.896,151.905
99.959,72.241,106.896,151.905
99.451,74.778,106.896,151.905
99.959,72.241,106.896,151.905
99.451,74.778,106.896,151.905
98.944,72.241,106.896,151.905
99.451,74.778,106.896,151.905
98.944,72.241,106.896,151.905
99.451,74.778,106.896,151.905
98.944,72.241,106.896,151.905
99.451,74.778,106.896,151.905
98.944,73.256,106.896,151.905
98.436,75.793,106.896,151.905
98.944,73.256,106.896,151.905
98.436,75.793,106.896,151.905
98.944,72.241,106.896,151.905
98.436,74.778,106.896,151.905
98.944,72.241,106.896,151.905
99.451,73.763,106.896,151.905
98.944,72.241,106.896,151.905
99.451,73.763,106.896,151.905
99.959,72.241,106.896,151.905
100.466,73.763,106.896,151.905
99.959,72.241,106.896,151.905
100.466,73.763,106.896,151.905
100.974,71.226,106.896,151.905
101.481,72.748,106.896,151.905
100.974,71.226,106.896,151.905
101.481,73.763,106.896,151.905
101.989,73.256,106.896,151.905
102.496,73.763,106.896,151.905
101.989,73.256,106.896,151.905
101.481,73.763,106.896,151.905
100.974,72.241,106.896,151.905
100.466,73.763,106.896,151.905
99.959,71.226,106.896,151.905
99.451,72.748,106.896,151.905
97.929,71.226,106.896,151.905
97.421,72.748,106.896,151.905
96.914,72.241,106.896,151.905
96.406,72.748,106.896,151.905
94.883,71.226,106.896,151.905
94.376,72.748,106.896,151.905
93.868,71.226,106.896,151.905
93.361,71.733,106.896,151.905
92.853,71.226,106.896,151.905
92.346,72.748,106.896,151.905
90.823,71.226,106.896,151.905
89.301,73.763,106.896,151.905
87.778,72.241,106.896,151.905
86.256,74.778,106.896,151.905
83.718,73.256,106.896,151.905
82.195,74.778,106.896,151.905
79.658,73.256,106.896,151.905
78.135,72.748,106.896,151.905
76.613,70.210,106.896,151.905
77.120,69.703,106.896,151.905
76.613,69.195,106.896,151.905
77.120,68.688,106.896,151.905
76.613,69.195,106.896,151.905
78.135,69.703,106.896,151.905
77.628,70.210,106.896,151.905
78.135,71.733,106.896,151.905
77.628,70.210,106.896,151.905
78.135,72.748,106.896,151.905
77.628,71.226,106.896,151.905
78.135,72.748,106.896,151.905
77.628,71.226,106.896,151.905
77.120,71.733,106.896,151.905
76.613,70.210,106.896,151.905
77.120,71.733,106.896,151.905
76.613,69.195,106.896,151.905
77.120,70.718,106.896,151.905
77.628,69.195,106.896,151.905
78.135,70.718,106.896,151.905
78.643,69.195,106.896,151.905
80.165,70.718,106.896,151.905
80.673,71.226,106.896,151.905
82.195,70.718,106.896,151.905
81.688,71.226,106.896,151.905
84.225,71.733,106.896,151.905
83.718,70.210,106.896,151.905
85.241,71.733,106.896,151.905
84.733,69.195,106.896,151.905
87.271,70.718,106.896,151.905
86.763,70.210,106.896,151.905
88.286,70.718,106.896,151.905
87.778,69.195,106.896,151.905
89.301,69.703,106.896,151.905
88.793,67.165,106.896,151.905
90.316,67.673,106.896,151.905
90.823,65.135,106.896,151.905
92.346,66.658,106.896,151.905
91.838,64.120,106.896,151.905
92.346,65.643,106.896,151.905
92.853,64.120,106.896,151.905
94.376,65.643,106.896,151.905
93.868,62.090,106.896,151.905
94.376,63.613,106.896,151.905
94.883,63.105,106.896,151.905
95.391,63.613,106.896,151.905
94.883,61.075,106.896,151.905
96.406,62.598,106.896,151.905
95.898,61.075,106.896,151.905
96.406,62.598,106.896,151.905
95.898,61.075,106.896,151.905
97.421,62.598,106.896,151.905
96.914,62.090,106.896,151.905
97.421,62.598,106.896,151.905
97.929,61.075,106.896,151.905
99.451,62.598,106.896,151.905
98.944,61.075,106.896,151.905
99.451,61.583,106.896,151.905
99.959,59.045,106.896,151.905
100.466,60.568,106.896,151.905
99.959,61.075,106.896,151.905
99.451,63.613,106.896,151.905
98.944,65.135,106.896,151.905
99.451,65.643,106.896,151.905
98.944,64.120,106.896,151.905
98.436,65.643,106.896,151.905
97.929,65.135,106.896,151.905
98.436,67.673,106.896,151.905
97.929,66.150,106.896,151.905
97.421,68.688,106.896,151.905
96.914,69.195,106.896,151.905
97.421,71.733,106.896,151.905
96.914,73.256,106.896,151.905
96.406,74.778,106.896,151.905
95.898,76.301,106.896,151.905
96.406,77.823,106.896,151.905
95.898,77.316,106.896,151.905
96.406,78.838,106.896,151.905
95.898,77.316,106.896,151.905
96.406,78.838,106.896,151.905
95.898,77.316,106.896,151.905
96.406,78.838,106.896,151.905
95.898,76.301,106.896,151.905
96.406,78.838,106.896,151.905
95.898,77.316,106.896,151.905
96.406,78.838,106.896,151.905
95.898,77.316,106.896,151.905
96.406,77.823,106.896,151.905
95.898,76.301,106.896,151.905
96.406,76.808,106.896,151.905
95.898,74.271,106.896,151.905
96.406,73.763,106.896,151.905
95.898,70.210,106.896,151.905
95.391,72.748,106.896,151.905
94.883,70.210,106.896,151.905
95.391,71.733,106.896,151.905
93.868,70.210,106.896,151.905
93.361,72.748,106.896,151.905
92.853,71.226,106.896,151.905
92.346,74.778,106.896,151.905
90.823,74.271,106.896,151.905
90.316,76.808,106.896,151.905
89.808,76.301,106.896,151.905
89.301,78.838,106.896,151.905
89.951,78.012,104.617,148.666
88.461,81.489,104.617,148.666
89.951,79.999,104.617,148.666
88.461,82.482,104.617,148.666
89.098,81.674,102.386,145.495
89.584,84.104,102.386,145.495
89.270,84.250,100.202,142.393
88.794,86.629,100.202,142.393
89.404,85.854,98.065,139.356
88.939,88.182,98.065,139.356
89.404,86.786,98.065,139.356
88.008,88.182,98.065,139.356
88.473,87.717,98.065,139.356
88.008,89.114,98.065,139.356
88.473,87.717,98.065,139.356
88.008,89.114,98.065,139.356
88.473,87.717,98.065,139.356
88.172,90.549,95.974,136.384
88.628,89.182,95.974,136.384
88.172,91.460,95.974,136.384
88.628,89.182,95.974,136.384
88.172,91.460,95.974,136.384
88.628,89.182,95.974,136.384
88.172,90.549,95.974,136.384
87.717,91.005,95.974,136.384
88.301,89.385,93.927,133.476
87.855,91.614,93.927,133.476
89.193,88.493,93.927,133.476
87.855,90.722,93.927,133.476
89.193,87.601,93.927,133.476
87.855,90.722,93.927,133.476
89.193,87.601,93.927,133.476
88.747,90.722,93.927,133.476
89.193,91.168,93.927,133.476
88.747,91.614,93.927,133.476
89.193,89.385,93.927,133.476
88.747,91.614,93.927,133.476
89.193,89.385,93.927,133.476
87.855,91.614,93.927,133.476
89.193,88.493,93.927,133.476
87.855,91.614,93.927,133.476
89.193,88.493,93.927,133.476
87.855,91.614,93.927,133.476
89.193,88.493,93.927,133.476
87.855,91.614,93.927,133.476
89.193,88.493,93.927,133.476
87.855,91.614,93.927,133.476
89.193,88.493,93.927,133.476
87.855,91.614,93.927,133.476
89.193,88.493,93.927,133.476
87.855,92.506,93.927,133.476
89.193,89.385,93.927,133.476
87.855,92.506,93.927,133.476
89.193,90.276,93.927,133.476
87.855,93.398,93.927,133.476
89.193,90.276,93.927,133.476
88.747,93.398,93.927,133.476
90.085,90.276,93.927,133.476
88.747,95.182,93.927,133.476
89.319,93.596,91.924,130.629
88.882,96.651,91.924,130.629
91.064,92.723,91.924,130.629
88.882,96.651,91.924,130.629
91.064,93.596,91.924,130.629
89.941,99.616,89.964,127.844
90.368,97.481,89.964,127.844
90.916,100.902,88.046,125.117
91.334,98.812,88.046,125.117
91.752,100.066,88.046,125.117
92.288,100.192,86.168,122.449
92.812,102.680,84.330,119.838
93.213,100.678,84.330,119.838
93.726,103.114,82.532,117.282
94.118,101.938,82.532,117.282
93.865,105.077,80.772,114.781
94.248,106.228,80.772,114.781
94.740,106.343,79.050,112.334
95.115,107.469,79.050,112.334
95.490,108.595,79.050,112.334
95.115,108.219,79.050,112.334
94.740,109.345,79.050,112.334
95.115,108.219,79.050,112.334
95.490,107.093,79.050,112.334
94.364,108.970,79.050,112.334
95.569,107.636,77.364,109.938
94.467,108.737,77.364,109.938
94.834,109.105,77.364,109.938
94.467,110.207,77.364,109.938
94.100,109.105,77.364,109.938
94.467,109.472,77.364,109.938
94.100,109.105,77.364,109.938
94.467,108.737,77.364,109.938
93.365,110.574,77.364,109.938
93.733,108.737,77.364,109.938
93.365,109.839,77.364,109.938
92.998,110.207,77.364,109.938
93.365,109.105,77.364,109.938
92.263,110.941,77.364,109.938
93.365,109.839,77.364,109.938
92.263,110.941,77.364,109.938
92.631,109.839,77.364,109.938
92.263,110.941,77.364,109.938
92.631,109.105,77.364,109.938
91.529,108.003,77.364,109.938
91.161,109.839,77.364,109.938
91.529,108.737,77.364,109.938
91.161,109.839,77.364,109.938
91.529,110.207,77.364,109.938
91.161,109.839,77.364,109.938
91.529,110.941,77.364,109.938
91.161,112.043,77.364,109.938
91.529,110.207,77.364,109.938
91.161,111.309,77.364,109.938
91.529,110.207,77.364,109.938
91.161,111.309,77.364,109.938
92.263,112.411,77.364,109.938
92.631,112.778,77.364,109.938
91.529,113.880,77.364,109.938
91.896,112.778,77.364,109.938
92.263,113.880,77.364,109.938
92.631,112.778,77.364,109.938
92.263,113.880,77.364,109.938
92.631,113.512,77.364,109.938
92.263,113.145,77.364,109.938
93.365,113.512,77.364,109.938
92.263,113.880,77.364,109.938
93.365,112.778,77.364,109.938
92.263,111.676,77.364,109.938
92.631,112.043,77.364,109.938
92.263,110.207,77.364,109.938
91.896,112.043,77.364,109.938
108.425,81.557,77.364,109.938
114.810,76.911,79.075,112.370
116.661,78.394,80.825,114.857
114.573,79.911,82.613,117.398
112.438,81.460,84.441,119.995
110.256,83.045,86.309,122.650
112.277,83.813,88.219,125.364
109.129,84.599,90.171,128.137
108.575,86.291,92.166,130.972
108.010,87.112,94.205,133.870
106.504,87.951,96.289,136.832
104.964,88.809,98.420,139.860
105.330,87.747,100.597,142.954
103.721,87.652,102.823,146.117
102.077,88.568,105.098,149.350
103.574,85.075,105.098,149.350
103.075,87.570,105.098,149.350
104.572,87.071,105.098,149.350
104.073,87.570,105.098,149.350
104.572,88.069,105.098,149.350
104.073,88.568,105.098,149.350
105.570,87.071,105.098,149.350
105.071,89.566,105.098,149.350
105.570,88.069,105.098,149.350
105.071,89.566,105.098,149.350
105.570,88.069,105.098,149.350
105.071,89.566,105.098,149.350
106.568,87.071,105.098,149.350
106.069,88.568,105.098,149.350
106.568,87.071,105.098,149.350
106.069,87.570,105.098,149.350
106.568,85.075,105.098,149.350
106.069,85.574,105.098,149.350
106.568,82.081,105.098,149.350
106.069,80.584,105.098,149.350
105.570,78.089,105.098,149.350
105.071,77.590,105.098,149.350
105.570,77.091,105.098,149.350
105.071,76.592,105.098,149.350
104.572,77.091,105.098,149.350
104.073,76.592,105.098,149.350
105.570,76.093,105.098,149.350
104.073,77.590,105.098,149.350
104.572,75.095,105.098,149.350
104.073,76.592,105.098,149.350
104.572,75.095,105.098,149.350
104.073,75.594,105.098,149.350
103.574,75.095,105.098,149.350
103.075,76.592,105.098,149.350
103.574,74.097,105.098,149.350
103.075,76.592,105.098,149.350
103.574,74.097,105.098,149.350
102.077,77.590,105.098,149.350
103.574,74.097,105.098,149.350
102.077,77.590,105.098,149.350
102.576,75.095,105.098,149.350
102.077,77.590,105.098,149.350
102.576,75.095,105.098,149.350
102.077,77.590,105.098,149.350
102.576,75.095,105.098,149.350
102.077,77.590,105.098,149.350
102.576,75.095,105.098,149.350
101.079,77.590,105.098,149.350
101.578,75.095,105.098,149.350
102.077,76.592,105.098,149.350
102.576,74.097,105.098,149.350
101.079,77.590,105.098,149.350
102.576,74.097,105.098,149.350
102.077,76.592,105.098,149.350
102.576,75.095,105.098,149.350
102.077,76.592,105.098,149.350
102.576,74.097,105.098,149.350
102.077,76.592,105.098,149.350
103.574,74.097,105.098,149.350
102.077,76.592,105.098,149.350
103.574,74.097,105.098,149.350
103.075,76.592,105.098,149.350
103.574,75.095,105.098,149.350
103.075,76.592,105.098,149.350
103.574,74.097,105.098,149.350
103.075,76.592,105.098,149.350
103.574,75.095,105.098,149.350
104.073,76.592,105.098,149.350
104.572,74.097,105.098,149.350
104.073,76.592,105.098,149.350
104.572,74.097,105.098,149.350
103.075,76.592,105.098,149.350
103.574,75.095,105.098,149.350
103.075,76.592,105.098,149.350
102.576,76.093,105.098,149.350
100.081,78.588,105.098,149.350
99.582,78.089,105.098,149.350
98.086,79.586,105.098,149.350
97.587,80.085,105.098,149.350
95.092,82.580,105.098,149.350
94.593,82.081,105.098,149.350
93.096,83.578,105.098,149.350
91.599,82.081,105.098,149.350
90.102,83.578,105.098,149.350
88.605,83.079,105.098,149.350
87.108,83.578,105.098,149.350
85.611,81.083,105.098,149.350
83.116,81.582,105.098,149.350
82.617,78.089,105.098,149.350
80.122,77.590,105.098,149.350
79.623,74.097,105.098,149.350
79.124,76.592,105.098,149.350
78.625,75.095,105.098,149.350
78.126,77.590,105.098,149.350
77.627,76.093,105.098,149.350
77.128,77.590,105.098,149.350
77.627,76.093,105.098,149.350
77.128,78.588,105.098,149.350
76.629,77.091,105.098,149.350
77.128,80.584,105.098,149.350
77.627,80.085,105.098,149.350
77.128,82.580,105.098,149.350
76.629,80.085,105.098,149.350
73.914,82.057,107.423,152.654
74.424,82.567,107.423,152.654
74.934,78.997,107.423,152.654
74.424,81.547,107.423,152.654
74.934,77.977,107.423,152.654
74.424,80.527,107.423,152.654
74.934,78.997,107.423,152.654
74.424,79.507,107.423,152.654
74.934,76.957,107.423,152.654
74.424,78.487,107.423,152.654
74.934,76.957,107.423,152.654
74.424,78.487,107.423,152.654
74.934,75.937,107.423,152.654
74.424,78.487,107.423,152.654
74.934,75.937,107.423,152.654
74.424,78.487,107.423,152.654
74.934,75.937,107.423,152.654
74.424,78.487,107.423,152.654
73.914,74.917,107.423,152.654
74.424,77.467,107.423,152.654
74.934,75.937,107.423,152.654
75.444,78.487,107.423,152.654
75.954,74.917,107.423,152.654
75.444,77.467,107.423,152.654
75.954,73.897,107.423,152.654
77.484,76.447,107.423,152.654
79.014,74.917,107.423,152.654
79.524,77.467,107.423,152.654
81.054,73.897,107.423,152.654
82.584,76.447,107.423,152.654
83.094,72.877,107.423,152.654
84.624,75.427,107.423,152.654
87.174,72.877,107.423,152.654
87.684,75.427,107.423,152.654
90.234,72.877,107.423,152.654
91.764,75.427,107.423,152.654
93.295,72.877,107.423,152.654
93.805,73.387,107.423,152.654
94.315,71.857,107.423,152.654
95.845,73.387,107.423,152.654
95.335,70.837,107.423,152.654
96.865,73.387,107.423,152.654
96.355,70.837,107.423,152.654
97.885,72.367,107.423,152.654
97.375,68.796,107.423,152.654
97.885,70.327,107.423,152.654
97.375,66.756,107.423,152.654
98.905,67.266,107.423,152.654
97.375,63.696,107.423,152.654
98.905,65.226,107.423,152.654
98.395,62.676,107.423,152.654
99.925,65.226,107.423,152.654
98.395,60.636,107.423,152.654
99.925,63.186,107.423,152.654
99.415,60.636,107.423,152.654
100.945,63.186,107.423,152.654
99.415,58.596,107.423,152.654
100.945,61.146,107.423,152.654
100.435,61.656,107.423,152.654
99.925,59.106,107.423,152.654
100.435,61.656,107.423,152.654
99.925,58.086,107.423,152.654
99.415,59.616,107.423,152.654
99.925,57.066,107.423,152.654
99.415,57.576,107.423,152.654
98.905,56.046,107.423,152.654
98.395,57.576,107.423,152.654
98.905,55.026,107.423,152.654
98.395,56.556,107.423,152.654
98.905,54.006,107.423,152.654
98.395,55.536,107.423,152.654
97.885,52.986,107.423,152.654
98.395,55.536,107.423,152.654
97.885,51.966,107.423,152.654
97.375,53.496,107.423,152.654
97.885,51.966,107.423,152.654
96.355,54.516,107.423,152.654
96.865,56.046,107.423,152.654
95.335,59.616,107.423,152.654
95.845,60.126,107.423,152.654
95.335,62.676,107.423,152.654
94.825,62.166,107.423,152.654
94.315,63.696,107.423,152.654
94.825,62.166,107.423,152.654
95.335,63.696,107.423,152.654
95.845,63.186,107.423,152.654
95.335,61.656,107.423,152.654
95.845,63.186,107.423,152.654
96.355,61.656,107.423,152.654
96.865,63.186,107.423,152.654
96.355,61.656,107.423,152.654
96.865,64.206,107.423,152.654
97.375,62.676,107.423,152.654
97.885,64.206,107.423,152.654
98.395,63.696,107.423,152.654
98.905,65.226,107.423,152.654
99.415,64.716,107.423,152.654
100.945,66.246,107.423,152.654
101.455,64.716,107.423,152.654
102.985,66.246,107.423,152.654
103.495,64.716,107.423,152.654
105.025,66.246,107.423,152.654
105.535,63.696,107.423,152.654
106.045,65.226,107.423,152.654
105.386,65.125,109.800,156.031
105.907,64.604,109.800,156.031
106.429,63.040,109.800,156.031
106.950,65.646,109.800,156.031
107.471,64.082,109.800,156.031
107.992,66.689,109.800,156.031
108.514,66.168,109.800,156.031
110.078,66.689,109.800,156.031
110.599,66.168,109.800,156.031
112.163,67.732,109.800,156.031
113.727,66.168,109.800,156.031
116.333,66.689,109.800,156.031
118.940,64.082,109.800,156.031
121.546,64.604,109.800,156.031
124.153,61.997,109.800,156.031
125.717,62.518,109.800,156.031
126.238,60.955,109.800,156.031
128.845,62.518,109.800,156.031
129.366,59.912,109.800,156.031
130.930,62.518,109.800,156.031
132.494,58.869,109.800,156.031
134.058,62.518,109.800,156.031
134.579,59.912,109.800,156.031
136.143,61.476,109.800,156.031
136.664,61.997,109.800,156.031
137.186,60.433,109.800,156.031
138.749,61.997,109.800,156.031
138.228,60.433,109.800,156.031
139.792,61.997,109.800,156.031
140.313,60.433,109.800,156.031
140.835,63.040,109.800,156.031
141.356,59.391,109.800,156.031
141.877,63.040,109.800,156.031
141.356,60.433,109.800,156.031
141.877,61.997,109.800,156.031
141.356,61.476,109.800,156.031
141.877,61.997,109.800,156.031
141.356,61.476,109.800,156.031
141.877,63.040,109.800,156.031
141.356,60.433,109.800,156.031
140.835,63.040,109.800,156.031
141.356,61.476,109.800,156.031
140.835,63.040,109.800,156.031
141.356,61.476,109.800,156.031
140.835,63.040,109.800,156.031
141.356,60.433,109.800,156.031
140.835,63.040,109.800,156.031
140.313,61.476,109.800,156.031
139.792,63.040,109.800,156.031
141.465,60.181,107.458,152.704
139.935,62.732,107.458,152.704
138.404,63.242,107.458,152.704
136.874,60.692,107.458,152.704
134.323,63.242,107.458,152.704
133.812,60.692,107.458,152.704
131.261,63.242,107.458,152.704
130.751,60.692,107.458,152.704
130.241,62.222,107.458,152.704
129.731,60.692,107.458,152.704
128.200,62.222,107.458,152.704
127.690,59.671,107.458,152.704
127.180,61.202,107.458,152.704
126.670,59.671,107.458,152.704
125.139,62.222,107.458,152.704
124.629,58.651,107.458,152.704
124.119,61.202,107.458,152.704
122.588,59.671,107.458,152.704
121.058,61.202,107.458,152.704
119.527,59.671,107.458,152.704
117.996,59.161,107.458,152.704
115.446,56.610,107.458,152.704
112.895,57.120,107.458,152.704
110.344,54.569,107.458,152.704
108.813,53.039,107.458,152.704
106.262,55.590,107.458,152.704
105.752,54.059,107.458,152.704
106.262,57.630,107.458,152.704
106.772,57.120,107.458,152.704
106.262,60.692,107.458,152.704
106.772,62.222,107.458,152.704
106.262,63.753,107.458,152.704
107.793,67.324,107.458,152.704
107.282,66.814,107.458,152.704
107.793,68.344,107.458,152.704
107.282,68.855,107.458,152.704
107.793,69.365,107.458,152.704
107.282,67.834,107.458,152.704
