125.000,86.000,15.000,16.000
126.769,85.573,15.000,16.000
128.173,84.170,15.000,16.000
129.576,83.864,15.000,16.000
131.224,82.705,15.000,16.000
132.139,81.790,15.000,16.000
132.932,81.729,15.000,16.000
134.946,82.034,15.000,16.000
137.203,82.583,15.000,16.000
138.607,82.522,15.000,16.000
140.864,82.949,15.000,16.000
143.122,83.498,15.000,16.000
144.281,84.170,15.000,16.000
145.928,83.864,15.000,16.000
147.576,83.437,15.000,16.000
148.491,83.498,15.000,16.000
149.528,82.949,15.000,16.000
150.810,81.668,15.000,16.000
152.335,80.387,15.000,16.000
153.250,79.593,15.000,16.000
153.921,77.824,15.000,16.000
156.057,76.787,15.000,16.000
156.362,75.749,15.000,16.000
157.643,74.956,15.000,16.000
158.047,75.222,15.332,16.354
158.983,74.661,15.332,16.354
159.170,73.975,15.332,16.354
159.856,74.536,15.332,16.354
160.791,73.850,15.332,16.354
162.974,74.287,15.332,16.354
163.411,74.349,15.332,16.354
164.720,73.289,15.332,16.354
166.030,73.726,15.332,16.354
155.116,87.009,15.332,16.354
157.673,86.199,15.332,16.354
156.613,87.134,15.332,16.354
156.052,87.820,15.332,16.354
154.742,89.130,15.332,16.354
168.400,72.478,15.332,16.354
168.712,73.788,15.332,16.354
169.398,75.472,15.332,16.354
169.959,74.910,15.332,16.354
170.021,73.601,15.332,16.354
169.460,77.530,15.332,16.354
168.400,80.461,15.332,16.354
169.585,83.267,15.332,16.354
170.049,78.693,15.005,16.005
171.575,78.876,15.005,16.005
170.586,78.256,15.337,16.359
187.698,95.357,15.676,16.721
190.057,96.058,15.676,16.721
191.538,99.115,16.023,17.091
191.994,100.483,16.023,17.091
192.971,101.591,16.023,17.091
193.819,102.569,16.023,17.091
194.275,103.677,16.023,17.091
195.253,104.915,16.023,17.091
196.100,106.154,16.023,17.091
196.817,106.089,16.023,17.091
197.534,106.806,16.023,17.091
198.120,107.783,16.023,17.091
199.489,107.718,16.023,17.091
204.117,100.483,16.023,17.091
185.885,85.350,16.378,17.469
184.752,86.083,16.378,17.469
185.890,85.820,16.028,17.097
187.259,85.885,16.028,17.097
188.121,85.250,15.687,16.732
188.544,82.748,16.034,17.102
189.652,81.509,16.034,17.102
188.126,84.772,15.692,16.738
188.970,83.781,15.357,16.381
188.833,83.053,15.030,16.032
189.750,80.424,15.030,16.032
190.667,78.651,15.030,16.032
191.217,75.900,15.030,16.032
190.422,74.494,15.030,16.032
190.606,72.476,15.030,16.032
190.422,72.048,15.030,16.032
189.994,70.642,15.030,16.032
189.322,69.603,15.030,16.032
188.772,69.175,15.030,16.032
189.049,69.568,15.362,16.386
188.112,70.131,15.362,16.386
186.925,71.318,15.362,16.386
185.737,71.380,15.362,16.386
184.595,72.431,15.702,16.749
182.765,73.637,16.049,17.119
180.219,74.617,16.049,17.119
177.670,75.579,16.404,17.498
176.450,76.285,16.767,17.885
173.081,77.149,17.138,18.281
170.070,77.742,17.518,18.685
168.716,76.958,17.518,18.685
166.080,76.887,17.518,18.685
164.583,76.531,17.518,18.685
162.689,76.841,17.905,19.099
161.014,76.040,17.905,19.099
160.067,74.802,17.905,19.099
159.412,75.021,17.905,19.099
159.630,73.637,17.905,19.099
157.955,73.418,17.905,19.099
157.154,73.928,17.905,19.099
157.227,73.127,17.905,19.099
156.571,72.034,17.905,19.099
155.333,71.525,17.905,19.099
155.552,72.034,17.905,19.099
154.022,71.525,17.905,19.099
153.749,71.993,18.301,19.521
152.036,72.812,18.301,19.521
150.920,73.333,18.301,19.521
149.505,74.599,18.301,19.521
147.793,75.864,18.301,19.521
146.230,76.386,18.301,19.521
144.666,77.949,18.301,19.521
141.614,78.917,18.301,19.521
140.349,81.076,18.301,19.521
139.083,83.086,18.301,19.521
137.222,85.840,18.301,19.521
135.510,88.594,18.301,19.521
132.457,92.689,18.301,19.521
130.894,96.783,18.301,19.521
129.379,100.197,18.706,19.953
128.145,104.003,19.120,20.395
126.724,108.215,19.543,20.846
126.008,111.475,19.543,20.846
125.293,114.575,19.543,20.846
123.839,116.406,19.976,21.307
122.620,117.788,19.976,21.307
121.402,119.657,19.976,21.307
120.183,121.038,19.976,21.307
119.378,121.813,19.550,20.853
118.743,122.112,19.133,20.408
117.731,120.478,19.133,20.408
116.720,118.532,19.133,20.408
115.863,114.874,19.133,20.408
114.696,109.349,19.133,20.408
112.750,104.446,19.133,20.408
111.739,99.076,19.133,20.408
110.727,93.239,19.133,20.408
109.248,87.869,19.133,20.408
108.392,83.277,19.133,20.408
112.206,82.421,19.133,20.408
113.062,81.721,19.133,20.408
113.762,80.864,19.133,20.408
116.953,77.207,19.133,20.408
118.120,76.039,19.133,20.408
126.292,75.183,19.133,20.408
129.016,74.950,19.133,20.408
128.471,72.070,19.133,20.408
126.681,70.591,19.133,20.408
124.891,70.825,19.133,20.408
123.101,70.280,19.133,20.408
119.579,64.322,19.556,20.860
118.386,56.446,19.556,20.860
112.475,57.784,19.989,21.321
106.377,65.183,19.989,21.321
91.225,87.470,20.431,21.793
87.485,88.883,20.431,21.793
83.745,90.462,20.431,21.793
79.984,92.204,20.883,22.275
77.726,90.283,21.345,22.768
91.452,65.980,21.817,23.272
92.428,65.536,21.817,23.272
93.405,65.270,21.817,23.272
94.558,66.246,21.817,23.272
95.712,66.157,21.817,23.272
98.463,66.778,21.817,23.272
100.327,66.867,21.817,23.272
102.545,66.956,21.817,23.272
105.296,66.512,21.817,23.272
106.989,65.794,22.300,23.787
108.349,64.978,22.300,23.787
110.436,64.524,22.300,23.787
111.789,64.355,22.793,24.313
114.107,63.892,22.793,24.313
117.537,63.984,22.793,24.313
121.153,65.375,22.793,24.313
124.213,67.693,22.793,24.313
126.750,70.214,23.298,24.851
130.446,73.531,23.298,24.851
133.826,77.287,23.813,25.401
136.276,81.729,24.340,25.963
138.158,85.393,24.340,25.963
139.643,89.452,24.340,25.963
141.326,94.303,24.340,25.963
144.989,97.570,24.340,25.963
145.682,101.630,24.340,25.963
149.939,106.877,24.340,25.963
154.593,107.768,24.340,25.963
158.454,105.689,24.340,25.963
158.751,104.996,24.340,25.963
159.048,105.689,24.340,25.963
157.959,105.194,24.340,25.963
158.256,105.095,24.340,25.963
162.198,107.170,24.878,26.537
155.216,103.831,24.878,26.537
156.944,103.236,24.348,25.971
155.855,104.325,24.348,25.971
151.783,102.908,24.887,26.546
154.922,103.616,24.887,26.546
156.238,103.920,24.887,26.546
131.911,85.247,25.437,27.133
126.841,80.177,25.437,27.133
121.150,75.520,25.437,27.133
120.012,69.209,25.437,27.133
116.390,68.691,25.437,27.133
114.631,67.139,25.437,27.133
112.872,64.966,25.437,27.133
110.699,63.207,25.437,27.133
109.354,62.069,25.437,27.133
107.595,61.138,25.437,27.133
106.043,60.827,25.437,27.133
104.491,61.138,25.437,27.133
103.767,60.000,25.437,27.133
103.249,59.068,25.437,27.133
101.904,58.344,25.437,27.133
100.559,57.827,25.437,27.133
100.042,57.723,25.437,27.133
98.076,56.999,25.437,27.133
96.524,56.068,25.437,27.133
95.179,56.378,25.437,27.133
93.006,57.309,25.437,27.133
90.833,58.448,25.437,27.133
88.660,60.620,25.437,27.133
87.108,63.621,25.437,27.133
84.728,66.829,25.437,27.133
82.762,70.864,25.437,27.133
80.175,74.279,25.437,27.133
76.140,77.486,25.437,27.133
72.932,81.108,25.437,27.133
70.139,83.695,25.437,27.133
67.552,87.316,25.437,27.133
64.965,89.696,25.437,27.133
62.171,92.697,25.437,27.133
59.999,95.490,25.437,27.133
57.619,97.663,25.437,27.133
56.274,99.629,25.437,27.133
48.156,105.448,26.000,27.733
31.001,97.691,25.446,27.142
28.414,96.759,25.446,27.142
33.072,104.522,25.446,27.142
47.459,99.864,25.446,27.142
48.804,97.484,25.446,27.142
49.529,92.826,25.446,27.142
50.460,88.789,25.446,27.142
51.360,83.871,26.009,27.742
52.524,78.053,26.009,27.742
53.444,73.245,26.584,28.356
55.505,68.781,27.172,28.984
57.384,63.070,27.773,29.625
59.078,59.116,27.773,29.625
60.764,55.389,28.388,30.280
62.726,52.299,29.016,30.950
64.731,50.855,29.658,31.635
66.031,49.378,30.314,32.335
67.358,49.404,30.985,33.050
66.100,49.954,31.670,33.782
65.082,49.981,32.371,34.529
63.767,50.829,33.087,35.293
61.586,51.974,33.819,36.074
59.071,52.860,34.567,36.872
56.399,54.406,34.567,36.872
51.478,56.234,34.567,36.872
46.557,58.062,34.567,36.872
40.791,59.609,34.567,36.872
34.464,61.999,34.567,36.872
28.418,63.827,34.567,36.872
26.027,62.562,34.567,36.872
24.762,53.141,34.567,36.872
24.059,50.751,34.567,36.872
23.531,51.072,35.332,37.688
24.183,51.699,36.114,38.522
24.918,52.140,36.114,38.522
23.890,51.699,36.114,38.522
25.212,52.727,36.114,38.522
27.121,54.637,36.114,38.522
25.506,52.727,36.114,38.522
23.430,51.539,36.913,39.374
25.382,51.689,36.913,39.374
22.948,50.163,37.730,40.245
21.098,50.514,38.565,41.135
22.461,51.198,39.418,42.046
