245.000,64.000,12.000,13.000
245.443,64.246,12.000,13.000
245.886,63.508,12.000,13.000
245.541,63.754,12.000,13.000
245.492,63.902,12.000,13.000
246.624,64.049,12.000,13.000
245.787,63.114,12.000,13.000
245.935,63.164,12.000,13.000
246.181,63.114,12.000,13.000
246.624,63.065,12.000,13.000
246.082,63.114,12.000,13.000
246.427,63.164,12.000,13.000
246.870,63.114,12.000,13.000
246.624,63.164,12.000,13.000
246.574,63.213,12.000,13.000
246.624,63.360,12.000,13.000
246.574,63.508,12.000,13.000
246.328,63.656,12.000,13.000
246.771,63.803,12.000,13.000
246.033,63.951,12.000,13.000
246.181,64.098,12.000,13.000
246.230,63.262,12.000,13.000
246.181,63.508,12.000,13.000
245.738,63.852,12.000,13.000
244.902,64.295,12.000,13.000
244.360,63.754,12.000,13.000
244.213,64.295,12.000,13.000
243.376,63.754,12.000,13.000
242.638,64.295,12.000,13.000
241.229,63.896,12.266,13.288
240.374,64.148,12.266,13.288
239.519,64.500,12.266,13.288
238.564,63.946,12.266,13.288
237.508,64.600,12.266,13.288
236.251,64.651,12.266,13.288
234.490,64.801,12.266,13.288
233.434,65.053,12.266,13.288
231.775,65.304,12.266,13.288
230.517,65.656,12.266,13.288
228.455,65.103,12.266,13.288
226.695,65.455,12.266,13.288
225.036,64.701,12.266,13.288
222.571,64.751,12.266,13.288
221.213,64.399,12.266,13.288
218.950,63.544,12.266,13.288
216.788,63.293,12.266,13.288
215.832,63.645,12.266,13.288
214.173,62.589,12.266,13.288
211.708,62.237,12.266,13.288
210.451,62.589,12.266,13.288
208.389,61.834,12.266,13.288
206.428,61.985,12.266,13.288
204.768,62.237,12.266,13.288
203.511,62.689,12.266,13.288
201.449,62.438,12.266,13.288
199.689,62.387,12.266,13.288
198.230,62.438,12.266,13.288
195.967,62.589,12.266,13.288
194.006,62.840,12.266,13.288
192.246,62.991,12.266,13.288
190.687,62.941,12.266,13.288
189.429,62.589,12.266,13.288
187.468,62.136,12.266,13.288
185.808,62.387,12.266,13.288
184.551,61.432,12.266,13.288
182.489,60.979,12.266,13.288
180.528,61.532,12.266,13.288
178.868,60.879,12.266,13.288
176.504,61.030,12.266,13.288
175.348,61.180,12.266,13.288
173.386,61.432,12.266,13.288
171.425,60.677,12.266,13.288
169.765,61.331,12.266,13.288
168.106,62.086,12.266,13.288
165.641,62.136,12.266,13.288
164.384,62.488,12.266,13.288
162.322,61.935,12.266,13.288
160.465,62.362,12.537,13.582
158.886,62.265,12.814,13.882
157.362,62.002,12.814,13.882
155.208,61.424,12.814,13.882
153.684,61.477,12.814,13.882
152.896,61.004,12.814,13.882
152.108,60.216,12.814,13.882
150.374,59.848,12.814,13.882
150.007,59.270,12.814,13.882
150.164,59.638,12.814,13.882
149.271,59.060,12.814,13.882
149.008,59.638,12.814,13.882
149.586,59.480,12.814,13.882
149.113,60.583,12.814,13.882
148.851,60.006,12.814,13.882
149.744,60.583,12.814,13.882
149.875,60.484,13.098,14.189
149.897,60.940,13.388,14.503
150.062,60.995,13.388,14.503
150.665,61.050,13.388,14.503
151.489,60.885,13.388,14.503
151.763,60.611,13.388,14.503
152.257,60.337,13.388,14.503
151.763,59.843,13.388,14.503
152.477,60.337,13.388,14.503
152.312,59.513,13.388,14.503
152.367,59.678,13.388,14.503
152.751,59.733,13.388,14.503
153.355,59.897,13.388,14.503
152.861,60.172,13.388,14.503
152.477,60.446,13.388,14.503
153.300,59.623,13.388,14.503
153.135,60.117,13.388,14.503
153.300,60.721,13.388,14.503
153.904,60.885,13.388,14.503
153.520,61.379,13.388,14.503
154.453,61.544,13.388,14.503
154.508,62.258,13.388,14.503
154.758,62.838,13.684,14.824
154.549,63.547,13.987,15.152
154.810,63.796,14.296,15.487
154.956,63.928,14.612,15.830
155.256,64.588,14.612,15.830
155.915,63.928,14.612,15.830
155.855,64.228,14.612,15.830
155.675,63.209,14.612,15.830
156.197,63.221,14.936,16.180
155.460,63.105,15.266,16.538
155.022,62.918,15.266,16.538
154.459,62.104,15.266,16.538
154.396,61.666,15.266,16.538
153.833,60.727,15.266,16.538
153.770,60.163,15.266,16.538
152.757,60.175,15.604,16.904
151.191,58.993,15.949,17.278
150.341,59.189,15.949,17.278
149.752,59.123,15.949,17.278
149.425,58.927,15.949,17.278
148.575,58.731,15.949,17.278
148.117,58.535,15.949,17.278
147.267,58.600,15.949,17.278
146.940,58.927,15.949,17.278
147.529,59.516,15.949,17.278
146.809,58.927,15.949,17.278
147.005,59.516,15.949,17.278
146.940,58.666,15.949,17.278
146.744,58.600,15.949,17.278
146.417,57.881,15.949,17.278
145.698,57.554,15.949,17.278
145.501,56.442,15.949,17.278
144.651,55.723,15.949,17.278
143.864,55.735,16.302,17.660
142.505,55.748,16.663,18.051
141.480,55.270,16.663,18.051
140.455,56.021,16.663,18.051
139.294,55.953,16.663,18.051
137.859,56.158,16.663,18.051
136.834,56.500,16.663,18.051
135.263,56.021,16.663,18.051
132.599,56.636,16.663,18.051
130.890,56.431,16.663,18.051
129.182,57.183,16.663,18.051
126.655,57.114,16.663,18.051
125.220,57.046,16.663,18.051
123.239,56.978,16.663,18.051
121.531,56.636,16.663,18.051
120.096,56.021,16.663,18.051
119.071,55.953,16.663,18.051
117.773,55.065,16.663,18.051
116.202,54.450,16.663,18.051
114.357,53.835,16.663,18.051
113.059,52.537,16.663,18.051
112.171,51.649,16.663,18.051
109.916,51.444,16.663,18.051
109.165,52.195,16.663,18.051
108.003,51.717,16.663,18.051
106.568,51.239,16.663,18.051
104.997,51.990,16.663,18.051
104.109,51.649,16.663,18.051
103.357,51.307,16.663,18.051
101.826,52.029,17.031,18.450
101.421,52.042,17.408,18.859
100.350,51.971,17.408,18.859
99.708,52.042,17.408,18.859
99.493,51.971,17.408,18.859
99.227,52.281,17.793,19.276
98.716,51.186,17.793,19.276
98.141,51.200,18.187,19.702
97.768,50.380,18.187,19.702
96.799,50.305,18.187,19.702
95.978,49.783,18.187,19.702
94.771,49.952,18.589,20.138
94.085,49.723,18.589,20.138
92.693,50.212,19.001,20.584
91.525,49.667,19.001,20.584
90.200,50.524,19.001,20.584
89.499,50.602,19.001,20.584
88.487,50.991,19.001,20.584
87.006,50.290,19.001,20.584
84.903,51.303,19.001,20.584
83.267,52.004,19.001,20.584
81.036,52.504,19.421,21.039
79.523,51.628,19.421,21.039
77.573,52.304,19.851,21.505
75.864,51.246,19.851,21.505
74.643,51.816,19.851,21.505
73.422,50.432,19.851,21.505
72.364,49.211,19.851,21.505
71.632,49.455,19.851,21.505
71.713,47.909,19.851,21.505
70.564,47.249,20.290,21.981
71.480,46.833,20.290,21.981
71.396,47.582,20.290,21.981
71.979,46.999,20.290,21.981
72.062,47.748,20.290,21.981
72.977,47.831,20.290,21.981
73.726,48.081,20.290,21.981
75.473,47.166,20.290,21.981
76.554,47.582,20.290,21.981
77.802,47.831,20.290,21.981
79.383,47.582,20.290,21.981
79.590,46.216,20.739,22.467
81.206,46.301,20.739,22.467
82.141,45.536,20.739,22.467
81.470,45.376,21.198,22.964
82.253,45.463,21.198,22.964
83.383,45.550,21.198,22.964
84.165,44.246,21.198,22.964
84.252,45.028,21.198,22.964
85.034,44.420,21.198,22.964
85.469,45.028,21.198,22.964
85.865,43.963,21.667,23.472
86.665,44.940,21.667,23.472
86.931,45.562,21.667,23.472
86.599,45.947,22.146,23.991
87.417,46.401,22.146,23.991
87.454,46.607,22.636,24.522
86.337,45.469,23.137,25.065
87.381,44.805,23.137,25.065
88.045,45.279,23.137,25.065
87.950,44.995,23.137,25.065
88.614,44.141,23.137,25.065
88.519,44.425,23.137,25.065
89.346,43.262,23.649,25.619
89.055,42.583,23.649,25.619
89.900,42.803,24.172,26.186
90.594,42.308,24.172,26.186
90.693,41.217,24.172,26.186
91.387,40.524,24.172,26.186
91.288,40.424,24.172,26.186
91.329,40.032,24.707,26.766
92.240,39.525,24.707,26.766
92.949,40.235,24.707,26.766
93.861,39.728,24.707,26.766
94.534,39.957,25.253,27.358
96.294,40.268,25.253,27.358
97.847,40.993,25.253,27.358
99.824,41.227,25.812,27.963
101.835,42.180,25.812,27.963
103.855,42.859,26.383,28.582
107.641,43.400,26.383,28.582
109.482,43.645,26.967,29.214
113.794,43.976,26.967,29.214
115.905,44.686,27.563,29.860
120.312,44.573,27.563,29.860
122.460,44.234,27.563,29.860
126.415,43.216,27.563,29.860
128.789,42.651,27.563,29.860
131.388,42.312,27.563,29.860
133.309,41.069,27.563,29.860
135.005,40.956,27.563,29.860
136.926,40.165,27.563,29.860
138.621,38.696,27.563,29.860
139.864,38.809,27.563,29.860
141.333,38.244,27.563,29.860
142.125,37.453,27.563,29.860
144.046,37.566,27.563,29.860
145.741,37.905,27.563,29.860
147.662,38.470,27.563,29.860
150.036,38.357,27.563,29.860
153.313,38.470,27.563,29.860
155.687,39.035,27.563,29.860
159.868,39.826,27.563,29.860
162.026,39.847,28.173,30.521
166.762,40.425,28.173,30.521
170.112,41.003,28.173,30.521
175.079,42.042,28.173,30.521
178.891,43.082,28.173,30.521
183.165,43.890,28.173,30.521
188.132,44.237,28.173,30.521
192.638,44.584,28.173,30.521
196.450,43.313,28.173,30.521
199.134,43.574,28.797,31.196
203.739,42.984,28.797,31.196
205.993,42.761,29.434,31.887
209.976,41.675,29.434,31.887
212.751,41.313,29.434,31.887
214.805,41.587,30.085,32.592
217.395,40.230,30.085,32.592
219.238,40.765,30.751,33.313
221.886,41.143,30.751,33.313
224.281,41.774,30.751,33.313
227.181,42.152,30.751,33.313
230.081,43.035,30.751,33.313
232.981,43.665,30.751,33.313
236.133,44.043,30.751,33.313
239.285,44.926,30.751,33.313
242.438,45.808,30.751,33.313
245.590,46.439,30.751,33.313
248.742,46.061,30.751,33.313
250.885,46.691,30.751,33.313
253.785,46.061,30.751,33.313
256.181,46.439,30.751,33.313
259.081,45.052,30.751,33.313
261.476,45.430,30.751,33.313
264.124,44.295,30.751,33.313
266.267,44.926,30.751,33.313
268.411,44.295,30.751,33.313
270.807,44.926,30.751,33.313
273.443,43.944,30.095,32.603
276.035,45.548,30.095,32.603
278.132,45.919,30.095,32.603
280.724,46.535,30.095,32.603
282.821,46.412,30.095,32.603
285.166,46.289,30.095,32.603
287.510,45.672,30.095,32.603
288.621,46.042,30.095,32.603
289.978,45.178,30.095,32.603
291.336,44.314,30.095,32.603
292.940,42.957,30.095,32.603
293.557,42.834,30.095,32.603
294.174,41.723,30.095,32.603
295.284,40.612,30.095,32.603
295.901,39.502,30.095,32.603
296.272,38.391,30.095,32.603
297.135,37.034,30.095,32.603
297.752,36.170,30.095,32.603
298.369,35.306,30.095,32.603
299.727,34.196,30.095,32.603
300.590,35.060,30.095,32.603
301.701,35.923,30.095,32.603
303.305,36.787,30.095,32.603
305.650,38.145,30.095,32.603
307.747,39.749,30.095,32.603
309.845,40.366,30.095,32.603
311.689,41.157,30.761,33.324
313.833,41.031,30.761,33.324
316.734,40.400,30.761,33.324
319.382,39.013,30.761,33.324
322.031,38.635,30.761,33.324
323.923,36.743,30.761,33.324
325.310,35.355,30.761,33.324
326.698,33.716,30.761,33.324
327.328,32.328,30.761,33.324
327.904,32.352,31.441,34.061
326.352,30.504,32.137,34.815
327.275,29.055,32.137,34.815
325.415,29.080,32.848,35.585
324.074,29.385,33.575,36.373
322.835,27.871,33.575,36.373
320.607,29.039,34.318,37.177
318.913,29.942,35.077,38.000
317.331,31.236,35.077,38.000
314.406,32.159,35.853,38.841
311.417,32.187,36.646,39.700
307.738,33.151,37.457,40.578
303.659,34.136,38.286,41.476
299.815,34.817,39.133,42.394
296.219,34.514,39.999,43.332
292.884,34.205,40.884,44.290
289.475,32.498,41.788,45.270
286.562,30.956,41.788,45.270
283.992,30.099,41.788,45.270
281.422,28.557,41.788,45.270
278.167,27.015,41.788,45.270
275.038,27.403,42.713,46.272
272.061,26.177,42.713,46.272
269.226,26.937,43.658,47.296
265.957,27.342,44.624,48.342
262.481,27.159,44.624,48.342
259.140,27.574,45.611,49.412
256.335,25.891,45.611,49.412
253.696,26.314,46.620,50.505
250.602,25.557,47.651,51.622
248.250,25.594,48.706,52.765
246.054,24.196,48.706,52.765
243.650,24.234,49.783,53.932
241.405,23.622,49.783,53.932
238.948,22.813,50.885,55.125
237.070,23.022,50.885,55.125
234.775,23.648,50.885,55.125
231.831,23.688,52.011,56.345
229.485,24.327,52.011,56.345
227.566,25.820,52.011,56.345
225.220,26.033,52.011,56.345
223.096,26.516,53.161,57.592
221.570,27.170,53.161,57.592
221.352,26.080,53.161,57.592
220.698,25.862,53.161,57.592
220.789,25.904,54.338,58.866
221.457,23.453,54.338,58.866
221.234,23.676,54.338,58.866
220.566,20.779,54.338,58.866
221.120,21.284,55.540,60.168
219.982,18.324,55.540,60.168
220.210,17.185,55.540,60.168
220.437,14.680,55.540,60.168
221.120,12.630,55.540,60.168
220.893,10.581,55.540,60.168
221.576,9.442,55.540,60.168
222.715,7.848,55.540,60.168
223.398,8.076,55.540,60.168
222.715,7.393,55.540,60.168
222.031,8.076,55.540,60.168
219.982,7.848,55.540,60.168
217.932,8.076,55.540,60.168
214.972,9.214,55.540,60.168
211.556,10.353,55.540,60.168
207.685,11.492,55.540,60.168
202.447,12.175,55.540,60.168
196.298,14.224,55.540,60.168
189.239,16.274,55.540,60.168
180.813,17.868,55.540,60.168
171.021,19.462,55.540,60.168
160.773,21.056,55.540,60.168
149.615,23.561,55.540,60.168
138.456,24.700,55.540,60.168
126.842,25.838,55.540,60.168
114.317,26.522,55.540,60.168
103.614,25.838,55.540,60.168
93.822,26.066,55.540,60.168
84.537,25.171,54.355,58.885
76.290,24.503,54.355,58.885
68.936,24.280,54.355,58.885
63.286,23.404,53.196,57.629
58.269,23.186,53.196,57.629
53.689,22.532,53.196,57.629
49.544,23.186,53.196,57.629
45.836,23.404,53.196,57.629
43.001,24.058,53.196,57.629
40.165,23.404,53.196,57.629
38.202,23.622,53.196,57.629
37.112,23.404,53.196,57.629
36.457,22.313,53.196,57.629
36.239,21.223,53.196,57.629
35.149,19.260,53.196,57.629
34.931,17.733,53.196,57.629
34.276,15.334,53.196,57.629
34.931,14.243,53.196,57.629
33.840,12.280,53.196,57.629
34.494,11.189,53.196,57.629
32.967,9.226,53.196,57.629
31.877,8.572,53.196,57.629
31.659,7.918,53.196,57.629
29.696,5.955,53.196,57.629
28.169,5.737,53.196,57.629
25.333,5.518,53.196,57.629
22.934,6.609,53.196,57.629
19.662,7.263,53.196,57.629
16.827,7.045,53.196,57.629
13.119,7.263,53.196,57.629
7.666,6.609,53.196,57.629
3.085,6.391,53.196,57.629
