253.000,66.000,23.000,28.000
252.098,67.103,23.000,28.000
248.989,67.805,23.000,28.000
246.683,68.106,23.000,28.000
242.973,69.008,23.000,28.000
240.466,69.309,23.000,28.000
238.160,69.610,23.000,28.000
236.254,68.908,23.000,28.000
234.750,69.008,23.000,28.000
233.447,68.507,23.000,28.000
232.143,67.203,23.000,28.000
232.043,67.103,23.000,28.000
231.742,66.000,23.000,28.000
232.043,65.298,23.000,28.000
230.739,65.398,23.000,28.000
230.439,65.699,23.000,28.000
230.338,65.198,23.000,28.000
230.439,65.298,23.000,28.000
230.739,65.198,23.000,28.000
231.040,65.098,23.000,28.000
230.138,64.997,23.000,28.000
229.636,64.696,23.000,28.000
230.138,64.195,23.000,28.000
229.235,63.894,23.000,28.000
228.333,62.390,23.000,28.000
227.230,61.488,23.000,28.000
225.926,60.585,23.000,28.000
225.024,58.881,23.000,28.000
223.119,57.978,23.000,28.000
222.016,57.477,23.000,28.000
220.311,57.577,23.000,28.000
218.606,56.474,23.000,28.000
216.902,57.577,23.000,28.000
214.997,57.076,23.000,28.000
213.894,58.179,23.000,28.000
212.991,59.081,23.000,28.000
211.888,59.583,23.000,28.000
210.184,59.482,23.000,28.000
208.078,60.986,23.000,28.000
206.873,60.995,22.510,27.403
205.205,59.915,22.510,27.403
201.378,58.443,22.510,27.403
197.943,57.757,22.510,27.403
196.471,56.677,22.510,27.403
194.803,55.205,22.510,27.403
193.723,53.144,22.510,27.403
192.840,51.280,22.510,27.403
191.471,49.653,23.008,28.009
189.656,47.990,23.517,28.629
188.651,47.993,24.037,29.262
188.929,47.125,24.569,29.910
187.657,46.239,25.112,30.571
188.401,46.241,25.668,31.248
187.170,47.025,25.668,31.248
187.699,47.259,26.236,31.939
188.477,47.974,26.816,32.646
189.272,49.190,27.410,33.368
190.084,49.441,28.016,34.106
190.155,50.204,28.636,34.861
191.263,50.725,29.269,35.632
192.130,51.787,29.917,36.421
190.581,51.790,30.579,37.227
191.765,51.516,31.255,38.050
192.691,50.389,31.947,38.892
191.159,49.692,31.947,38.892
192.970,49.274,31.947,38.892
191.605,47.833,32.654,39.753
190.210,46.359,33.376,40.632
188.784,44.853,34.115,41.531
187.018,43.930,34.870,42.450
185.041,43.170,34.870,42.450
182.457,42.714,34.870,42.450
180.177,43.170,34.870,42.450
177.592,42.410,34.870,42.450
174.841,42.414,35.641,43.389
172.510,42.258,35.641,43.389
170.665,42.262,36.430,44.349
168.600,42.421,36.430,44.349
167.171,40.356,36.430,44.349
165.741,39.562,36.430,44.349
163.994,39.086,36.430,44.349
161.930,37.974,36.430,44.349
160.183,36.227,36.430,44.349
159.071,36.068,36.430,44.349
157.641,36.227,36.430,44.349
155.096,36.890,37.236,45.330
152.986,36.078,37.236,45.330
150.226,37.864,37.236,45.330
143.246,38.204,38.059,46.333
139.429,40.029,38.059,46.333
132.983,41.755,38.902,47.358
129.761,43.960,38.902,47.358
123.486,46.164,38.902,47.358
120.263,48.369,38.902,47.358
112.970,49.429,39.762,48.406
106.903,50.989,39.762,48.406
100.489,51.856,39.762,48.406
93.382,52.723,39.762,48.406
86.621,54.283,39.762,48.406
80.207,54.803,39.762,48.406
74.140,54.976,39.762,48.406
71.723,55.994,38.914,47.374
70.012,56.989,38.084,46.364
67.378,57.324,37.272,45.375
65.739,58.590,36.477,44.407
64.442,58.911,35.700,43.460
62.572,61.324,34.938,42.533
61.036,63.686,34.193,41.626
60.108,66.285,33.464,40.739
61.449,69.110,32.750,39.870
61.592,71.823,32.750,39.870
63.455,74.588,32.052,39.020
63.595,76.125,32.052,39.020
66.226,78.561,31.368,38.188
69.645,80.339,31.368,38.188
71.423,81.023,31.368,38.188
73.474,80.339,31.368,38.188
76.619,80.476,31.368,38.188
81.406,80.339,31.368,38.188
86.466,79.108,31.368,38.188
92.347,77.878,31.368,38.188
99.595,79.382,31.368,38.188
106.388,81.239,30.699,37.373
111.746,83.831,30.045,36.576
114.235,84.747,30.045,36.576
115.944,84.254,29.404,35.796
117.864,85.747,28.777,35.033
119.997,86.626,28.777,35.033
122.381,87.504,28.777,35.033
124.262,88.633,28.777,35.033
125.174,89.611,28.163,34.286
126.066,91.042,27.563,33.555
127.171,90.589,26.975,32.839
128.705,89.692,26.400,32.139
130.429,88.593,25.837,31.453
132.116,87.082,25.286,30.783
133.342,85.817,24.747,30.126
134.541,83.538,24.219,29.484
135.715,82.530,23.702,28.855
137.263,81.343,23.197,28.240
138.388,80.767,22.702,27.637
137.199,80.776,22.218,27.048
135.848,81.344,21.744,26.471
135.441,82.632,21.281,25.907
134.235,83.467,21.281,25.907
134.513,84.301,21.281,25.907
132.008,84.951,21.281,25.907
129.503,85.971,21.281,25.907
133.864,81.240,21.281,25.907
129.874,77.993,21.281,25.907
123.960,76.840,21.751,26.480
118.934,75.986,21.751,26.480
113.339,75.512,21.751,26.480
108.671,75.121,22.233,27.066
105.084,76.575,22.233,27.066
102.467,75.702,22.233,27.066
101.207,75.412,22.233,27.066
101.692,76.284,22.233,27.066
103.921,75.799,22.233,27.066
106.344,75.509,22.233,27.066
110.125,76.187,22.233,27.066
113.711,77.641,22.233,27.066
118.073,77.544,22.233,27.066
121.853,79.192,22.233,27.066
126.408,80.646,22.233,27.066
130.770,81.324,22.233,27.066
135.520,82.584,22.233,27.066
140.269,82.293,22.233,27.066
144.825,83.747,22.233,27.066
149.380,83.263,22.233,27.066
153.861,83.667,22.725,27.665
156.139,82.974,22.725,27.665
157.427,82.280,22.725,27.665
158.529,81.525,22.240,27.075
152.318,66.580,21.766,26.497
154.471,66.589,21.302,25.932
156.757,66.418,20.847,25.379
159.029,66.145,20.847,25.379
163.193,68.255,20.403,24.838
166.840,69.411,20.403,24.838
169.064,70.746,20.403,24.838
172.625,71.954,19.968,24.308
175.672,72.911,19.968,24.308
177.848,73.521,19.968,24.308
179.850,74.304,19.968,24.308
181.678,73.695,19.968,24.308
183.855,73.434,19.968,24.308
187.424,72.128,19.968,24.308
190.819,70.474,19.968,24.308
194.562,68.820,19.968,24.308
197.261,66.992,19.968,24.308
199.437,63.597,19.968,24.308
201.091,61.420,19.968,24.308
202.049,58.199,19.968,24.308
203.355,55.675,19.968,24.308
190.760,56.219,20.409,24.846
191.750,55.369,19.974,24.316
193.753,54.585,19.974,24.316
196.332,55.491,20.416,24.854
198.969,56.601,20.868,25.404
202.335,58.511,20.868,25.404
205.520,60.968,20.868,25.404
208.460,64.132,20.423,24.862
210.824,66.543,19.987,24.332
214.816,68.734,19.561,23.813
200.311,74.660,19.144,23.306
203.170,75.632,18.736,22.809
206.029,74.897,18.736,22.809
207.908,74.652,18.736,22.809
209.623,73.753,18.736,22.809
211.175,73.345,18.736,22.809
210.930,73.753,18.736,22.809
210.358,72.855,18.736,22.809
210.277,73.263,18.736,22.809
209.378,74.162,18.736,22.809
208.643,75.224,18.736,22.809
207.908,77.102,18.736,22.809
208.806,79.308,18.736,22.809
209.051,82.003,18.736,22.809
209.460,83.555,18.736,22.809
209.705,86.251,18.736,22.809
208.643,86.986,18.736,22.809
208.606,87.938,18.336,22.322
209.033,87.174,17.945,21.846
208.395,86.577,17.562,21.380
207.918,85.846,17.188,20.924
206.585,85.275,16.821,20.478
204.855,83.867,16.463,20.041
201.482,82.934,16.463,20.041
198.683,81.570,16.463,20.041
195.740,80.350,16.463,20.041
192.511,79.274,16.463,20.041
189.568,79.920,16.463,20.041
194.377,80.709,16.463,20.041
192.295,80.781,16.463,20.041
189.066,81.427,16.463,20.041
187.846,74.322,16.463,20.041
184.759,75.111,16.463,20.041
182.534,76.762,16.463,20.041
178.731,79.704,16.463,20.041
175.214,81.212,16.463,20.041
171.553,82.145,16.463,20.041
168.324,82.647,16.463,20.041
165.386,83.345,16.112,19.614
163.911,82.572,16.112,19.614
162.436,81.800,16.112,19.614
163.068,80.184,16.112,19.614
163.985,79.513,15.768,19.196
166.941,78.345,15.768,19.196
170.447,77.313,15.768,19.196
174.915,76.557,15.768,19.196
177.596,76.763,15.768,19.196
180.552,77.245,15.768,19.196
183.095,77.313,15.768,19.196
185.364,78.070,15.768,19.196
188.182,79.238,15.768,19.196
191.276,80.682,15.768,19.196
194.644,83.088,15.768,19.196
197.875,83.844,15.768,19.196
202.618,85.425,15.768,19.196
207.362,86.319,15.768,19.196
212.792,87.075,15.768,19.196
218.223,87.419,15.768,19.196
225.029,88.175,15.768,19.196
230.597,87.694,15.768,19.196
237.403,88.037,15.768,19.196
243.108,86.869,15.768,19.196
250.280,87.441,16.117,19.620
255.409,88.214,16.117,19.620
259.133,89.127,16.117,19.620
262.295,90.462,16.117,19.620
264.754,93.905,16.117,19.620
266.089,95.100,16.117,19.620
267.565,96.154,16.117,19.620
268.617,97.514,15.773,19.202
268.189,97.653,15.437,18.793
268.029,97.399,15.108,18.392
267.492,96.770,14.785,18.000
267.215,96.278,14.470,17.616
266.822,95.797,14.161,17.240
266.675,95.445,13.859,16.872
266.648,95.334,13.564,16.513
267.762,94.427,13.275,16.160
268.740,93.986,12.992,15.816
270.722,93.590,12.992,15.816
272.365,94.552,12.992,15.816
273.554,95.289,12.992,15.816
274.880,95.408,13.279,16.166
276.355,94.688,13.573,16.523
277.248,93.830,13.873,16.889
278.412,92.953,14.180,17.263
279.340,93.138,14.180,17.263
279.760,93.910,14.494,17.645
280.059,94.829,14.814,18.035
280.632,95.500,15.142,18.434
279.711,96.187,15.477,18.842
278.490,97.029,15.820,19.259
277.241,97.746,16.170,19.685
276.550,97.455,16.527,20.120
276.592,96.410,16.893,20.566
275.634,97.367,16.893,20.566
274.088,97.883,16.893,20.566
274.161,98.104,16.893,20.566
275.119,97.588,16.893,20.566
275.634,97.515,16.893,20.566
275.982,96.294,17.267,21.021
275.305,96.219,17.267,21.021
274.567,95.127,17.649,21.486
274.611,95.927,18.039,21.961
274.983,97.561,18.439,22.447
275.363,99.898,18.846,22.944
276.263,104.162,19.263,23.451
288.858,89.177,19.690,23.970
289.442,87.754,20.125,24.500
288.582,87.028,20.571,25.042
288.819,87.216,21.026,25.596
287.350,86.267,21.491,26.163
287.257,86.736,21.491,26.163
285.755,86.155,21.966,26.742
284.893,84.910,21.966,26.742
284.032,85.006,21.966,26.742
283.170,84.718,21.966,26.742
282.308,84.048,21.966,26.742
281.254,83.952,21.966,26.742
280.201,83.665,21.966,26.742
278.956,83.186,21.966,26.742
