294.000,135.000,44.000,171.000
293.596,134.596,44.000,171.000
293.191,135.000,44.000,171.000
294.404,134.596,44.000,171.000
295.617,135.000,44.000,171.000
295.213,134.596,44.000,171.000
296.426,135.000,44.000,171.000
296.830,134.596,44.000,171.000
296.426,135.000,44.000,171.000
296.830,135.404,44.000,171.000
295.617,135.809,44.000,171.000
294.404,136.213,44.000,171.000
293.191,136.617,44.000,171.000
290.361,137.022,44.000,171.000
288.339,136.617,44.000,171.000
286.317,137.830,44.000,171.000
284.296,138.235,44.000,171.000
282.274,137.830,44.000,171.000
281.061,138.235,44.000,171.000
279.039,138.639,44.000,171.000
277.826,139.043,44.000,171.000
275.804,138.639,44.000,171.000
274.591,139.852,44.000,171.000
274.187,140.256,44.000,171.000
273.783,140.661,44.000,171.000
274.187,141.874,44.000,171.000
273.783,142.278,44.000,171.000
272.570,142.683,44.000,171.000
272.165,143.087,44.000,171.000
271.761,143.491,44.000,171.000
269.739,145.513,44.000,171.000
268.526,146.726,44.000,171.000
267.313,147.939,44.000,171.000
267.717,149.152,44.000,171.000
265.696,150.365,44.000,171.000
265.291,150.770,44.000,171.000
263.270,151.174,44.000,171.000
262.865,150.770,44.000,171.000
260.844,151.983,44.000,171.000
258.822,152.387,44.000,171.000
257.609,151.983,44.000,171.000
256.396,153.196,44.000,171.000
256.800,152.791,44.000,171.000
255.894,152.158,44.973,174.783
257.134,151.745,44.973,174.783
256.720,152.985,44.973,174.783
258.787,153.398,44.973,174.783
259.200,152.985,44.973,174.783
258.787,151.745,44.973,174.783
259.200,150.505,44.973,174.783
208.365,99.670,44.973,174.783
207.952,96.777,44.973,174.783
212.498,97.190,44.973,174.783
215.391,94.297,44.973,174.783
218.284,93.884,44.973,174.783
220.350,92.644,44.973,174.783
223.243,91.404,44.973,174.783
227.308,90.479,44.014,171.056
230.507,91.913,43.076,167.408
231.347,94.080,42.157,163.838
235.158,93.960,41.258,160.344
255.550,138.997,42.171,163.892
259.038,135.509,42.171,163.892
275.702,104.893,42.171,163.892
279.965,100.630,42.171,163.892
280.352,96.367,42.171,163.892
282.290,92.879,42.171,163.892
283.453,91.717,42.171,163.892
286.165,89.779,42.171,163.892
290.428,88.617,42.171,163.892
295.466,88.229,42.171,163.892
301.280,86.291,42.171,163.892
310.968,88.229,42.171,163.892
316.781,87.066,42.171,163.892
322.594,88.229,42.171,163.892
326.857,87.841,42.171,163.892
331.120,89.004,42.171,163.892
334.608,87.841,42.171,163.892
338.096,88.229,42.171,163.892
342.359,86.291,42.171,163.892
346.622,87.454,42.171,163.892
350.885,87.841,42.171,163.892
355.923,88.229,42.171,163.892
360.186,86.291,42.171,163.892
365.224,87.454,42.171,163.892
369.487,87.066,42.171,163.892
374.525,85.129,42.171,163.892
379.563,85.516,42.171,163.892
384.601,84.354,42.171,163.892
389.639,83.191,42.171,163.892
394.677,82.803,42.171,163.892
399.715,83.191,42.171,163.892
404.753,81.253,42.171,163.892
409.016,82.416,42.171,163.892
413.279,82.028,42.171,163.892
417.542,83.191,42.171,163.892
422.580,80.478,42.171,163.892
427.618,81.641,42.171,163.892
432.656,79.703,42.171,163.892
436.919,80.866,42.171,163.892
441.182,82.028,42.171,163.892
445.444,81.641,42.171,163.892
450.482,82.028,42.171,163.892
454.745,83.191,42.171,163.892
459.008,81.253,42.171,163.892
462.496,83.191,42.171,163.892
466.759,82.803,42.171,163.892
470.247,85.516,42.171,163.892
472.960,85.129,42.171,163.892
474.897,86.291,42.171,163.892
472.960,87.454,42.171,163.892
474.897,88.616,42.171,163.892
476.835,89.779,42.171,163.892
473.347,91.717,42.171,163.892
476.835,91.329,42.171,163.892
479.548,91.717,42.171,163.892
476.835,91.329,42.171,163.892
480.323,90.942,42.171,163.892
482.261,92.104,42.171,163.892
484.198,88.616,42.171,163.892
485.742,88.814,43.104,167.518
483.762,87.625,43.104,167.518
486.535,88.814,43.104,167.518
486.931,86.833,43.104,167.518
482.573,86.437,43.104,167.518
485.346,86.041,43.104,167.518
483.366,85.645,43.104,167.518
485.346,86.833,43.104,167.518
486.924,85.391,44.058,171.224
481.661,84.176,44.058,171.224
484.495,85.391,44.058,171.224
480.851,83.367,44.058,171.224
483.685,87.010,44.058,171.224
478.422,84.176,44.058,171.224
477.207,87.010,44.058,171.224
475.183,85.796,44.058,171.224
478.017,88.630,44.058,171.224
476.802,87.415,44.058,171.224
479.636,87.820,44.058,171.224
480.041,89.845,44.058,171.224
480.901,92.841,43.118,167.573
479.451,95.774,42.199,163.999
478.288,97.713,42.199,163.999
478.676,97.325,42.199,163.999
427.875,81.425,42.199,163.999
430.589,79.486,42.199,163.999
434.079,81.425,42.199,163.999
438.345,81.813,42.199,163.999
439.509,80.650,42.199,163.999
436.794,83.364,42.199,163.999
436.406,85.303,42.199,163.999
436.018,87.242,42.199,163.999
436.406,89.181,42.199,163.999
436.794,91.896,42.199,163.999
437.182,93.059,42.199,163.999
435.243,95.774,42.199,163.999
431.753,97.713,42.199,163.999
427.487,97.325,42.199,163.999
424.772,100.815,42.199,163.999
421.282,100.427,42.199,163.999
419.343,103.142,42.199,163.999
418.180,104.305,42.199,163.999
416.241,104.693,42.199,163.999
415.078,106.632,42.199,163.999
415.465,108.571,42.199,163.999
415.078,109.734,42.199,163.999
416.241,110.897,42.199,163.999
416.629,112.061,42.199,163.999
415.465,113.224,42.199,163.999
415.853,112.061,42.199,163.999
415.465,112.449,42.199,163.999
413.526,112.061,42.199,163.999
410.812,110.897,42.199,163.999
408.873,111.285,42.199,163.999
406.934,110.897,42.199,163.999
404.219,112.061,42.199,163.999
401.505,112.449,42.199,163.999
398.015,112.836,42.199,163.999
396.076,112.449,42.199,163.999
393.361,114.388,42.199,163.999
392.198,113.224,42.199,163.999
389.284,115.347,41.299,160.502
387.386,116.485,41.299,160.502
384.729,116.106,41.299,160.502
383.591,116.485,41.299,160.502
379.416,117.624,41.299,160.502
376.759,118.003,41.299,160.502
373.344,117.624,41.299,160.502
370.687,117.244,41.299,160.502
368.030,117.624,41.299,160.502
365.374,118.003,41.299,160.502
361.958,116.106,41.299,160.502
359.301,117.244,41.299,160.502
358.163,116.106,41.299,160.502
354.579,119.646,40.418,157.079
351.236,118.532,40.418,157.079
346.408,118.160,40.418,157.079
342.322,117.789,40.418,157.079
338.099,120.538,39.556,153.730
289.025,165.250,39.556,153.730
290.498,165.838,38.713,150.451
292.988,164.770,38.713,150.451
294.055,165.126,38.713,150.451
296.546,164.059,38.713,150.451
299.036,162.992,38.713,150.451
300.815,162.636,38.713,150.451
302.593,162.992,38.713,150.451
305.084,161.924,38.713,150.451
306.151,160.857,38.713,150.451
306.507,160.501,38.713,150.451
306.862,161.569,38.713,150.451
307.930,161.924,38.713,150.451
310.085,162.105,39.569,153.780
313.043,161.536,40.445,157.182
315.645,163.394,40.445,157.182
318.990,166.740,40.445,157.182
314.158,165.625,40.445,157.182
302.636,162.279,40.445,157.182
297.061,165.625,40.445,157.182
289.256,168.226,40.445,157.182
281.450,170.828,40.445,157.182
262.108,96.208,41.339,160.660
257.169,95.069,41.339,160.660
252.231,94.689,41.339,160.660
246.532,94.309,41.339,160.660
241.594,95.449,41.339,160.660
236.655,95.828,41.339,160.660
232.476,96.208,41.339,160.660
228.297,96.588,41.339,160.660
224.710,98.667,40.458,157.234
222.108,99.039,40.458,157.234
217.880,98.924,39.595,153.881
217.820,99.864,40.471,157.285
212.985,100.980,40.471,157.285
209.064,96.539,41.367,160.765
204.883,99.200,41.367,160.765
200.701,99.580,41.367,160.765
197.280,100.721,41.367,160.765
193.858,101.101,41.367,160.765
190.437,103.002,41.367,160.765
193.098,105.663,41.367,160.765
189.091,105.856,42.282,164.322
185.594,106.245,42.282,164.322
182.874,107.410,42.282,164.322
179.584,105.996,43.217,167.958
176.804,106.393,43.217,167.958
174.024,106.790,43.217,167.958
171.244,107.981,43.217,167.958
168.464,107.584,43.217,167.958
164.890,107.981,43.217,167.958
162.110,109.173,43.217,167.958
158.535,107.187,43.217,167.958
155.755,108.379,43.217,167.958
154.564,109.570,43.217,167.958
152.578,109.173,43.217,167.958
152.975,109.570,43.217,167.958
151.784,109.967,43.217,167.958
150.592,110.364,43.217,167.958
149.401,109.967,43.217,167.958
150.592,110.364,43.217,167.958
150.195,109.967,43.217,167.958
150.592,109.570,43.217,167.958
148.606,109.967,43.217,167.958
147.415,110.364,43.217,167.958
145.429,109.967,43.217,167.958
144.238,111.159,43.217,167.958
143.046,109.173,43.217,167.958
140.266,110.364,43.217,167.958
139.075,109.967,43.217,167.958
135.500,110.364,43.217,167.958
132.720,109.173,43.217,167.958
131.529,108.776,43.217,167.958
127.954,109.967,43.217,167.958
127.557,109.570,43.217,167.958
123.983,108.379,43.217,167.958
123.586,108.776,43.217,167.958
120.011,108.379,43.217,167.958
121.203,107.981,43.217,167.958
116.834,108.379,43.217,167.958
117.231,107.981,43.217,167.958
113.657,108.379,43.217,167.958
110.082,107.981,43.217,167.958
108.097,108.379,43.217,167.958
104.522,107.187,43.217,167.958
100.948,106.790,43.217,167.958
96.579,107.981,43.217,167.958
93.799,107.584,43.217,167.958
88.636,107.981,43.217,167.958
84.267,109.173,43.217,167.958
80.693,107.981,43.217,167.958
75.530,109.967,43.217,167.958
69.573,109.570,43.217,167.958
63.615,109.967,43.217,167.958
58.452,110.364,43.217,167.958
52.495,109.967,43.217,167.958
46.538,110.364,43.217,167.958
39.786,109.967,43.217,167.958
33.829,111.159,43.217,167.958
26.346,107.240,44.173,171.674
17.821,106.834,44.173,171.674
10.108,105.617,44.173,171.674
3.207,107.646,44.173,171.674
-1.258,106.429,44.173,171.674
-4.100,104.399,44.173,171.674
-7.753,106.429,44.173,171.674
-11.407,104.399,44.173,171.674
-12.892,105.838,43.231,168.013
-14.346,109.544,42.310,164.430
-15.019,112.422,41.407,160.924
-17.145,115.971,40.524,157.492
-18.262,116.344,40.524,157.492
-17.890,116.716,40.524,157.492
-18.262,117.089,40.524,157.492
-18.907,116.973,39.660,154.133
-19.271,115.880,39.660,154.133
41.594,118.431,39.660,154.133
47.790,116.609,39.660,154.133
50.341,115.515,39.660,154.133
54.351,115.880,39.660,154.133
56.902,114.786,39.660,154.133
59.081,116.781,38.814,150.846
55.026,118.046,37.987,147.630
57.786,119.956,37.176,144.481
59.494,119.615,37.176,144.481
60.519,118.590,37.176,144.481
56.635,119.142,36.384,141.400
57.638,118.808,36.384,141.400
53.836,118.704,35.608,138.385
57.685,119.234,34.848,135.434
58.646,118.914,34.848,135.434
60.888,117.312,34.848,135.434
56.183,114.817,35.619,138.430
52.582,115.799,35.619,138.430
53.564,115.472,35.619,138.430
66.330,115.799,35.619,138.430
77.822,112.570,36.408,141.493
78.461,109.963,37.213,144.623
78.404,107.299,38.036,147.823
73.269,106.026,38.878,151.094
147.940,10.633,38.878,151.094
143.878,13.966,38.049,147.872
132.488,12.510,37.237,144.718
120.681,13.723,36.443,141.632
114.291,12.973,35.666,138.612
109.300,11.608,34.906,135.656
105.653,8.417,34.161,132.763
101.479,6.504,33.433,129.932
93.247,6.409,32.720,127.161
82.873,6.895,32.022,124.449
60.807,-30.069,31.339,121.795
50.871,-30.158,30.671,119.198
44.952,-27.058,30.671,119.198
34.140,-31.492,30.017,116.656
23.559,-30.514,29.377,114.168
52.235,-31.118,28.750,111.734
44.138,-31.200,28.137,109.351
41.198,-31.280,27.537,107.019
43.687,-30.871,26.950,104.737
28.935,-27.605,26.375,102.503
14.150,-26.393,26.375,102.503
1.304,-24.697,26.375,102.503
-2.332,-21.546,26.375,102.503
-2.574,-28.575,26.375,102.503
-1.847,-31.241,26.375,102.503
-1.604,-33.422,26.375,102.503
0.312,-35.367,25.813,100.317
3.102,-35.897,25.262,98.178
0.549,-37.987,25.262,98.178
-2.380,-40.277,25.821,100.350
60.976,10.740,25.821,100.350
56.942,9.553,25.821,100.350
51.959,8.367,25.821,100.350
46.976,7.181,25.821,100.350
41.518,8.842,25.821,100.350
36.535,8.130,25.821,100.350
31.078,8.367,25.821,100.350
25.620,7.181,25.821,100.350
19.213,7.892,25.821,100.350
14.230,7.181,25.821,100.350
8.298,7.892,25.821,100.350
3.315,7.655,25.821,100.350
-1.194,6.943,25.821,100.350
-4.349,7.785,25.270,98.210
-5.646,9.503,24.732,96.116
-6.916,13.376,24.204,94.066
-9.016,16.737,23.688,92.060
22.115,-10.706,24.212,94.097
59.474,-5.627,23.696,92.090
56.643,-3.668,23.696,92.090
52.506,-2.579,23.696,92.090
47.931,-0.967,23.190,90.126
42.177,-0.754,23.190,90.126
37.700,1.645,22.696,88.204
32.069,2.270,22.696,88.204
26.020,3.313,22.696,88.204
21.640,3.939,22.696,88.204
17.260,4.565,22.696,88.204
10.868,6.912,22.212,86.323
6.174,7.933,22.212,86.323
0.662,9.770,22.212,86.323
-3.216,10.382,22.212,86.323
-4.750,12.287,21.738,84.483
28.611,17.680,21.738,84.483
81.950,42.252,21.738,84.483
74.558,45.648,21.738,84.483
70.363,45.848,21.738,84.483
64.969,47.246,21.738,84.483
59.975,48.245,21.738,84.483
54.981,48.844,21.738,84.483
50.386,48.245,21.738,84.483
46.191,48.844,21.738,84.483
43.194,49.044,21.738,84.483
41.397,48.844,21.738,84.483
41.197,48.644,21.738,84.483
38.600,48.844,21.738,84.483
35.603,49.443,21.738,84.483
33.805,50.043,21.738,84.483
29.610,51.441,21.738,84.483
28.212,52.040,21.738,84.483
29.211,53.439,21.738,84.483
26.214,54.038,21.738,84.483
26.814,55.037,21.738,84.483
26.214,55.636,21.738,84.483
23.218,55.836,21.738,84.483
24.217,56.036,21.738,84.483
22.419,57.035,21.738,84.483
19.422,56.835,21.738,84.483
19.622,57.834,21.738,84.483
16.226,58.433,21.738,84.483
13.629,59.032,21.738,84.483
12.630,60.031,21.738,84.483
9.633,60.630,21.738,84.483
6.284,60.732,22.219,86.352
4.038,60.120,22.219,86.352
3.425,61.141,22.219,86.352
1.179,62.978,22.219,86.352
1.384,64.816,22.219,86.352
-0.151,67.508,21.745,84.510
0.049,68.107,21.745,84.510
-0.550,70.705,21.745,84.510
0.259,72.569,21.282,82.708
0.846,74.721,21.282,82.708
-0.132,74.134,21.282,82.708
0.455,75.503,21.282,82.708
-0.523,76.481,21.282,82.708
0.064,76.676,21.282,82.708
1.042,76.090,21.282,82.708
0.455,78.241,21.282,82.708
1.042,78.437,21.282,82.708
2.411,79.806,21.282,82.708
1.433,80.783,21.282,82.708
1.237,82.544,21.282,82.708
1.433,85.477,21.282,82.708
0.064,87.237,21.282,82.708
-0.275,88.685,20.828,80.944
-1.615,90.790,20.828,80.944
-1.041,92.513,20.828,80.944
-3.529,95.767,20.828,80.944
-2.572,95.192,20.828,80.944
-4.748,99.192,20.384,79.218
2.558,49.177,20.384,79.218
2.745,52.736,20.384,79.218
0.684,53.673,20.384,79.218
2.370,54.610,20.384,79.218
7.053,54.797,20.384,79.218
7.411,55.670,20.835,80.971
4.539,54.712,20.835,80.971
2.433,56.435,20.835,80.971
3.390,57.010,20.835,80.971
3.428,59.903,20.390,79.244
2.865,59.341,20.390,79.244
1.179,59.154,20.390,79.244
3.383,61.263,19.955,77.554
2.099,60.346,19.955,77.554
0.816,62.363,19.955,77.554
2.833,62.180,19.955,77.554
1.808,65.305,19.530,75.900
3.065,64.766,19.530,75.900
3.244,67.458,19.530,75.900
2.347,66.920,19.530,75.900
1.450,68.894,19.530,75.900
3.424,68.715,19.530,75.900
3.113,69.005,19.113,74.282
3.640,68.478,19.113,74.282
2.059,67.951,19.113,74.282
2.586,68.829,19.113,74.282
1.357,67.951,19.113,74.282
1.181,67.073,19.113,74.282
-0.139,61.939,18.706,72.698
-0.768,86.739,18.307,71.147
0.073,87.244,18.307,71.147
1.791,88.377,18.712,72.722
1.275,90.269,18.712,72.722
1.246,93.924,19.126,74.330
0.852,91.825,19.549,75.975
3.188,92.364,19.549,75.975
1.667,91.338,19.982,77.656
-0.650,89.907,20.424,79.374
0.098,88.445,20.876,81.130
-2.780,87.485,20.876,81.130
-4.890,86.143,20.876,81.130
-4.315,84.800,20.876,81.130
-2.204,83.073,20.876,81.130
-2.236,81.180,21.338,82.925
-1.256,80.200,21.338,82.925
-0.668,80.396,21.338,82.925
-1.256,80.592,21.338,82.925
-0.839,80.531,20.882,81.157
-0.647,81.491,20.882,81.157
-0.455,80.915,20.882,81.157
-0.264,80.723,20.882,81.157
-0.455,80.148,20.882,81.157
-0.264,79.188,20.882,81.157
-0.072,78.612,20.882,81.157
-0.104,77.515,21.345,82.952
-0.692,77.712,21.345,82.952
-0.104,77.515,21.345,82.952
-0.692,77.712,21.345,82.952
-0.104,77.908,21.345,82.952
-0.692,78.104,21.345,82.952
-0.496,76.731,21.345,82.952
-0.692,78.496,21.345,82.952
-0.888,77.515,21.345,82.952
-1.477,78.104,21.345,82.952
-1.280,78.300,21.345,82.952
-1.477,77.319,21.345,82.952
-3.634,78.300,21.345,82.952
-3.046,77.319,21.345,82.952
-3.634,78.300,21.345,82.952
-3.438,78.104,21.345,82.952
-4.419,77.908,21.345,82.952
-3.438,78.888,21.345,82.952
-5.203,77.908,21.345,82.952
-2.387,77.194,21.817,84.788
-0.182,75.790,21.817,84.788
0.201,74.644,22.299,86.664
1.443,73.473,22.793,88.581
2.071,72.426,22.793,88.581
3.340,71.228,23.297,90.541
0.195,70.005,23.813,92.544
1.521,68.300,24.339,94.592
41.398,85.122,24.878,96.685
43.205,85.492,24.347,94.623
44.772,83.926,24.347,94.623
41.416,84.597,24.347,94.623
37.612,84.373,24.347,94.623
37.836,83.254,24.347,94.623
38.954,83.031,24.347,94.623
33.810,82.216,24.886,96.716
35.196,80.434,25.437,98.856
37.945,79.911,24.894,96.748
32.686,79.078,25.445,98.889
29.646,77.909,25.445,98.889
31.044,78.738,24.902,96.780
34.477,77.594,24.902,96.780
37.610,77.523,24.371,94.716
34.319,75.778,24.911,96.811
31.906,73.044,25.462,98.953
32.353,70.250,26.025,101.143
30.824,68.883,26.601,103.381
28.755,66.472,27.189,105.668
27.505,65.722,27.189,105.668
28.255,66.472,27.189,105.668
28.213,64.007,27.791,108.006
30.001,63.240,27.791,108.006
29.959,61.781,28.406,110.395
30.220,61.520,28.406,110.395
31.003,60.736,28.406,110.395
27.087,60.997,28.406,110.395
26.132,63.936,27.800,108.041
26.182,66.812,27.207,105.737
26.141,63.826,27.809,108.077
54.764,-0.790,27.216,105.772
52.885,0.097,26.636,103.516
52.461,1.909,26.068,101.309
52.970,2.296,25.512,99.148
51.208,4.935,24.968,97.034
53.022,7.076,24.435,94.965
52.349,5.953,24.435,94.965
52.826,6.316,23.914,92.939
53.716,7.095,23.404,90.958
53.344,8.273,22.905,89.018
53.133,8.483,22.905,89.018
53.580,9.229,22.417,87.119
52.550,8.611,22.417,87.119
54.576,10.136,21.939,85.262
53.165,9.934,21.939,85.262
55.148,11.815,21.471,83.443
56.135,12.407,21.471,83.443
56.332,12.604,21.471,83.443
57.131,14.825,21.013,81.664
56.797,15.882,20.565,79.922
57.927,18.009,20.126,78.218
58.482,18.564,20.126,78.218
56.022,18.863,19.697,76.550
57.652,19.406,19.697,76.550
56.746,20.312,19.697,76.550
57.480,22.000,19.277,74.918
58.011,22.886,19.277,74.918
58.543,24.126,19.277,74.918
59.602,26.120,18.866,73.320
60.305,27.737,18.464,71.756
59.684,29.974,18.070,70.226
61.510,32.465,18.070,70.226
64.239,38.407,18.470,71.780
65.427,41.293,18.470,71.780
62.881,38.068,18.470,71.780
61.014,38.917,18.470,71.780
62.542,40.784,18.470,71.780
63.051,42.311,18.470,71.780
63.221,43.839,18.470,71.780
63.730,47.743,18.470,71.780
64.406,50.646,18.878,73.368
66.315,53.249,18.878,73.368
67.529,56.198,18.878,73.368
69.437,59.494,18.878,73.368
71.346,62.444,18.878,73.368
73.601,64.352,18.878,73.368
76.452,65.880,19.296,74.991
79.366,67.810,19.723,76.651
83.172,70.529,19.723,76.651
86.527,72.126,20.159,78.346
89.676,74.163,20.159,78.346
92.455,75.831,20.159,78.346
93.962,76.694,20.605,80.080
96.045,76.883,20.605,80.080
98.128,77.073,20.605,80.080
100.211,76.126,20.605,80.080
102.803,78.257,20.166,78.372
105.340,79.629,19.736,76.701
107.823,79.922,19.315,75.065
109.776,79.745,19.315,75.065
111.728,80.277,19.315,75.065
113.326,81.875,19.315,75.065
115.278,82.052,19.315,75.065
117.366,84.392,18.903,73.464
119.277,85.261,18.903,73.464
120.651,88.221,18.500,71.898
122.521,87.711,18.500,71.898
124.051,88.221,18.500,71.898
125.241,87.711,18.500,71.898
126.771,87.541,18.500,71.898
127.961,86.351,18.500,71.898
129.831,84.481,18.500,71.898
131.701,83.631,18.500,71.898
133.911,82.441,18.500,71.898
135.782,82.611,18.500,71.898
137.652,82.101,18.500,71.898
139.862,80.910,18.500,71.898
141.392,80.740,18.500,71.898
143.602,80.230,18.500,71.898
145.472,79.380,18.500,71.898
147.472,79.983,18.105,70.364
148.304,80.149,18.105,70.364
149.801,80.316,18.105,70.364
150.966,80.815,18.105,70.364
152.131,80.981,18.105,70.364
153.126,81.892,17.719,68.864
154.099,82.155,17.342,67.395
155.215,82.634,17.342,67.395
156.330,81.837,17.342,67.395
156.490,82.952,17.342,67.395
157.605,83.749,17.342,67.395
157.446,83.908,17.342,67.395
155.693,84.068,17.342,67.395
154.259,83.908,17.342,67.395
152.824,83.749,17.342,67.395
151.627,84.007,16.972,65.958
149.911,83.539,16.972,65.958
150.379,83.071,16.972,65.958
148.975,81.979,16.972,65.958
148.507,83.695,16.972,65.958
147.104,82.603,16.972,65.958
144.764,81.823,16.972,65.958
142.737,81.356,16.972,65.958
141.021,80.576,16.972,65.958
140.241,81.044,16.972,65.958
138.214,80.576,16.972,65.958
137.122,81.044,16.972,65.958
135.094,80.888,16.972,65.958
134.003,82.291,16.972,65.958
132.287,82.135,16.972,65.958
130.572,82.603,16.972,65.958
128.232,84.007,16.972,65.958
127.060,85.462,16.610,64.552
125.076,86.225,16.610,64.552
123.091,86.988,16.610,64.552
121.107,88.057,16.610,64.552
119.123,88.515,16.610,64.552
118.970,88.667,16.610,64.552
116.986,88.209,16.610,64.552
117.899,90.516,16.256,63.175
116.488,90.470,15.909,61.828
117.511,90.616,15.909,61.828
118.242,91.347,15.909,61.828
118.389,90.908,15.909,61.828
119.826,91.427,15.570,60.509
118.476,90.831,15.238,59.219
120.016,89.290,15.238,59.219
119.121,87.328,15.575,60.529
117.546,86.898,15.575,60.529
116.831,88.473,15.575,60.529
114.398,87.757,15.575,60.529
113.682,88.186,15.575,60.529
112.966,89.475,15.575,60.529
111.392,88.473,15.575,60.529
112.966,90.620,15.575,60.529
111.106,90.476,15.575,60.529
110.104,89.475,15.575,60.529
108.529,88.473,15.575,60.529
109.531,87.757,15.575,60.529
107.957,86.755,15.575,60.529
106.669,86.039,15.575,60.529
107.957,85.038,15.575,60.529
106.669,83.749,15.575,60.529
107.671,82.461,15.575,60.529
107.528,80.887,15.575,60.529
107.098,79.885,15.575,60.529
107.678,78.737,15.243,59.238
106.417,77.196,15.243,59.238
106.557,76.496,15.243,59.238
107.665,75.372,14.918,57.975
106.705,73.042,14.918,57.975
107.665,71.260,14.918,57.975
107.254,69.752,14.918,57.975
108.338,69.181,14.599,56.739
107.667,67.168,14.599,56.739
108.606,66.497,14.599,56.739
109.277,66.095,14.599,56.739
109.143,65.156,14.599,56.739
109.277,64.753,14.599,56.739
109.411,64.351,14.599,56.739
108.144,64.568,14.288,55.529
109.851,65.749,14.288,55.529
108.670,64.568,14.288,55.529
110.214,66.299,13.983,54.345
109.058,66.170,13.983,54.345
110.321,68.608,13.685,53.186
110.447,68.230,13.685,53.186
111.327,68.859,13.685,53.186
111.705,70.243,13.685,53.186
110.573,69.865,13.685,53.186
112.208,71.752,13.685,53.186
112.334,72.632,13.685,53.186
112.962,73.261,13.685,53.186
113.843,73.135,13.685,53.186
112.962,73.009,13.685,53.186
114.849,73.135,13.685,53.186
115.611,72.677,13.988,54.362
115.996,72.549,13.988,54.362
117.153,71.906,13.988,54.362
115.739,71.006,13.988,54.362
117.251,73.196,13.690,53.203
118.887,72.567,13.690,53.203
117.755,72.442,13.690,53.203
119.138,73.574,13.690,53.203
120.774,73.448,13.690,53.203
120.396,73.071,13.690,53.203
121.780,73.700,13.690,53.203
121.403,73.322,13.690,53.203
122.787,72.945,13.690,53.203
121.906,72.316,13.690,53.203
123.038,73.197,13.690,53.203
124.674,72.819,13.690,53.203
125.554,74.203,13.690,53.203
127.693,73.574,13.690,53.203
127.064,73.951,13.690,53.203
128.448,73.826,13.690,53.203
129.832,74.455,13.690,53.203
128.951,73.574,13.690,53.203
130.083,74.203,13.690,53.203
129.203,73.071,13.690,53.203
130.083,72.945,13.690,53.203
129.203,72.064,13.690,53.203
130.335,71.938,13.690,53.203
131.216,71.561,13.690,53.203
132.096,71.687,13.690,53.203
131.970,71.561,13.690,53.203
132.599,71.184,13.690,53.203
133.983,70.555,13.690,53.203
133.103,69.926,13.690,53.203
134.487,68.542,13.690,53.203
134.864,68.164,13.690,53.203
135.493,67.284,13.690,53.203
136.374,66.655,13.690,53.203
137.254,66.026,13.690,53.203
137.632,64.893,13.690,53.203
138.512,64.768,13.690,53.203
139.896,63.887,13.690,53.203
139.015,62.755,13.690,53.203
140.148,62.126,13.690,53.203
141.532,60.994,13.690,53.203
142.412,59.861,13.690,53.203
143.041,59.735,13.690,53.203
143.922,58.855,13.690,53.203
144.684,57.614,13.993,54.380
146.356,57.742,13.993,54.380
147.513,58.128,13.993,54.380
148.927,57.742,13.993,54.380
150.599,57.871,13.993,54.380
150.728,57.485,13.993,54.380
151.885,57.356,13.993,54.380
152.014,56.971,13.993,54.380
150.856,56.071,13.993,54.380
152.785,55.428,13.993,54.380
153.171,56.071,13.993,54.380
153.814,55.942,13.993,54.380
154.971,55.299,13.993,54.380
153.757,57.490,13.694,53.221
155.141,56.861,13.694,53.221
155.770,57.490,13.694,53.221
156.533,56.249,13.997,54.398
157.176,56.634,13.997,54.398
156.018,57.278,13.997,54.398
157.948,57.406,13.997,54.398
159.620,58.564,13.997,54.398
159.234,58.950,13.997,54.398
160.392,59.078,13.997,54.398
161.035,60.236,13.997,54.398
161.678,61.136,13.997,54.398
163.093,61.265,13.997,54.398
163.862,63.705,13.699,53.238
164.625,63.247,14.002,54.416
166.040,63.633,14.002,54.416
166.820,63.431,14.312,55.620
167.741,64.878,14.312,55.620
169.450,63.957,14.312,55.620
170.634,65.141,14.312,55.620
172.607,65.798,14.312,55.620
174.579,65.404,14.312,55.620
176.026,66.324,14.312,55.620
178.262,66.456,14.312,55.620
180.498,66.588,14.312,55.620
181.682,66.982,14.312,55.620
183.391,66.324,14.312,55.620
184.575,66.982,14.312,55.620
186.548,66.588,14.312,55.620
188.257,68.034,14.312,55.620
190.493,67.903,14.312,55.620
191.677,67.508,14.312,55.620
192.861,67.640,14.312,55.620
194.044,67.245,14.312,55.620
195.491,66.851,14.312,55.620
195.359,66.193,14.312,55.620
196.806,66.061,14.312,55.620
197.990,65.930,14.312,55.620
198.910,66.061,14.312,55.620
200.094,65.141,14.312,55.620
201.015,65.535,14.312,55.620
202.461,65.930,14.312,55.620
203.755,65.636,14.006,54.434
204.656,66.022,14.006,54.434
206.587,65.121,14.006,54.434
208.003,64.992,14.006,54.434
209.676,64.863,14.006,54.434
211.607,64.477,14.006,54.434
213.537,66.150,14.006,54.434
215.468,64.992,14.006,54.434
217.141,64.348,14.006,54.434
218.042,64.477,14.006,54.434
219.458,64.606,14.006,54.434
220.617,64.477,14.006,54.434
221.260,64.606,14.006,54.434
221.904,64.477,14.006,54.434
222.805,64.863,14.006,54.434
223.191,64.477,14.006,54.434
224.238,63.741,14.316,55.638
224.896,63.610,14.316,55.638
224.161,64.076,14.011,54.452
225.319,63.690,14.011,54.452
225.832,63.221,14.321,55.656
226.619,63.688,14.016,54.469
225.460,64.074,14.016,54.469
226.240,64.407,14.326,55.675
225.056,64.012,14.326,55.675
224.134,63.617,14.326,55.675
222.949,64.012,14.326,55.675
223.607,64.144,14.326,55.675
221.896,64.539,14.326,55.675
220.653,65.006,14.020,54.487
219.027,65.071,14.330,55.693
219.423,65.203,14.330,55.693
217.184,65.861,14.330,55.693
215.940,66.836,14.025,54.505
215.038,65.676,14.025,54.505
212.847,66.063,14.025,54.505
211.945,65.418,14.025,54.505
211.043,65.032,14.025,54.505
209.367,65.160,14.025,54.505
209.754,65.547,14.025,54.505
208.594,65.676,14.025,54.505
208.465,66.320,14.025,54.505
208.979,65.584,14.335,55.711
207.266,66.242,14.335,55.711
207.925,66.111,14.335,55.711
206.212,65.188,14.335,55.711
206.607,65.584,14.335,55.711
205.685,65.188,14.335,55.711
206.080,65.847,14.335,55.711
207.530,65.979,14.335,55.711
206.344,65.847,14.335,55.711
206.476,66.506,14.335,55.711
207.398,66.901,14.335,55.711
206.212,66.242,14.335,55.711
207.925,67.165,14.335,55.711
206.263,65.591,14.652,56.944
207.744,66.265,14.652,56.944
206.263,65.861,14.652,56.944
207.205,66.534,14.652,56.944
205.674,68.050,14.340,55.729
206.597,68.181,14.340,55.729
204.620,68.577,14.340,55.729
203.961,68.181,14.340,55.729
202.775,67.259,14.340,55.729
201.326,67.391,14.340,55.729
199.876,66.468,14.340,55.729
197.636,67.918,14.340,55.729
195.923,68.050,14.340,55.729
194.473,68.445,14.340,55.729
191.706,69.104,14.340,55.729
189.202,69.236,14.340,55.729
186.698,70.422,14.340,55.729
183.942,69.942,14.657,56.962
180.844,70.346,14.657,56.962
176.669,71.289,14.657,56.962
174.918,71.962,14.657,56.962
172.089,72.636,14.657,56.962
169.799,73.040,14.657,56.962
166.971,74.521,14.657,56.962
164.411,75.734,14.657,56.962
162.101,78.288,14.344,55.748
159.344,79.450,14.662,56.981
157.053,81.471,14.662,56.981
154.224,83.492,14.662,56.981
151.653,85.528,14.349,55.766
149.939,86.715,14.349,55.766
168.795,88.165,14.349,55.766
170.510,90.407,14.349,55.766
169.059,91.330,14.349,55.766
166.290,92.780,14.349,55.766
164.079,92.574,14.667,57.000
171.762,95.135,14.667,57.000
171.088,97.157,14.667,57.000
170.144,98.370,14.667,57.000
168.392,100.122,14.667,57.000
166.370,101.065,14.667,57.000
165.157,101.739,14.667,57.000
163.136,102.952,14.667,57.000
162.192,103.896,14.667,57.000
161.179,105.153,14.354,55.784
159.992,105.812,14.354,55.784
160.272,107.043,14.048,54.595
160.660,108.205,14.048,54.595
161.305,108.850,14.048,54.595
162.077,110.055,13.748,53.430
163.563,111.477,13.455,52.291
169.869,113.579,13.455,52.291
171.477,115.186,13.455,52.291
171.353,115.557,13.455,52.291
169.498,114.692,13.455,52.291
167.643,115.310,13.455,52.291
165.314,114.346,13.753,53.448
162.408,114.673,14.057,54.630
160.470,115.319,14.057,54.630
159.049,116.740,14.057,54.630
156.337,118.936,14.057,54.630
154.399,120.874,14.057,54.630
151.945,123.070,14.057,54.630
149.729,125.271,13.757,53.465
147.074,126.914,13.757,53.465
144.418,130.287,13.464,52.325
142.562,132.390,13.464,52.325
140.440,135.691,13.177,51.209
137.907,136.758,13.468,52.342
135.061,138.105,13.766,53.500
131.899,139.244,13.766,53.500
144.929,140.635,13.766,53.500
146.067,140.762,13.766,53.500
144.385,141.210,13.473,52.360
142.280,142.820,13.473,52.360
138.442,143.439,13.473,52.360
134.311,142.731,13.771,53.518
132.452,141.483,14.075,54.702
129.736,140.577,14.075,54.702
126.761,141.741,14.075,54.702
125.079,141.871,14.075,54.702
121.587,141.483,14.075,54.702
117.836,141.612,14.075,54.702
118.619,141.141,14.387,55.912
117.429,139.422,14.387,55.912
116.504,139.026,14.387,55.912
115.843,139.951,14.387,55.912
113.830,139.910,14.080,54.720
111.392,137.291,14.392,55.931
110.908,135.975,14.085,54.738
113.179,134.189,13.784,53.571
112.370,133.990,14.089,54.756
110.467,134.056,14.401,55.967
109.896,132.751,14.720,57.206
107.909,131.977,15.045,58.471
105.835,132.116,15.045,58.471
106.386,132.473,15.378,59.765
105.397,133.462,15.378,59.765
103.842,134.169,15.378,59.765
101.157,135.441,15.378,59.765
99.602,135.865,15.378,59.765
98.992,135.643,15.718,61.087
96.537,136.943,15.718,61.087
95.815,139.399,15.718,61.087
93.359,141.277,15.718,61.087
91.481,141.999,15.718,61.087
90.181,142.721,15.718,61.087
88.059,142.795,16.066,62.439
85.584,142.870,16.422,63.820
83.924,142.417,16.422,63.820
82.264,142.266,16.422,63.820
79.107,141.717,16.785,65.232
76.521,140.195,17.156,66.676
72.242,139.948,17.536,68.151
68.537,137.690,17.924,69.659
66.066,135.548,17.924,69.659
62.936,134.395,17.924,69.659
58.466,132.087,18.320,71.200
55.267,131.582,18.320,71.200
52.794,130.969,18.726,72.775
49.908,130.342,19.140,74.385
47.689,128.607,19.564,76.031
43.914,129.506,19.564,76.031
41.936,129.326,19.564,76.031
39.239,128.787,19.564,76.031
35.104,129.326,19.564,76.031
34.206,126.989,19.564,76.031
31.509,126.449,19.564,76.031
27.385,127.780,19.146,74.410
25.724,129.760,18.738,72.823
23.141,130.966,18.738,72.823
17.114,130.794,18.738,72.823
11.505,129.081,18.338,71.270
3.921,127.564,18.338,71.270
1.393,126.721,18.338,71.270
-0.798,125.879,18.338,71.270
-0.966,124.699,18.338,71.270
-2.483,125.204,18.338,71.270
-4.000,123.351,18.338,71.270
-2.629,126.584,18.744,72.847
-0.155,129.173,19.159,74.458
2.486,129.349,19.159,74.458
0.197,128.469,19.159,74.458
-1.036,127.237,19.159,74.458
-4.381,126.708,19.159,74.458
-4.205,124.420,19.159,74.458
-4.381,123.187,19.159,74.458
-2.796,119.842,19.159,74.458
0.197,116.497,19.159,74.458
1.781,115.264,19.159,74.458
-0.860,117.553,19.159,74.458
-4.909,117.377,19.159,74.458
4.195,86.413,19.583,76.106
1.551,82.397,20.016,77.790
-1.151,79.819,20.459,79.511
-2.467,80.759,20.459,79.511
-4.912,84.707,20.459,79.511
-3.595,94.296,20.459,79.511
-0.896,107.656,20.912,81.270
-2.523,110.944,21.374,83.068
-0.925,112.674,21.847,84.906
13.622,116.109,22.331,86.785
19.573,117.135,22.331,86.785
21.592,115.885,21.854,84.934
19.784,116.487,21.854,84.934
11.952,115.082,21.854,84.934
2.333,115.184,22.338,86.813
-1.108,114.862,22.832,88.734
-0.479,115.492,22.832,88.734
-2.787,117.800,22.832,88.734
-5.095,119.688,22.832,88.734
-4.046,117.800,22.832,88.734
-3.416,114.652,22.832,88.734
-1.948,109.407,22.832,88.734
-0.479,107.519,22.832,88.734
0.570,103.952,22.832,88.734
0.360,104.161,22.832,88.734
0.570,105.211,22.832,88.734
2.878,106.679,22.832,88.734
3.927,109.827,22.832,88.734
1.619,111.295,22.832,88.734
4.767,114.023,22.832,88.734
2.878,116.331,22.832,88.734
6.025,118.639,22.832,88.734
1.619,121.786,22.832,88.734
-1.108,122.835,22.832,88.734
-0.059,123.465,22.832,88.734
0.570,123.675,22.832,88.734
-3.029,126.845,22.345,86.841
-2.002,127.051,22.345,86.841
-3.941,130.946,21.869,84.990
-2.534,130.343,21.869,84.990
-2.107,131.830,21.402,83.177
-2.827,132.907,20.946,81.403
-1.676,134.331,20.499,79.667
-2.995,134.519,20.499,79.667
-1.676,135.085,20.499,79.667
-2.618,134.143,20.499,79.667
-1.676,133.578,20.499,79.667
-0.913,134.245,20.062,77.968
-2.654,135.254,19.634,76.306
-0.669,135.796,19.634,76.306
-0.488,135.254,19.634,76.306
0.053,136.518,19.634,76.306
-1.210,137.059,19.634,76.306
-0.669,137.600,19.634,76.306
-0.128,138.141,19.634,76.306
-1.391,138.683,19.634,76.306
-0.488,138.863,19.634,76.306
-0.308,139.404,19.634,76.306
0.411,138.748,20.069,77.994
25.308,137.088,20.069,77.994
50.943,135.059,20.069,77.994
49.202,136.068,19.641,76.331
98.609,154.886,20.075,78.020
124.621,153.595,20.075,78.020
157.644,151.566,20.075,78.020
197.677,110.056,20.075,78.020
197.862,113.931,20.075,78.020
198.597,111.345,20.519,79.746
197.277,110.025,20.519,79.746
195.957,109.459,20.519,79.746
196.145,109.648,20.519,79.746
194.825,108.328,20.519,79.746
192.751,107.008,20.519,79.746
190.677,103.802,20.519,79.746
187.848,100.974,20.519,79.746
185.397,98.899,20.519,79.746
182.568,94.940,20.519,79.746
181.626,92.488,20.519,79.746
179.174,90.037,20.519,79.746
178.986,87.963,20.519,79.746
178.043,85.511,20.519,79.746
178.609,83.814,20.519,79.746
179.174,80.986,20.519,79.746
180.117,78.911,20.519,79.746
180.306,76.460,20.519,79.746
178.986,75.140,20.519,79.746
179.929,73.820,20.519,79.746
179.740,72.500,20.519,79.746
178.420,72.311,20.519,79.746
177.100,71.746,20.519,79.746
176.534,70.803,20.519,79.746
174.083,69.483,20.519,79.746
172.386,69.672,20.519,79.746
169.180,67.974,20.519,79.746
167.106,66.277,20.519,79.746
164.277,65.712,20.519,79.746
161.072,64.015,20.519,79.746
158.243,63.072,20.519,79.746
154.661,63.260,20.519,79.746
152.209,61.563,20.519,79.746
149.758,60.243,20.519,79.746
147.250,59.458,20.082,78.045
145.958,58.904,20.082,78.045
145.639,60.626,19.654,76.381
146.371,60.918,19.234,74.752
145.724,63.589,18.824,73.158
143.542,61.882,19.241,74.776
143.512,61.972,19.666,76.431
141.982,61.689,20.102,78.122
141.951,61.400,20.546,79.850
142.518,63.099,20.546,79.850
140.919,62.412,21.001,81.617
140.726,61.833,21.001,81.617
138.692,61.531,21.466,83.423
135.794,60.403,21.940,85.269
134.505,59.251,22.426,87.155
131.905,58.500,22.922,89.083
131.433,56.859,23.429,91.054
129.610,55.629,23.948,93.069
126.834,54.371,24.477,95.128
124.929,55.419,25.019,97.233
122.028,55.536,25.573,99.384
119.443,60.001,25.573,99.384
116.771,64.911,25.027,97.265
113.782,66.061,25.027,97.265
110.332,70.891,25.027,97.265
106.882,75.721,25.027,97.265
103.823,81.857,24.494,95.191
100.897,84.783,24.494,95.191
97.904,87.750,23.971,93.161
94.600,91.495,23.971,93.161
90.855,93.478,23.971,93.161
61.557,115.286,23.971,93.161
57.406,116.770,24.502,95.222
54.929,119.697,24.502,95.222
52.803,122.231,23.979,93.191
50.820,124.655,23.979,93.191
-1.343,124.767,24.510,95.253
-3.370,124.542,24.510,95.253
-3.145,124.317,24.510,95.253
-2.919,125.443,24.510,95.253
-2.694,124.767,24.510,95.253
-3.820,127.696,24.510,95.253
-1.343,127.020,24.510,95.253
-0.667,128.146,24.510,95.253
1.811,128.371,24.510,95.253
4.288,128.146,24.510,95.253
5.865,127.470,24.510,95.253
2.937,126.344,24.510,95.253
0.009,127.921,24.510,95.253
-1.568,125.443,24.510,95.253
-4.046,121.164,24.510,95.253
-3.820,118.236,24.510,95.253
-4.496,117.560,24.510,95.253
-5.172,118.686,24.510,95.253
-4.496,122.065,24.510,95.253
-2.919,124.993,24.510,95.253
-2.244,122.966,24.510,95.253
-1.117,125.894,24.510,95.253
-1.793,123.867,24.510,95.253
-0.217,127.245,24.510,95.253
-1.793,124.767,24.510,95.253
-0.217,124.542,24.510,95.253
-2.694,123.416,24.510,95.253
-0.667,126.344,24.510,95.253
-2.694,124.317,24.510,95.253
-1.117,126.344,24.510,95.253
-0.892,123.867,24.510,95.253
-2.469,122.740,24.510,95.253
-0.892,125.218,24.510,95.253
-2.018,123.191,24.510,95.253
0.009,126.119,24.510,95.253
-2.018,123.641,24.510,95.253
-0.442,125.218,24.510,95.253
-2.919,123.191,24.510,95.253
-0.892,123.416,24.510,95.253
-2.919,121.389,24.510,95.253
-0.892,124.317,24.510,95.253
-2.469,122.290,24.510,95.253
-1.343,124.317,24.510,95.253
-3.370,122.290,24.510,95.253
-1.343,122.065,24.510,95.253
-2.469,122.740,24.510,95.253
-0.892,124.317,24.510,95.253
-0.667,121.839,24.510,95.253
-2.694,120.713,24.510,95.253
-1.117,119.587,24.510,95.253
0.009,121.614,24.510,95.253
-1.568,117.785,24.510,95.253
-4.046,114.857,24.510,95.253
-2.469,115.983,24.510,95.253
-4.496,113.055,24.510,95.253
-4.721,111.479,24.510,95.253
-5.397,110.803,24.510,95.253
-5.172,110.127,24.510,95.253
-4.946,109.452,24.510,95.253
-3.582,111.436,25.052,97.360
-3.352,110.745,25.052,97.360
-2.435,113.251,25.606,99.515
-0.317,116.310,25.606,99.515
1.330,119.369,25.606,99.515
2.507,122.899,25.606,99.515
2.742,121.251,25.606,99.515
1.095,123.369,25.606,99.515
1.330,121.722,25.606,99.515
2.507,124.781,25.606,99.515
0.860,126.899,25.606,99.515
2.507,124.781,25.606,99.515
0.389,121.722,25.606,99.515
-2.199,119.134,25.606,99.515
-2.435,117.016,25.606,99.515
-0.317,120.075,25.606,99.515
-3.376,116.545,25.606,99.515
-3.611,115.839,25.606,99.515
-4.788,115.133,25.606,99.515
-3.140,117.251,25.606,99.515
-1.493,122.193,25.606,99.515
-0.787,121.487,25.606,99.515
-2.435,122.193,25.606,99.515
-2.199,122.428,25.606,99.515
-3.846,120.781,25.606,99.515
-2.670,119.134,25.606,99.515
-3.376,118.428,25.606,99.515
-2.670,118.192,25.606,99.515
-3.984,118.573,25.060,97.392
-2.833,117.422,25.060,97.392
-2.603,116.270,25.060,97.392
-3.001,117.087,24.526,95.315
-2.325,116.410,24.526,95.315
-3.452,115.734,24.526,95.315
-2.776,115.509,24.526,95.315
-2.100,114.833,24.526,95.315
-3.227,113.706,24.526,95.315
-2.551,112.579,24.526,95.315
-3.678,111.452,24.526,95.315
-3.452,110.776,24.526,95.315
-4.128,110.550,24.526,95.315
-3.001,109.423,24.526,95.315
-3.227,108.297,24.526,95.315
-3.452,107.620,24.526,95.315
-4.128,106.944,24.526,95.315
-3.452,105.817,24.526,95.315
-4.579,105.141,24.526,95.315
-4.804,104.465,24.526,95.315
-4.128,103.338,24.526,95.315
-4.354,102.211,24.526,95.315
-4.579,101.535,24.526,95.315
-5.255,102.662,24.526,95.315
-4.579,103.338,24.526,95.315
-4.804,104.014,24.526,95.315
-3.678,103.338,24.526,95.315
-4.354,104.465,24.526,95.315
-3.678,104.690,24.526,95.315
-4.354,104.014,24.526,95.315
-4.128,102.887,24.526,95.315
-3.215,102.817,24.003,93.283
-2.995,102.597,24.003,93.283
-4.539,103.259,24.003,93.283
-3.645,107.017,23.491,91.294
-2.997,106.801,23.491,91.294
-4.203,110.896,22.990,89.347
-2.724,110.684,22.990,89.347
-2.091,112.163,22.990,89.347
-2.724,111.952,22.990,89.347
-0.823,113.431,22.990,89.347
0.233,114.910,22.990,89.347
1.712,118.079,22.990,89.347
1.677,116.871,23.498,91.324
3.189,119.679,23.498,91.324
4.269,122.918,23.498,91.324
5.577,123.028,24.018,93.344
7.563,125.456,24.018,93.344
9.550,125.235,24.018,93.344
11.095,128.546,24.018,93.344
13.523,127.442,24.018,93.344
16.834,131.194,24.018,93.344
21.027,130.974,24.018,93.344
24.338,131.194,24.018,93.344
27.965,128.101,24.550,95.409
32.703,130.582,24.550,95.409
36.087,133.064,24.550,95.409
39.020,133.741,24.550,95.409
41.953,133.966,24.550,95.409
45.337,135.095,24.550,95.409
47.819,135.320,24.550,95.409
50.752,136.899,24.550,95.409
50.075,135.771,24.550,95.409
51.654,137.802,24.550,95.409
53.684,138.479,24.550,95.409
57.520,140.058,24.550,95.409
61.355,141.637,24.550,95.409
64.739,143.668,24.550,95.409
53.233,135.320,24.550,95.409
54.361,137.802,24.550,95.409
56.392,136.674,24.550,95.409
55.715,137.802,24.550,95.409
57.745,138.027,24.550,95.409
57.971,137.351,24.550,95.409
58.648,138.479,24.550,95.409
58.873,138.253,24.550,95.409
59.099,137.576,24.550,95.409
60.678,137.351,24.550,95.409
61.355,136.223,24.550,95.409
59.776,134.643,24.550,95.409
62.709,133.966,24.550,95.409
63.837,131.936,24.550,95.409
64.514,130.357,24.550,95.409
65.880,127.663,25.093,97.520
64.266,126.049,25.093,97.520
66.803,125.357,25.093,97.520
66.111,123.282,25.093,97.520
68.186,121.206,25.093,97.520
69.801,119.131,25.093,97.520
69.570,116.594,25.093,97.520
71.645,113.597,25.093,97.520
71.876,111.060,25.093,97.520
72.568,109.446,25.093,97.520
70.954,106.909,25.093,97.520
73.490,104.834,25.093,97.520
74.182,102.297,25.093,97.520
74.413,99.761,25.093,97.520
76.488,97.685,25.093,97.520
74.413,95.149,25.093,97.520
76.949,93.535,25.093,97.520
75.796,90.537,25.093,97.520
76.949,88.923,25.093,97.520
78.346,86.648,25.648,99.678
75.862,84.322,26.216,101.883
78.512,83.600,26.216,101.883
79.716,80.468,26.216,101.883
77.548,78.299,26.216,101.883
80.382,74.974,25.657,99.711
82.032,70.494,25.657,99.711
80.853,70.258,25.657,99.711
82.975,69.551,25.657,99.711
83.683,69.315,25.657,99.711
86.001,73.333,25.109,97.584
88.271,73.706,24.574,95.503
89.400,74.835,24.574,95.503
87.819,73.706,24.574,95.503
89.852,73.932,24.574,95.503
87.940,70.767,25.118,97.616
89.556,70.998,25.118,97.616
88.401,69.843,25.118,97.616
90.017,69.151,25.118,97.616
87.940,67.535,25.118,97.616
88.632,66.381,25.118,97.616
87.016,64.765,25.118,97.616
89.094,65.458,25.118,97.616
88.863,64.765,25.118,97.616
89.094,66.381,25.118,97.616
90.710,65.689,25.118,97.616
90.479,68.689,25.118,97.616
92.556,68.458,25.118,97.616
93.249,71.921,25.118,97.616
94.864,71.228,25.118,97.616
95.784,71.825,25.673,99.776
95.076,72.061,25.673,99.776
96.942,76.990,25.126,97.648
98.096,78.145,25.126,97.648
99.713,81.147,25.126,97.648
101.329,83.225,25.126,97.648
102.945,85.765,25.126,97.648
104.561,87.381,25.126,97.648
106.832,90.425,24.590,95.566
108.866,92.911,24.590,95.566
106.832,90.877,24.590,95.566
109.926,92.985,24.066,93.528
110.589,94.091,24.066,93.528
108.157,95.197,24.066,93.528
106.069,98.112,23.552,91.533
109.032,102.218,23.050,89.581
107.440,101.744,22.559,87.671
108.062,104.853,22.559,87.671
120.293,140.303,22.559,87.671
122.409,142.989,23.058,89.611
122.043,142.924,22.566,87.700
123.079,144.375,22.566,87.700
124.531,144.583,22.566,87.700
123.494,145.205,22.566,87.700
125.611,144.450,23.065,89.640
125.244,146.836,22.573,87.729
126.696,147.458,22.573,87.729
127.734,148.495,22.573,87.729
127.111,148.288,22.573,87.729
128.563,147.250,22.573,87.729
127.404,146.786,22.092,85.858
127.607,147.801,22.092,85.858
128.837,148.326,22.581,87.757
129.234,148.862,23.080,89.699
128.318,149.850,23.591,91.683
122.884,110.824,24.113,93.712
121.333,109.273,24.113,93.712
123.770,112.153,24.113,93.712
124.435,111.489,24.113,93.712
124.657,111.710,24.113,93.712
123.549,110.159,24.113,93.712
124.213,112.153,24.113,93.712
126.651,112.375,24.113,93.712
127.316,113.040,24.113,93.712
127.980,115.477,24.113,93.712
129.975,116.142,24.113,93.712
128.424,115.920,24.113,93.712
130.861,117.028,24.113,93.712
131.526,116.807,24.113,93.712
130.418,116.585,24.113,93.712
132.855,118.136,24.113,93.712
131.304,116.585,24.113,93.712
132.412,118.580,24.113,93.712
133.077,117.915,24.113,93.712
130.640,118.136,24.113,93.712
130.861,119.687,24.113,93.712
130.196,118.136,24.113,93.712
130.861,117.915,24.113,93.712
128.867,116.364,24.113,93.712
129.088,117.028,24.113,93.712
129.753,115.920,24.113,93.712
127.316,116.142,24.113,93.712
129.310,117.250,24.113,93.712
128.645,116.142,24.113,93.712
127.980,115.920,24.113,93.712
129.975,115.256,24.113,93.712
128.867,115.920,24.113,93.712
130.861,115.699,24.113,93.712
131.083,115.034,24.113,93.712
131.747,116.585,24.113,93.712
132.412,118.136,24.113,93.712
133.520,117.472,24.113,93.712
131.969,117.250,24.113,93.712
133.077,118.358,24.113,93.712
134.628,119.023,24.113,93.712
133.077,117.915,24.113,93.712
134.628,120.352,24.113,93.712
135.736,120.131,24.113,93.712
133.742,120.795,24.113,93.712
136.179,120.131,24.113,93.712
137.287,120.795,24.113,93.712
137.066,120.574,24.113,93.712
138.617,122.125,24.113,93.712
137.066,120.131,24.113,93.712
138.617,121.239,24.113,93.712
137.066,120.574,24.113,93.712
138.617,121.239,24.113,93.712
