57.000,21.000,31.000,45.000
57.447,20.255,31.000,45.000
58.192,19.510,31.000,45.000
59.235,19.659,31.000,45.000
61.171,18.021,31.000,45.000
64.002,16.084,31.000,45.000
65.938,14.445,31.000,45.000
69.662,15.190,31.000,45.000
72.493,15.637,31.000,45.000
75.323,16.382,31.000,45.000
77.558,17.127,31.000,45.000
79.495,17.872,31.000,45.000
79.941,19.212,31.000,45.000
77.111,19.957,31.000,45.000
70.109,20.106,31.000,45.000
63.406,18.170,31.000,45.000
57.298,17.425,31.000,45.000
53.276,16.978,31.000,45.000
48.062,16.829,31.000,45.000
41.656,16.680,31.000,45.000
37.634,18.319,31.000,45.000
30.930,18.765,31.000,45.000
25.716,19.212,31.000,45.000
22.886,18.467,31.000,45.000
20.055,19.212,31.000,45.000
17.821,20.255,31.000,45.000
20.353,20.702,31.000,45.000
20.800,19.957,31.000,45.000
20.949,20.106,31.000,45.000
20.502,19.361,31.000,45.000
18.864,20.404,31.000,45.000
18.119,21.447,31.000,45.000
17.374,22.788,31.000,45.000
19.858,22.837,30.339,44.040
22.009,22.885,29.692,43.101
23.578,24.454,29.692,43.101
24.577,24.597,29.692,43.101
26.432,25.025,29.692,43.101
29.999,25.168,29.692,43.101
33.851,26.166,29.692,43.101
37.989,27.736,29.692,43.101
42.412,29.876,29.692,43.101
45.694,31.160,29.692,43.101
47.549,32.159,29.692,43.101
49.119,33.158,29.692,43.101
49.530,35.198,30.349,44.055
50.843,33.885,30.349,44.055
51.264,33.852,31.020,45.030
50.457,31.034,31.707,46.026
51.828,24.482,31.707,46.026
53.199,19.454,31.707,46.026
52.437,17.778,31.707,46.026
53.809,15.797,31.707,46.026
54.875,14.426,31.707,46.026
55.942,13.664,31.707,46.026
57.313,15.950,31.707,46.026
58.973,19.231,31.031,45.044
60.022,23.017,30.369,44.084
61.331,23.346,29.721,43.144
62.887,24.219,29.087,42.224
64.409,24.265,28.467,41.323
66.427,24.310,27.860,40.442
68.402,24.354,27.266,39.579
69.071,24.145,26.684,38.735
71.210,24.187,26.115,37.909
70.641,24.954,25.558,37.101
69.375,24.758,25.013,36.310
66.282,25.724,24.480,35.535
62.121,27.577,23.958,34.778
59.933,28.153,23.958,34.778
60.965,27.969,23.447,34.036
60.853,28.983,23.447,34.036
62.080,27.934,22.947,33.310
62.411,28.485,22.947,33.310
63.624,29.037,22.947,33.310
64.616,28.265,22.947,33.310
64.727,28.596,22.947,33.310
64.396,29.147,22.947,33.310
63.403,28.154,22.947,33.310
62.411,28.265,22.947,33.310
61.128,28.697,23.455,34.047
59.437,28.134,23.455,34.047
57.521,27.570,23.455,34.047
55.975,28.714,23.974,34.800
54.395,29.165,24.504,35.570
52.291,29.627,25.046,36.357
50.727,28.544,25.046,36.357
48.577,28.766,25.600,37.162
46.731,27.413,25.600,37.162
46.116,28.028,25.600,37.162
45.255,26.428,25.600,37.162
44.886,24.583,25.600,37.162
45.241,25.321,26.167,37.984
46.624,26.201,26.167,37.984
47.756,26.830,26.167,37.984
48.384,25.949,26.167,37.984
49.013,25.572,26.167,37.984
47.630,23.938,26.167,37.984
46.498,24.566,26.167,37.984
47.127,25.195,26.167,37.984
49.265,26.327,26.167,37.984
51.905,26.955,26.167,37.984
55.049,25.572,26.167,37.984
57.187,25.698,26.167,37.984
60.079,25.824,26.167,37.984
62.719,25.195,26.167,37.984
66.366,25.572,26.167,37.984
69.338,26.065,26.746,38.824
67.575,27.636,27.337,39.683
69.020,28.556,27.337,39.683
70.991,28.950,27.337,39.683
68.495,27.242,27.337,39.683
68.101,27.636,27.337,39.683
65.079,27.767,27.337,39.683
62.058,26.322,27.337,39.683
60.613,26.716,27.337,39.683
61.795,25.271,27.337,39.683
62.715,26.191,27.337,39.683
63.371,25.271,27.337,39.683
64.291,25.665,27.337,39.683
65.211,24.483,27.337,39.683
66.130,25.403,27.337,39.683
61.269,24.483,27.337,39.683
57.985,23.563,27.337,39.683
55.752,23.432,27.337,39.683
55.883,21.987,27.337,39.683
54.175,20.279,27.337,39.683
54.044,19.097,27.337,39.683
53.913,17.652,27.337,39.683
54.832,22.775,27.337,39.683
54.964,25.271,27.337,39.683
55.621,28.556,27.337,39.683
57.328,30.526,27.337,39.683
57.722,31.971,27.337,39.683
58.905,32.891,27.337,39.683
60.087,34.073,27.337,39.683
62.058,34.730,27.337,39.683
63.240,35.387,27.337,39.683
64.160,37.095,27.337,39.683
64.554,37.751,27.337,39.683
64.160,37.883,27.337,39.683
59.299,38.540,27.337,39.683
57.066,40.510,27.337,39.683
55.358,37.489,27.337,39.683
55.752,33.416,27.337,39.683
56.934,30.657,27.337,39.683
57.854,29.475,27.337,39.683
58.773,30.132,27.337,39.683
60.218,30.263,27.337,39.683
59.299,31.183,27.337,39.683
59.210,26.161,26.754,38.837
57.539,23.204,26.754,38.837
56.709,23.247,26.184,38.009
56.583,24.379,26.184,38.009
56.961,24.757,26.184,38.009
57.846,24.070,25.626,37.198
57.526,25.060,25.079,36.405
56.441,25.181,25.079,36.405
56.128,26.150,24.544,35.629
55.302,25.796,24.544,35.629
53.769,25.678,24.544,35.629
52.472,26.975,24.544,35.629
51.938,25.877,24.021,34.869
50.668,26.686,24.021,34.869
49.398,26.108,24.021,34.869
49.283,25.531,24.021,34.869
48.013,26.108,24.021,34.869
46.743,25.300,24.021,34.869
45.473,25.877,24.021,34.869
45.127,26.455,24.021,34.869
43.857,26.108,24.021,34.869
43.973,26.455,24.021,34.869
46.166,27.032,24.021,34.869
51.591,28.071,24.021,34.869
56.187,28.109,23.509,34.125
57.655,28.448,23.509,34.125
59.104,30.009,23.007,33.398
58.046,29.984,23.516,34.137
52.283,27.611,23.516,34.137
49.560,27.585,24.037,34.892
48.521,26.545,24.037,34.892
49.094,26.998,24.568,35.664
50.156,25.227,24.568,35.664
55.469,25.818,24.568,35.664
58.657,23.810,24.568,35.664
58.998,24.028,25.112,36.453
58.845,26.254,25.668,37.259
60.481,26.738,26.235,38.084
62.120,24.595,26.235,38.084
63.506,22.956,26.235,38.084
64.389,21.821,26.235,38.084
64.767,21.443,26.235,38.084
64.608,21.676,26.816,38.926
62.675,20.516,26.816,38.926
60.640,21.021,27.409,39.788
58.560,21.264,28.016,40.668
56.714,24.027,28.636,41.568
55.398,24.852,29.269,42.487
57.226,23.586,29.269,42.487
56.173,24.138,29.917,43.427
55.096,24.701,30.579,44.388
53.691,25.887,31.255,45.370
54.747,26.788,31.947,46.374
52.323,24.523,32.653,47.400
49.195,24.812,33.376,48.449
41.015,22.727,33.376,48.449
36.153,23.356,34.114,49.521
37.628,23.848,34.114,49.521
42.054,24.012,34.114,49.521
44.841,22.209,34.114,49.521
45.333,22.700,34.114,49.521
42.874,20.569,34.114,49.521
43.694,21.717,34.114,49.521
42.874,23.520,34.114,49.521
44.028,25.154,33.387,48.465
45.466,27.063,32.675,47.431
46.880,27.534,32.675,47.431
48.607,27.691,32.675,47.431
50.334,25.335,32.675,47.431
51.747,23.922,32.675,47.431
55.359,24.079,32.675,47.431
57.086,22.666,32.675,47.431
60.471,23.608,33.398,48.481
62.237,21.521,33.398,48.481
63.033,21.484,34.137,49.553
63.166,21.447,34.892,50.650
63.333,20.273,34.892,50.650
63.501,20.441,34.892,50.650
62.593,21.098,35.664,51.770
61.736,21.270,35.664,51.770
60.194,19.384,35.664,51.770
58.994,20.241,35.664,51.770
61.908,20.413,35.664,51.770
64.821,21.270,35.664,51.770
61.565,21.441,35.664,51.770
57.623,21.955,35.664,51.770
53.338,22.812,35.664,51.770
52.824,21.270,35.664,51.770
54.367,17.328,35.664,51.770
55.909,13.729,35.664,51.770
59.165,10.472,35.664,51.770
61.393,7.902,35.664,51.770
64.252,7.297,34.903,50.666
62.845,8.969,34.159,49.586
61.153,10.606,33.431,48.528
59.496,11.278,32.718,47.494
59.694,11.936,32.020,46.481
56.624,12.876,31.337,45.489
53.910,13.216,30.669,44.519
50.970,14.117,30.015,43.570
48.926,14.443,29.375,42.641
51.280,16.938,28.748,41.732
52.253,18.848,28.135,40.842
54.247,20.196,27.535,39.971
55.688,20.749,26.948,39.118
56.600,19.793,26.373,38.284
58.247,20.427,26.373,38.284
59.641,19.286,26.373,38.284
61.289,18.906,26.373,38.284
62.683,18.019,26.373,38.284
64.077,17.385,26.373,38.284
62.937,17.766,26.373,38.284
61.036,16.878,26.373,38.284
61.162,15.231,26.373,38.284
63.570,17.132,26.373,38.284
66.232,19.540,26.373,38.284
68.640,22.455,26.373,38.284
67.499,23.089,26.373,38.284
65.091,22.201,26.373,38.284
59.895,22.835,26.373,38.284
57.233,22.708,26.373,38.284
55.586,22.582,26.373,38.284
54.445,22.201,26.373,38.284
53.305,22.328,26.373,38.284
52.164,22.455,26.373,38.284
51.277,22.582,26.373,38.284
51.404,21.948,26.373,38.284
52.291,20.807,26.373,38.284
53.178,21.694,26.373,38.284
54.825,20.554,26.373,38.284
55.966,20.681,26.373,38.284
57.107,19.793,26.373,38.284
58.247,20.427,26.373,38.284
59.641,23.595,26.373,38.284
61.036,28.031,26.373,38.284
62.176,27.144,26.373,38.284
63.317,28.031,26.373,38.284
64.711,27.398,26.373,38.284
66.105,28.031,26.373,38.284
63.951,27.144,26.373,38.284
62.556,28.031,26.373,38.284
64.964,27.651,26.373,38.284
66.612,28.285,26.373,38.284
66.739,27.144,26.373,38.284
67.626,27.524,26.373,38.284
65.978,27.651,26.373,38.284
64.183,27.204,25.811,37.468
61.826,28.320,25.811,37.468
60.547,28.122,25.261,36.669
61.640,29.215,25.261,36.669
62.975,28.608,25.261,36.669
63.829,29.818,24.722,35.887
62.998,30.412,24.722,35.887
64.305,29.343,24.722,35.887
64.899,29.937,24.722,35.887
62.641,30.531,24.722,35.887
60.384,30.174,24.722,35.887
58.840,31.006,24.722,35.887
60.134,29.671,24.195,35.121
61.413,27.462,24.195,35.121
62.679,28.397,23.679,34.372
64.159,24.186,23.679,34.372
65.179,22.250,23.174,33.639
63.731,20.579,23.174,33.639
62.368,18.684,22.680,32.922
57.900,17.485,22.680,32.922
53.431,18.466,22.680,32.922
51.797,18.139,22.680,32.922
49.290,19.774,22.680,32.922
46.565,23.588,22.680,32.922
42.097,24.787,22.680,32.922
38.064,25.986,22.680,32.922
35.776,27.185,22.680,32.922
33.923,28.384,22.680,32.922
34.904,29.801,22.680,32.922
36.320,30.781,22.680,32.922
38.609,31.544,22.680,32.922
40.898,30.999,22.680,32.922
41.455,31.456,22.196,32.220
41.562,32.202,22.196,32.220
42.095,31.456,22.196,32.220
41.988,31.776,22.196,32.220
45.508,29.749,22.196,32.220
49.455,27.936,22.196,32.220
53.401,26.336,22.196,32.220
57.774,25.376,22.196,32.220
59.801,26.336,22.196,32.220
61.827,25.376,22.196,32.220
62.787,25.482,22.196,32.220
63.961,23.882,22.196,32.220
62.055,24.301,22.687,32.933
63.048,22.240,23.189,33.661
61.600,21.683,23.189,33.661
60.151,20.234,23.189,33.661
54.468,19.008,23.189,33.661
48.339,19.342,23.189,33.661
43.993,18.785,23.189,33.661
38.756,17.114,23.189,33.661
33.964,19.231,23.189,33.661
31.178,17.782,23.189,33.661
29.729,16.779,23.189,33.661
30.955,15.999,23.189,33.661
32.850,16.334,23.189,33.661
35.021,17.927,23.702,34.406
36.768,19.082,24.226,35.167
35.654,18.814,24.762,35.946
35.010,17.799,25.310,36.741
36.875,18.276,25.870,37.554
39.237,16.411,25.870,37.554
40.628,17.157,26.443,38.385
40.731,16.864,27.028,39.234
41.375,16.026,27.626,40.102
40.381,15.995,28.237,40.989
39.364,15.964,28.862,41.896
40.613,15.271,28.862,41.896
42.138,16.241,28.862,41.896
42.554,19.431,28.862,41.896
42.971,22.067,28.862,41.896
42.554,22.760,28.862,41.896
44.080,24.286,28.862,41.896
45.051,24.424,28.862,41.896
46.577,25.118,28.862,41.896
48.102,25.257,28.862,41.896
51.015,25.673,28.862,41.896
52.540,26.366,28.862,41.896
54.343,25.950,28.862,41.896
55.869,25.811,28.862,41.896
57.395,24.840,28.862,41.896
59.753,24.424,28.862,41.896
62.388,22.344,28.862,41.896
65.300,20.818,28.862,41.896
67.658,18.461,28.862,41.896
66.410,15.271,28.862,41.896
64.052,7.365,28.862,41.896
61.140,0.846,28.862,41.896
58.374,-1.776,29.500,42.823
56.136,-0.631,30.153,43.770
54.542,6.758,30.153,43.770
52.948,18.785,30.153,43.770
52.513,31.391,30.153,43.770
51.499,37.912,30.153,43.770
51.354,38.926,30.153,43.770
52.368,38.781,30.153,43.770
52.803,37.187,30.153,43.770
52.948,34.144,30.153,43.770
53.672,31.681,30.153,43.770
53.238,27.479,30.153,43.770
53.383,26.175,30.153,43.770
52.368,25.161,30.153,43.770
51.354,25.306,30.153,43.770
50.050,25.450,30.153,43.770
49.325,25.885,30.153,43.770
49.760,25.450,30.153,43.770
48.746,26.465,30.153,43.770
48.311,26.899,30.153,43.770
49.036,26.175,30.153,43.770
48.601,27.189,30.153,43.770
48.166,27.044,30.153,43.770
48.891,26.899,30.153,43.770
48.166,27.334,30.153,43.770
48.021,27.769,30.153,43.770
48.203,26.699,29.510,42.837
47.778,27.408,29.510,42.837
47.069,28.117,29.510,42.837
47.494,27.408,29.510,42.837
46.501,28.117,29.510,42.837
46.643,27.692,29.510,42.837
46.785,27.267,29.510,42.837
46.927,27.692,29.510,42.837
47.378,26.919,28.881,41.924
46.684,27.057,28.881,41.924
48.196,27.103,28.265,41.029
48.060,27.511,28.265,41.029
47.924,26.560,28.265,41.029
49.404,27.390,27.662,40.155
49.803,27.789,27.662,40.155
49.404,26.858,27.662,40.155
50.600,26.991,27.662,40.155
51.797,26.327,27.662,40.155
51.398,26.459,27.662,40.155
52.063,25.263,27.662,40.155
51.664,25.662,27.662,40.155
51.797,24.731,27.662,40.155
50.600,24.333,27.662,40.155
50.202,24.731,27.662,40.155
49.537,24.598,27.662,40.155
50.733,24.731,27.662,40.155
49.738,25.804,28.274,41.043
50.689,24.310,28.274,41.043
50.010,24.446,28.274,41.043
49.058,24.581,28.274,41.043
49.194,24.174,28.274,41.043
49.058,25.668,28.274,41.043
49.194,24.989,28.274,41.043
48.787,25.668,28.274,41.043
49.466,24.989,28.274,41.043
49.058,25.668,28.274,41.043
48.379,24.989,28.274,41.043
49.058,25.668,28.274,41.043
48.923,24.717,28.274,41.043
49.058,24.853,28.274,41.043
49.466,24.446,28.274,41.043
50.417,24.853,28.274,41.043
51.096,23.902,28.274,41.043
51.504,24.581,28.274,41.043
51.050,25.678,28.900,41.951
50.634,24.706,28.900,41.951
52.439,24.011,28.900,41.951
52.300,24.706,28.900,41.951
52.995,24.567,28.900,41.951
54.245,23.873,28.900,41.951
53.550,24.567,28.900,41.951
53.967,24.428,28.900,41.951
54.661,25.400,28.900,41.951
54.300,24.643,28.283,41.056
54.708,24.779,28.283,41.056
54.844,24.915,28.283,41.056
54.708,25.322,28.283,41.056
54.572,26.002,28.283,41.056
54.164,25.866,28.283,41.056
53.756,25.730,28.283,41.056
54.436,25.594,28.283,41.056
53.136,26.127,28.909,41.965
53.553,25.710,28.909,41.965
53.969,25.294,28.909,41.965
54.664,25.988,28.909,41.965
53.969,25.571,28.909,41.965
54.386,24.877,28.909,41.965
53.414,25.571,28.909,41.965
53.553,25.155,28.909,41.965
53.414,25.849,28.909,41.965
52.997,25.433,28.909,41.965
53.414,26.127,28.909,41.965
52.719,25.710,28.909,41.965
53.136,25.294,28.909,41.965
52.163,25.988,28.909,41.965
52.302,25.571,28.909,41.965
52.163,25.155,28.909,41.965
52.025,25.849,28.909,41.965
53.275,25.155,28.909,41.965
52.302,25.849,28.909,41.965
52.415,26.106,29.549,42.893
51.989,25.396,29.549,42.893
52.983,25.822,29.549,42.893
53.409,24.828,29.549,42.893
52.699,25.254,29.549,42.893
53.409,25.680,29.549,42.893
53.267,24.970,29.549,42.893
53.125,25.396,29.549,42.893
54.403,25.822,29.549,42.893
