326.000,414.000,15.000,42.000
326.981,416.289,15.000,42.000
326.872,415.526,15.000,42.000
326.327,415.853,15.000,42.000
326.000,415.744,15.000,42.000
325.237,416.507,15.000,42.000
324.474,417.706,15.000,42.000
323.057,419.124,15.000,42.000
320.549,419.451,15.000,42.000
318.914,419.560,15.000,42.000
318.805,419.669,15.000,42.000
316.734,420.432,15.000,42.000
315.535,420.105,15.000,42.000
314.990,420.650,15.000,42.000
316.189,421.849,15.000,42.000
316.080,422.612,15.000,42.000
316.407,423.593,15.000,42.000
317.170,423.048,15.000,42.000
317.279,422.285,15.000,42.000
318.042,422.830,15.000,42.000
317.279,423.811,15.000,42.000
316.080,424.574,15.000,42.000
317.497,423.157,15.000,42.000
318.914,423.484,15.000,42.000
318.587,424.247,15.000,42.000
318.260,425.010,15.000,42.000
319.677,426.427,15.000,42.000
322.621,428.717,15.000,42.000
324.038,432.750,15.000,42.000
322.839,433.731,15.000,42.000
321.857,431.660,15.000,42.000
320.876,430.025,15.000,42.000
321.203,428.608,15.000,42.000
321.094,427.408,15.000,42.000
320.331,426.427,15.000,42.000
319.132,427.408,15.000,42.000
316.625,428.608,15.000,42.000
314.990,430.461,15.000,42.000
314.445,434.058,15.000,42.000
314.118,436.784,15.000,42.000
312.918,440.817,15.000,42.000
311.937,442.016,15.000,42.000
309.430,440.381,15.000,42.000
308.667,437.874,15.000,42.000
309.212,435.802,15.000,42.000
308.013,433.295,15.000,42.000
304.197,431.006,15.000,42.000
300.382,426.100,15.000,42.000
300.927,424.683,15.000,42.000
299.074,425.664,15.000,42.000
298.747,426.645,15.000,42.000
301.254,428.717,15.000,42.000
301.363,429.262,15.000,42.000
300.818,427.626,15.000,42.000
298.965,428.172,15.000,42.000
298.638,426.318,15.000,42.000
296.785,427.517,15.000,42.000
294.059,428.281,15.000,42.000
293.078,426.427,15.000,42.000
292.533,424.574,15.000,42.000
290.462,425.773,15.000,42.000
287.737,421.304,15.000,42.000
286.756,419.451,15.000,42.000
285.992,418.251,15.000,42.000
285.665,419.015,15.000,42.000
284.902,419.778,15.000,42.000
286.101,421.195,15.000,42.000
288.391,422.612,15.000,42.000
288.718,423.593,15.000,42.000
288.827,423.702,15.000,42.000
288.936,422.721,15.000,42.000
289.045,423.702,15.000,42.000
288.718,422.285,15.000,42.000
287.301,420.868,15.000,42.000
287.192,419.233,15.000,42.000
287.301,417.161,15.000,42.000
286.101,415.090,15.000,42.000
285.992,413.237,15.000,42.000
285.229,411.166,15.000,42.000
284.466,408.440,15.000,42.000
283.485,405.715,15.000,42.000
282.940,401.027,15.000,42.000
281.959,395.904,15.000,42.000
281.414,393.397,15.000,42.000
280.869,388.709,15.000,42.000
279.234,387.074,15.000,42.000
279.343,385.439,15.000,42.000
279.234,384.458,15.000,42.000
278.034,382.168,15.000,42.000
277.925,379.879,15.000,42.000
277.816,380.642,15.000,42.000
277.925,379.007,15.000,42.000
279.561,377.808,15.000,42.000
279.670,379.007,15.000,42.000
279.779,379.552,15.000,42.000
280.106,380.969,15.000,42.000
280.433,382.604,15.000,42.000
280.542,383.804,15.000,42.000
279.779,385.875,15.000,42.000
280.106,387.510,15.000,42.000
279.779,386.965,15.000,42.000
279.452,387.946,15.000,42.000
279.343,388.491,15.000,42.000
278.143,387.074,15.000,42.000
276.726,387.837,15.000,42.000
274.001,388.600,15.000,42.000
273.456,386.747,15.000,42.000
269.859,387.074,15.000,42.000
266.915,387.401,15.000,42.000
265.716,385.766,15.000,42.000
263.427,386.529,15.000,42.000
263.972,387.510,15.000,42.000
262.991,388.273,15.000,42.000
262.882,388.600,15.000,42.000
261.901,389.145,15.000,42.000
262.664,387.946,15.000,42.000
262.119,388.927,15.000,42.000
261.792,389.908,15.000,42.000
261.247,390.453,15.000,42.000
261.138,391.434,15.000,42.000
260.593,390.671,15.000,42.000
260.047,392.307,15.000,42.000
259.720,390.889,15.000,42.000
259.565,392.493,14.680,41.104
260.525,393.667,14.680,41.104
261.912,395.480,14.680,41.104
262.019,397.294,14.680,41.104
262.979,399.534,14.680,41.104
262.872,400.708,14.680,41.104
262.766,402.095,14.680,41.104
263.299,403.695,14.680,41.104
263.619,404.442,14.680,41.104
263.939,405.829,14.680,41.104
262.979,404.442,14.680,41.104
263.299,405.829,14.680,41.104
263.833,404.015,14.680,41.104
263.299,399.428,14.680,41.104
264.046,398.041,14.680,41.104
263.299,396.654,14.680,41.104
262.979,397.187,14.680,41.104
261.806,398.574,14.680,41.104
260.632,399.321,14.680,41.104
261.379,400.281,14.680,41.104
260.845,399.108,14.680,41.104
259.458,400.068,14.680,41.104
259.779,399.108,14.680,41.104
259.032,398.148,14.680,41.104
258.498,396.547,14.680,41.104
257.325,395.160,14.680,41.104
256.151,396.547,14.680,41.104
253.737,398.528,14.367,40.228
251.962,397.588,14.367,40.228
250.187,396.440,14.367,40.228
247.785,394.665,14.367,40.228
245.175,389.757,14.367,40.228
241.521,384.850,14.367,40.228
240.163,382.448,14.367,40.228
237.971,383.597,14.367,40.228
237.866,388.296,14.367,40.228
236.091,392.368,14.367,40.228
235.569,394.143,14.367,40.228
238.388,398.424,14.367,40.228
245.175,403.122,14.367,40.228
251.753,405.106,14.367,40.228
258.958,407.299,14.367,40.228
266.997,406.359,14.367,40.228
275.246,404.584,14.367,40.228
279.736,405.732,14.367,40.228
279.005,404.166,14.367,40.228
276.186,399.676,14.367,40.228
277.125,392.681,14.367,40.228
276.812,387.773,14.367,40.228
272.531,389.548,14.367,40.228
264.935,394.506,14.061,39.370
254.152,398.570,13.761,38.530
244.252,399.270,13.761,38.530
239.752,398.170,13.761,38.530
235.651,394.470,13.761,38.530
230.496,390.350,13.467,37.709
225.113,391.623,13.467,37.709
220.122,396.027,13.467,37.709
216.305,398.474,13.467,37.709
211.900,399.550,13.467,37.709
207.496,398.670,13.467,37.709
203.483,397.201,13.467,37.709
199.862,399.453,13.467,37.709
195.458,400.529,13.467,37.709
193.431,401.780,13.180,36.905
192.186,402.834,13.180,36.905
189.649,404.797,12.899,36.118
188.974,409.067,12.624,35.347
188.136,410.947,12.355,34.594
187.866,412.474,12.355,34.594
189.213,412.204,12.355,34.594
190.739,411.935,12.355,34.594
191.907,413.821,12.355,34.594
195.229,415.168,12.355,34.594
198.910,413.462,12.355,34.594
201.873,407.446,12.355,34.594
204.118,403.764,12.355,34.594
207.799,399.365,12.355,34.594
209.505,397.838,12.355,34.594
211.032,398.826,12.355,34.594
214.533,399.993,12.355,34.594
218.215,403.315,12.355,34.594
221.896,404.124,12.355,34.594
222.884,404.752,12.355,34.594
224.231,403.405,12.355,34.594
223.422,402.238,12.355,34.594
218.664,402.328,12.355,34.594
214.444,406.189,12.355,34.594
211.660,412.564,12.355,34.594
210.313,414.988,12.355,34.594
210.403,414.000,12.355,34.594
208.338,412.653,12.355,34.594
207.530,412.923,12.355,34.594
208.518,414.090,12.355,34.594
208.966,417.592,12.355,34.594
207.973,419.086,12.091,33.856
209.818,420.404,12.091,33.856
212.367,421.546,12.091,33.856
214.274,421.314,11.834,33.134
214.704,420.196,11.834,33.134
215.478,419.766,11.834,33.134
217.972,421.228,11.834,33.134
219.778,420.798,11.834,33.134
220.208,421.916,11.834,33.134
221.154,424.410,11.834,33.134
222.183,425.561,12.095,33.867
222.975,426.527,12.095,33.867
222.183,429.077,12.095,33.867
223.965,429.523,12.363,34.616
224.414,430.331,12.363,34.616
221.090,432.038,12.363,34.616
219.742,435.543,12.363,34.616
218.020,438.795,12.636,35.382
217.010,442.193,12.636,35.382
215.265,443.203,12.636,35.382
211.500,442.744,12.636,35.382
213.796,444.121,12.636,35.382
214.990,442.744,12.636,35.382
214.163,443.387,12.636,35.382
214.990,443.111,12.636,35.382
213.612,440.632,12.636,35.382
214.623,439.805,12.636,35.382
213.612,439.162,12.636,35.382
213.704,438.703,12.636,35.382
214.163,440.999,12.636,35.382
216.092,442.560,12.636,35.382
217.653,444.672,12.636,35.382
219.398,446.785,12.636,35.382
221.510,448.897,12.636,35.382
224.908,449.907,12.636,35.382
226.960,452.279,12.916,36.165
228.931,451.997,12.916,36.165
231.223,454.032,13.202,36.965
232.662,456.814,13.202,36.965
232.374,451.921,13.202,36.965
230.935,451.058,13.202,36.965
229.304,450.770,13.202,36.965
227.067,451.456,13.494,37.783
224.812,452.731,13.494,37.783
220.791,453.417,13.494,37.783
221.558,454.322,13.792,38.619
224.213,454.830,14.098,39.473
222.250,456.413,14.410,40.347
220.470,455.262,14.410,40.347
216.804,459.136,14.410,40.347
215.884,459.016,14.728,41.239
217.062,460.835,14.728,41.239
216.741,461.157,14.728,41.239
214.493,465.759,14.728,41.239
211.603,464.154,14.728,41.239
206.786,474.964,14.728,41.239
204.324,474.643,14.728,41.239
202.077,470.683,14.728,41.239
202.612,468.649,14.728,41.239
203.361,464.689,14.728,41.239
205.609,449.811,14.728,41.239
208.071,448.847,14.728,41.239
210.104,448.098,14.728,41.239
212.138,447.777,14.728,41.239
213.744,448.740,14.728,41.239
212.780,449.061,14.728,41.239
213.530,450.025,14.728,41.239
214.279,449.918,14.728,41.239
212.673,451.951,14.728,41.239
200.364,465.973,14.728,41.239
189.339,471.004,14.728,41.239
188.804,475.179,14.728,41.239
185.144,477.166,14.414,40.360
184.994,478.707,14.107,39.499
180.303,483.377,13.806,38.657
172.376,482.675,13.806,38.657
169.467,483.377,13.806,38.657
167.962,485.484,13.806,38.657
168.664,488.996,13.806,38.657
169.968,492.307,13.806,38.657
169.245,495.330,13.512,37.832
172.289,497.785,13.512,37.832
175.746,499.608,13.223,37.026
181.537,501.022,12.941,36.236
181.255,496.790,12.941,36.236
183.230,496.319,12.941,36.236
185.393,501.116,12.941,36.236
185.299,504.784,12.941,36.236
185.582,508.076,12.941,36.236
186.804,509.863,12.941,36.236
185.770,509.016,12.941,36.236
188.685,510.615,12.941,36.236
187.651,509.016,12.941,36.236
185.299,504.596,12.941,36.236
181.631,498.482,12.941,36.236
174.201,488.795,12.941,36.236
170.909,484.186,12.941,36.236
172.320,480.330,12.941,36.236
172.226,475.534,12.941,36.236
179.844,477.321,12.941,36.236
188.591,484.375,12.941,36.236
194.893,483.528,12.941,36.236
200.560,482.373,12.665,35.463
210.409,482.097,12.665,35.463
218.233,488.080,12.665,35.463
223.070,490.321,12.395,34.707
228.566,494.375,12.395,34.707
233.821,497.611,12.131,33.967
238.846,496.288,12.131,33.967
244.108,495.638,12.399,34.718
246.759,494.532,12.135,33.978
250.034,490.899,11.876,33.254
268.878,492.168,11.623,32.544
271.666,488.874,11.623,32.544
273.440,482.708,11.623,32.544
270.314,481.272,11.623,32.544
269.554,481.694,11.623,32.544
269.301,483.130,11.623,32.544
270.399,486.424,11.623,32.544
269.470,486.171,11.623,32.544
266.344,484.904,11.623,32.544
265.415,483.806,11.623,32.544
261.952,484.735,11.623,32.544
259.840,483.975,11.623,32.544
260.431,483.215,11.623,32.544
263.557,479.920,11.623,32.544
267.865,478.653,11.623,32.544
264.401,477.555,11.623,32.544
262.783,477.984,11.880,33.264
263.905,478.933,11.880,33.264
262.783,476.775,11.880,33.264
267.487,472.386,11.627,32.555
268.344,469.231,11.379,31.861
267.434,467.329,11.379,31.861
267.682,467.081,11.379,31.861
268.042,466.544,11.136,31.181
269.904,462.902,11.136,31.181
271.927,457.318,11.136,31.181
275.893,453.838,11.136,31.181
278.078,452.624,11.136,31.181
277.673,448.982,11.136,31.181
275.650,447.282,11.136,31.181
275.407,445.906,11.136,31.181
278.256,447.097,10.899,30.516
278.602,449.331,10.666,29.866
277.921,449.724,10.902,30.526
277.060,449.140,11.143,31.202
276.493,451.165,11.143,31.202
273.983,456.591,11.143,31.202
273.740,462.179,11.143,31.202
270.257,465.985,11.143,31.202
268.719,469.467,11.143,31.202
266.856,475.217,11.143,31.202
264.993,479.024,11.143,31.202
266.046,480.562,11.143,31.202
269.852,483.721,11.143,31.202
270.095,486.717,11.143,31.202
269.384,485.952,11.390,31.892
272.951,483.796,11.642,32.598
277.435,483.203,11.642,32.598
283.023,479.392,11.394,31.903
287.081,480.468,11.394,31.903
287.761,482.325,11.151,31.222
286.869,485.810,11.151,31.222
287.437,489.294,11.151,31.222
286.221,492.293,11.151,31.222
281.764,493.994,11.151,31.222
281.035,494.886,11.151,31.222
282.412,495.939,11.151,31.222
280.872,496.993,11.151,31.222
279.009,498.857,11.151,31.222
279.414,502.179,11.151,31.222
277.064,503.395,11.151,31.222
276.011,503.181,10.913,30.556
275.773,504.212,10.913,30.556
273.632,503.340,10.913,30.556
273.870,504.529,10.913,30.556
277.756,504.608,10.913,30.556
278.945,505.005,10.913,30.556
277.914,506.036,10.913,30.556
279.104,508.653,10.913,30.556
280.294,514.284,10.913,30.556
284.369,512.548,11.154,31.233
286.072,513.115,11.154,31.233
280.818,510.667,11.401,31.924
277.511,506.617,11.654,32.630
273.955,501.599,11.911,33.352
269.367,497.704,11.911,33.352
264.606,489.307,11.911,33.352
257.768,485.758,11.911,33.352
254.045,476.668,11.911,33.352
257.416,466.869,12.175,34.090
258.213,463.418,12.175,34.090
259.717,462.445,12.175,34.090
263.698,458.817,12.175,34.090
262.921,457.981,12.444,34.844
264.278,462.232,12.444,34.844
266.358,463.769,12.444,34.844
266.877,462.915,12.720,35.615
269.326,461.082,13.001,36.403
267.123,434.506,13.289,37.208
267.606,432.671,13.289,37.208
266.930,431.416,13.289,37.208
266.447,429.388,13.289,37.208
268.475,430.450,13.289,37.208
270.310,431.705,13.289,37.208
277.167,439.142,13.289,37.208
282.672,450.055,13.289,37.208
286.631,448.606,13.289,37.208
290.011,449.475,13.289,37.208
289.722,445.902,13.289,37.208
292.136,447.737,13.289,37.208
289.529,444.743,13.289,37.208
283.831,442.522,13.289,37.208
274.077,440.880,13.289,37.208
269.344,436.148,13.289,37.208
267.896,426.007,13.289,37.208
266.833,420.889,13.289,37.208
266.351,418.861,13.289,37.208
265.288,416.640,13.289,37.208
265.964,415.577,13.289,37.208
266.640,418.571,13.289,37.208
264.998,422.144,13.289,37.208
267.027,429.581,13.289,37.208
267.509,432.961,13.289,37.208
269.151,433.637,13.289,37.208
276.781,434.699,13.289,37.208
279.063,435.934,13.005,36.415
280.481,437.540,13.005,36.415
279.063,437.446,13.005,36.415
275.188,431.113,13.005,36.415
273.203,426.860,13.005,36.415
271.786,423.552,13.005,36.415
269.234,419.866,13.005,36.415
265.359,417.881,13.005,36.415
261.294,418.921,13.005,36.415
256.852,417.881,13.005,36.415
251.843,416.842,13.005,36.415
248.429,417.685,12.728,35.638
247.411,418.888,12.728,35.638
246.024,420.460,12.728,35.638
245.931,420.553,12.728,35.638
244.159,419.295,13.010,36.427
242.347,417.028,13.297,37.233
243.604,414.805,13.297,37.233
242.541,411.230,13.297,37.233
242.637,410.360,13.297,37.233
243.894,409.877,13.297,37.233
244.183,411.326,13.297,37.233
242.927,412.003,13.297,37.233
244.763,411.133,13.297,37.233
245.633,410.457,13.297,37.233
247.469,409.587,13.297,37.233
249.305,408.137,13.297,37.233
250.755,409.394,13.297,37.233
251.625,409.877,13.297,37.233
253.847,410.940,13.297,37.233
257.230,412.196,13.297,37.233
261.965,413.646,13.297,37.233
264.381,416.835,13.297,37.233
266.024,418.478,13.297,37.233
267.667,418.768,13.297,37.233
269.503,420.990,13.297,37.233
270.759,422.053,13.297,37.233
272.209,423.696,13.297,37.233
252.784,407.751,13.297,37.233
253.267,409.780,13.297,37.233
254.717,411.616,13.297,37.233
254.620,413.066,13.297,37.233
255.683,415.482,13.297,37.233
256.553,416.931,13.297,37.233
256.788,419.098,13.014,36.439
256.504,420.517,13.014,36.439
256.031,423.449,13.014,36.439
254.424,424.489,13.014,36.439
255.653,424.962,13.014,36.439
256.126,423.922,13.014,36.439
255.275,422.125,13.014,36.439
256.504,418.815,13.014,36.439
255.464,413.802,13.014,36.439
254.235,408.978,13.014,36.439
256.221,407.560,13.014,36.439
256.315,406.330,13.014,36.439
256.788,405.101,13.014,36.439
258.112,404.487,12.736,35.662
259.408,405.134,12.465,34.901
260.404,405.406,12.465,34.901
259.984,404.362,12.740,35.673
261.003,403.529,12.740,35.673
262.021,404.177,12.740,35.673
262.361,404.647,13.022,36.463
261.678,405.857,12.745,35.685
261.956,406.690,12.745,35.685
260.217,407.696,12.473,34.924
259.564,408.330,12.207,34.179
258.056,409.306,12.207,34.179
255.620,410.309,12.477,34.935
253.318,411.145,12.753,35.708
249.147,410.311,12.753,35.708
243.865,410.960,12.753,35.708
236.728,411.794,12.753,35.708
230.518,412.072,12.753,35.708
227.012,411.773,13.035,36.498
223.231,411.074,13.324,37.306
220.423,410.397,13.324,37.306
218.971,409.525,13.324,37.306
217.131,409.428,13.324,37.306
215.097,409.719,13.324,37.306
214.586,410.210,13.039,36.510
214.540,410.494,13.328,37.318
214.091,409.579,13.623,38.144
214.586,409.282,13.623,38.144
213.101,407.797,13.623,38.144
212.197,407.536,13.332,37.330
211.685,407.467,13.048,36.534
212.539,406.424,13.048,36.534
212.952,406.173,12.770,35.755
213.787,406.081,12.770,35.755
214.251,405.802,12.770,35.755
213.973,404.967,12.770,35.755
214.622,404.503,12.770,35.755
213.973,404.039,12.770,35.755
212.952,403.018,12.770,35.755
214.251,403.668,12.497,34.993
214.207,402.432,12.774,35.767
213.557,402.340,12.774,35.767
214.207,402.618,12.774,35.767
214.671,403.454,12.774,35.767
216.064,402.989,12.774,35.767
218.330,402.112,13.057,36.558
219.841,401.679,12.778,35.779
220.182,400.223,13.061,36.570
216.984,396.569,13.350,37.379
209.902,393.173,13.350,37.379
206.835,391.250,13.645,38.206
211.694,387.184,13.645,38.206
194.935,391.250,13.645,38.206
197.414,391.349,13.645,38.206
195.332,390.258,13.645,38.206
193.249,390.159,13.645,38.206
194.340,389.862,13.645,38.206
192.456,389.366,13.645,38.206
190.572,388.672,13.645,38.206
188.886,387.184,13.645,38.206
187.994,388.275,13.645,38.206
192.258,388.176,13.645,38.206
193.349,387.085,13.645,38.206
194.836,384.804,13.645,38.206
196.125,383.317,13.645,38.206
198.208,379.846,13.645,38.206
198.902,378.358,13.645,38.206
201.579,374.689,13.645,38.206
202.869,373.202,13.645,38.206
202.571,371.318,13.645,38.206
202.274,369.433,13.645,38.206
201.381,365.963,13.645,38.206
203.662,364.277,13.645,38.206
206.141,363.186,13.645,38.206
208.223,362.294,13.645,38.206
206.538,361.401,13.645,38.206
205.249,358.129,13.645,38.206
203.761,357.038,13.645,38.206
203.265,355.550,13.645,38.206
199.993,353.666,13.645,38.206
196.919,351.980,13.645,38.206
192.456,350.691,13.645,38.206
186.605,347.220,13.645,38.206
183.135,343.750,13.645,38.206
179.664,341.865,13.645,38.206
177.383,340.180,13.645,38.206
175.895,339.089,13.645,38.206
176.465,336.917,13.947,39.052
175.958,336.005,13.947,39.052
177.276,335.093,13.947,39.052
177.985,334.383,13.947,39.052
180.924,333.876,13.947,39.052
183.458,334.383,13.947,39.052
184.371,335.498,13.947,39.052
185.486,339.248,13.947,39.052
185.384,341.174,13.947,39.052
183.864,342.492,13.947,39.052
183.560,343.404,13.947,39.052
182.850,346.952,13.947,39.052
182.952,348.675,13.947,39.052
182.850,349.790,13.947,39.052
181.938,351.513,13.947,39.052
180.215,352.628,13.947,39.052
178.492,354.756,13.947,39.052
179.810,355.466,13.947,39.052
181.735,356.581,13.947,39.052
181.431,356.074,13.947,39.052
182.459,356.002,13.650,38.219
181.963,355.109,13.650,38.219
182.856,353.820,13.650,38.219
183.947,352.133,13.650,38.219
186.626,351.042,13.650,38.219
186.130,349.951,13.650,38.219
185.237,349.058,13.650,38.219
183.352,348.165,13.650,38.219
184.642,347.669,13.650,38.219
185.457,347.790,13.359,37.404
184.000,347.305,13.359,37.404
183.127,346.819,13.359,37.404
182.835,346.722,13.359,37.404
182.350,346.237,13.359,37.404
181.476,347.499,13.359,37.404
180.797,347.402,13.359,37.404
180.699,347.305,13.359,37.404
180.214,347.402,13.359,37.404
179.729,347.110,13.359,37.404
179.243,347.013,13.359,37.404
179.146,346.916,13.359,37.404
177.496,344.489,13.359,37.404
173.321,341.285,13.359,37.404
169.923,339.247,13.359,37.404
168.661,337.014,13.359,37.404
168.758,338.470,13.359,37.404
170.409,337.985,13.359,37.404
172.253,334.587,13.359,37.404
175.845,330.995,13.359,37.404
176.913,327.597,13.359,37.404
178.564,325.558,13.359,37.404
178.855,324.102,13.359,37.404
178.758,323.811,13.359,37.404
177.690,322.937,13.359,37.404
177.010,321.869,13.359,37.404
176.525,321.189,13.359,37.404
175.651,320.704,13.359,37.404
175.554,319.636,13.359,37.404
176.039,318.374,13.359,37.404
176.137,315.170,13.359,37.404
176.816,313.714,13.359,37.404
176.913,312.646,13.359,37.404
176.039,312.549,13.359,37.404
175.166,311.481,13.359,37.404
175.845,310.413,13.359,37.404
174.777,308.957,13.359,37.404
173.709,307.695,13.359,37.404
174.389,305.268,13.359,37.404
174.098,303.423,13.359,37.404
175.360,299.443,13.359,37.404
174.680,296.239,13.359,37.404
175.166,292.647,13.359,37.404
176.234,288.278,13.359,37.404
177.107,284.104,13.359,37.404
176.816,279.929,13.359,37.404
176.719,275.949,13.359,37.404
176.234,272.551,13.359,37.404
175.942,268.182,13.359,37.404
176.622,263.231,13.359,37.404
177.107,258.668,13.359,37.404
177.787,251.969,13.359,37.404
177.107,245.076,13.359,37.404
178.369,238.572,13.359,37.404
176.912,233.021,13.654,38.231
176.452,224.671,13.956,39.077
175.561,216.557,14.265,39.942
175.458,212.099,14.265,39.942
174.732,207.434,14.265,39.942
176.702,202.561,14.265,39.942
179.878,194.483,14.581,40.826
183.375,190.138,14.581,40.826
185.812,185.794,14.581,40.826
188.249,184.416,14.581,40.826
189.839,182.403,14.581,40.826
191.640,178.906,14.581,40.826
193.230,177.317,14.581,40.826
194.395,175.727,14.581,40.826
195.137,173.926,14.581,40.826
197.574,169.369,14.581,40.826
198.952,164.601,14.581,40.826
201.389,162.588,14.581,40.826
202.343,159.939,14.581,40.826
202.873,156.442,14.581,40.826
203.826,154.428,14.581,40.826
204.356,152.839,14.581,40.826
203.402,151.461,14.581,40.826
204.568,149.660,14.581,40.826
205.522,147.859,14.581,40.826
205.628,146.057,14.581,40.826
205.522,142.137,14.581,40.826
204.780,138.640,14.581,40.826
204.250,136.626,14.581,40.826
203.932,132.494,14.581,40.826
204.462,127.937,14.581,40.826
204.144,123.593,14.581,40.826
205.192,117.754,14.903,41.729
205.517,113.097,14.903,41.729
206.059,108.656,14.903,41.729
206.817,104.216,14.903,41.729
208.875,102.158,14.903,41.729
207.923,99.561,15.233,42.652
205.820,99.008,15.233,42.652
204.602,99.561,15.233,42.652
204.713,99.008,15.233,42.652
