198.000,249.000,95.000,325.000
197.205,241.843,95.000,325.000
196.410,239.458,95.000,325.000
195.614,238.663,95.000,325.000
196.410,239.458,95.000,325.000
198.795,240.253,95.000,325.000
201.181,241.048,95.000,325.000
203.566,243.434,95.000,325.000
207.542,244.229,95.000,325.000
209.928,241.843,95.000,325.000
210.723,241.048,95.000,325.000
214.699,240.253,95.000,325.000
215.494,242.639,95.000,325.000
217.879,245.024,95.000,325.000
217.084,249.000,95.000,325.000
221.060,249.795,95.000,325.000
221.855,247.410,95.000,325.000
225.831,243.434,95.000,325.000
228.217,241.048,95.000,325.000
227.422,235.482,95.000,325.000
223.446,229.916,95.000,325.000
217.879,224.350,95.000,325.000
213.904,220.374,95.000,325.000
210.378,215.953,97.102,332.191
206.314,213.515,97.102,332.191
203.875,211.077,97.102,332.191
203.063,207.013,97.102,332.191
205.501,201.324,97.102,332.191
209.565,202.136,97.102,332.191
215.254,209.451,97.102,332.191
217.693,218.392,97.102,332.191
216.880,227.332,97.102,332.191
214.441,229.770,97.102,332.191
216.880,230.583,97.102,332.191
214.441,233.022,97.102,332.191
216.880,232.209,97.102,332.191
212.816,234.647,97.102,332.191
210.378,230.583,97.102,332.191
212.816,224.894,97.102,332.191
210.378,219.204,97.102,332.191
211.190,213.515,97.102,332.191
212.003,209.451,97.102,332.191
211.190,202.136,97.102,332.191
212.003,193.196,97.102,332.191
217.693,187.506,97.102,332.191
223.382,191.570,97.102,332.191
230.697,190.757,97.102,332.191
229.884,183.443,97.102,332.191
237.199,185.881,97.102,332.191
244.514,193.196,97.102,332.191
245.327,197.260,97.102,332.191
244.514,196.447,97.102,332.191
242.076,192.383,97.102,332.191
246.139,193.196,97.102,332.191
251.829,192.383,97.102,332.191
252.642,194.821,97.102,332.191
250.203,194.009,97.102,332.191
251.016,198.072,97.102,332.191
248.578,202.136,97.102,332.191
234.761,196.447,97.102,332.191
219.318,185.881,97.102,332.191
205.501,170.438,97.102,332.191
194.935,156.621,97.102,332.191
189.246,146.055,97.102,332.191
186.807,145.242,97.102,332.191
185.995,154.183,97.102,332.191
186.807,156.621,97.102,332.191
185.995,159.059,97.102,332.191
190.058,158.247,97.102,332.191
195.748,162.310,97.102,332.191
201.437,166.374,97.102,332.191
208.752,165.562,97.102,332.191
216.067,163.123,97.102,332.191
220.131,168.813,97.102,332.191
224.195,185.881,97.102,332.191
226.633,198.072,97.102,332.191
222.569,198.885,97.102,332.191
221.756,194.821,97.102,332.191
220.944,187.506,97.102,332.191
218.505,176.940,97.102,332.191
216.067,166.374,97.102,332.191
220.131,162.310,97.102,332.191
223.516,157.235,95.031,325.107
226.830,155.335,93.005,318.174
229.165,159.227,93.005,318.174
236.171,166.234,93.005,318.174
244.735,176.354,93.005,318.174
256.412,186.474,93.005,318.174
269.646,195.037,93.005,318.174
284.437,200.486,93.005,318.174
302.342,204.379,93.005,318.174
323.360,200.486,93.005,318.174
338.151,201.265,93.005,318.174
352.942,202.043,93.005,318.174
366.176,195.037,93.005,318.174
371.626,189.588,93.005,318.174
370.847,179.468,93.005,318.174
370.069,170.904,93.005,318.174
375.518,162.341,93.005,318.174
374.740,160.006,93.005,318.174
380.189,156.113,93.005,318.174
385.638,158.449,93.005,318.174
386.417,151.443,93.005,318.174
388.752,149.107,93.005,318.174
394.201,154.556,93.005,318.174
396.537,160.006,93.005,318.174
400.429,168.569,93.005,318.174
401.208,175.575,93.005,318.174
401.986,182.581,93.005,318.174
402.765,189.588,93.005,318.174
401.986,196.594,93.005,318.174
398.094,198.929,93.005,318.174
394.201,201.265,93.005,318.174
388.752,205.157,93.005,318.174
387.974,210.606,93.005,318.174
385.638,214.499,93.005,318.174
380.189,204.379,93.005,318.174
379.410,191.145,93.005,318.174
373.961,182.581,93.005,318.174
371.626,186.474,93.005,318.174
364.620,191.923,93.005,318.174
360.727,200.486,93.005,318.174
355.278,209.050,93.005,318.174
348.272,214.499,93.005,318.174
341.265,218.391,93.005,318.174
337.373,223.840,93.005,318.174
333.481,229.290,93.005,318.174
328.031,234.739,93.005,318.174
325.696,241.745,93.005,318.174
323.360,248.752,93.005,318.174
321.025,254.201,93.005,318.174
318.690,254.979,93.005,318.174
321.025,246.416,93.005,318.174
321.803,248.752,93.005,318.174
317.911,244.859,93.005,318.174
314.019,247.195,93.005,318.174
316.354,240.188,93.005,318.174
312.462,230.068,93.005,318.174
308.569,223.062,93.005,318.174
306.234,217.613,93.005,318.174
303.899,209.050,93.005,318.174
306.234,202.043,93.005,318.174
308.569,193.480,93.005,318.174
314.019,186.474,93.005,318.174
317.911,177.911,93.005,318.174
320.247,183.360,93.005,318.174
321.025,187.252,93.005,318.174
323.360,192.702,93.005,318.174
325.696,199.708,93.005,318.174
326.474,208.271,93.005,318.174
328.810,221.505,93.005,318.174
329.588,239.410,93.005,318.174
327.253,254.201,93.005,318.174
326.474,262.764,93.005,318.174
322.582,255.758,93.005,318.174
318.690,248.752,93.005,318.174
314.797,244.859,93.005,318.174
312.462,236.296,93.005,318.174
305.456,227.733,93.005,318.174
304.677,217.613,93.005,318.174
305.456,209.050,93.005,318.174
307.791,200.486,93.005,318.174
306.532,194.125,91.021,311.388
302.722,202.505,91.021,311.388
301.960,192.601,91.021,311.388
302.722,185.744,91.021,311.388
300.437,194.125,91.021,311.388
302.722,200.981,91.021,311.388
300.437,206.314,91.021,311.388
302.722,213.171,91.021,311.388
300.437,220.028,91.021,311.388
304.246,220.790,91.021,311.388
303.484,224.599,91.021,311.388
304.246,228.409,91.021,311.388
306.532,232.218,91.021,311.388
307.294,236.027,91.021,311.388
311.103,233.742,91.021,311.388
314.912,236.027,91.021,311.388
320.245,236.789,91.021,311.388
324.055,232.980,91.021,311.388
325.760,231.160,89.080,304.748
327.996,224.449,89.080,304.748
329.665,219.793,87.181,298.249
331.298,216.643,85.321,291.889
334.273,220.444,83.502,285.664
335.837,217.427,81.721,279.572
338.686,217.111,79.978,273.610
340.694,212.425,79.978,273.610
343.483,218.569,78.273,267.776
346.759,225.776,78.273,267.776
347.414,229.051,78.273,267.776
347.617,233.801,76.604,262.065
347.816,237.213,74.970,256.477
346.801,238.134,73.371,251.007
344.623,244.954,71.807,245.654
342.492,249.311,70.275,240.416
340.407,254.709,68.777,235.289
338.366,262.212,67.310,230.271
335.282,267.382,65.875,225.361
332.264,272.442,64.470,220.555
328.271,275.314,63.095,215.851
324.362,279.143,61.749,211.248
318.677,275.525,61.749,211.248
317.841,271.301,60.433,206.743
317.022,268.142,59.144,202.334
318.130,266.005,57.883,198.020
317.346,268.584,56.648,193.797
316.872,269.058,56.648,193.797
322.503,267.925,55.440,189.664
325.752,265.605,55.440,189.664
327.144,262.357,55.440,189.664
332.248,260.964,55.440,189.664
336.425,265.141,55.440,189.664
335.961,268.389,55.440,189.664
339.209,266.069,55.440,189.664
341.529,267.461,55.440,189.664
341.994,271.638,55.440,189.664
348.026,275.814,55.440,189.664
347.562,283.703,55.440,189.664
349.882,285.095,55.440,189.664
348.788,287.330,56.667,193.860
351.159,286.856,56.667,193.860
354.479,289.227,56.667,193.860
354.954,289.701,56.667,193.860
353.531,284.484,56.667,193.860
353.056,275.472,56.667,193.860
355.428,269.306,56.667,193.860
358.748,265.986,56.667,193.860
363.966,264.563,56.667,193.860
366.337,261.242,56.667,193.860
367.760,255.076,56.667,193.860
372.029,247.962,56.667,193.860
376.298,242.744,56.667,193.860
380.567,241.321,56.667,193.860
383.887,246.539,56.667,193.860
389.105,248.910,56.667,193.860
390.528,243.693,56.667,193.860
390.053,237.527,56.667,193.860
392.425,241.796,56.667,193.860
393.274,246.048,57.921,198.149
387.941,242.655,57.921,198.149
390.822,248.007,59.202,202.534
384.380,244.539,59.202,202.534
375.955,241.070,59.202,202.534
363.567,240.574,59.202,202.534
351.179,245.034,59.202,202.534
343.746,242.557,59.202,202.534
336.312,246.025,59.202,202.534
331.853,241.565,59.202,202.534
327.393,236.115,59.202,202.534
324.915,230.664,59.202,202.534
324.113,228.525,57.940,198.214
323.628,229.010,57.940,198.214
327.023,232.404,57.940,198.214
326.538,234.829,57.940,198.214
325.083,230.464,57.940,198.214
325.568,226.100,57.940,198.214
332.843,222.705,57.940,198.214
338.178,227.070,57.940,198.214
341.572,229.494,57.940,198.214
347.877,234.829,57.940,198.214
353.212,241.134,57.940,198.214
357.576,248.408,57.940,198.214
361.941,253.743,57.940,198.214
366.306,258.108,57.940,198.214
371.640,261.502,57.940,198.214
377.945,265.867,57.940,198.214
383.280,268.292,57.940,198.214
388.614,267.807,57.940,198.214
392.979,270.232,57.940,198.214
395.404,266.837,57.940,198.214
393.949,263.442,57.940,198.214
393.464,258.108,57.940,198.214
393.949,254.713,57.940,198.214
395.404,254.228,57.940,198.214
392.979,250.833,57.940,198.214
389.822,253.169,59.222,202.600
386.596,254.528,60.532,207.082
384.349,254.865,61.871,211.664
383.831,250.204,61.871,211.664
378.311,253.773,63.240,216.347
375.664,249.009,63.240,216.347
371.959,247.421,63.240,216.347
365.078,247.950,63.240,216.347
358.196,245.303,63.240,216.347
352.374,247.950,63.240,216.347
347.610,244.245,63.240,216.347
341.787,245.833,63.240,216.347
335.964,244.245,63.240,216.347
328.024,245.833,63.240,216.347
320.084,243.186,63.240,216.347
312.144,241.598,63.240,216.347
305.263,242.127,63.240,216.347
298.381,243.715,63.240,216.347
290.441,242.127,63.240,216.347
282.501,243.715,63.240,216.347
274.561,244.245,63.240,216.347
266.621,247.950,63.240,216.347
258.681,251.656,63.240,216.347
249.683,254.302,63.240,216.347
242.801,258.008,63.240,216.347
236.979,262.772,63.240,216.347
229.038,268.594,63.240,216.347
221.098,270.182,63.240,216.347
213.158,268.594,63.240,216.347
205.319,261.258,64.639,221.134
201.532,257.471,64.639,221.134
196.888,256.709,66.069,226.027
191.911,253.944,66.069,226.027
186.933,251.178,66.069,226.027
186.776,249.252,67.531,231.027
185.080,246.426,67.531,231.027
187.907,245.860,67.531,231.027
190.733,244.165,67.531,231.027
193.559,242.469,67.531,231.027
199.777,245.295,67.531,231.027
207.125,249.252,67.531,231.027
215.604,250.948,67.531,231.027
222.952,253.774,67.531,231.027
231.431,258.861,67.531,231.027
239.910,263.948,67.531,231.027
246.128,265.644,67.531,231.027
252.346,263.948,67.531,231.027
257.433,263.383,67.531,231.027
263.137,266.105,69.025,236.139
268.337,264.372,69.025,236.139
272.381,270.728,69.025,236.139
276.425,275.927,69.025,236.139
278.158,271.883,69.025,236.139
279.892,268.994,69.025,236.139
280.470,264.950,69.025,236.139
284.514,259.750,69.025,236.139
287.403,255.706,69.025,236.139
289.136,252.817,69.025,236.139
287.403,251.084,69.025,236.139
289.136,250.506,69.025,236.139
290.869,255.706,69.025,236.139
290.291,252.817,69.025,236.139
292.025,251.084,69.025,236.139
287.980,247.039,69.025,236.139
289.714,245.306,69.025,236.139
284.514,242.417,69.025,236.139
288.034,249.947,67.553,231.103
280.579,257.316,66.113,226.175
281.133,268.937,66.113,226.175
285.007,281.665,66.113,226.175
288.378,292.077,64.703,221.352
289.590,292.871,63.323,216.631
293.300,298.702,63.323,216.631
297.011,296.052,63.323,216.631
301.781,296.582,63.323,216.631
305.491,293.932,63.323,216.631
310.261,290.221,63.323,216.631
319.272,284.391,63.323,216.631
314.502,248.879,63.323,216.631
323.512,244.109,63.323,216.631
333.894,249.995,61.973,212.011
344.054,250.755,60.651,207.490
353.019,252.478,59.358,203.065
361.793,250.334,58.092,198.735
369.087,246.930,58.092,198.735
375.408,242.554,58.092,198.735
378.812,236.233,58.092,198.735
380.837,231.322,56.853,194.497
382.265,228.942,56.853,194.497
383.692,227.515,56.853,194.497
382.923,225.461,55.641,190.349
381.525,221.269,55.641,190.349
377.334,218.009,55.641,190.349
374.074,214.749,55.641,190.349
368.951,210.557,55.641,190.349
361.965,209.160,55.641,190.349
355.910,211.489,55.641,190.349
348.925,217.543,55.641,190.349
341.007,226.392,55.641,190.349
332.158,234.309,55.641,190.349
322.378,241.295,55.641,190.349
310.735,245.487,55.641,190.349
298.160,247.815,55.641,190.349
286.517,250.144,55.641,190.349
271.148,250.610,55.641,190.349
258.574,249.213,55.641,190.349
245.999,247.815,55.641,190.349
234.270,247.159,56.872,194.561
223.321,240.971,56.872,194.561
213.325,233.830,56.872,194.561
207.136,228.594,56.872,194.561
200.948,230.022,56.872,194.561
196.664,232.402,56.872,194.561
191.427,233.830,56.872,194.561
187.143,233.354,56.872,194.561
182.859,234.783,56.872,194.561
178.575,234.306,56.872,194.561
173.338,231.926,56.872,194.561
169.054,234.306,56.872,194.561
167.626,236.687,56.872,194.561
166.198,238.115,56.872,194.561
164.770,240.495,56.872,194.561
170.006,244.779,56.872,194.561
175.242,251.920,56.872,194.561
178.575,259.060,56.872,194.561
177.146,263.344,56.872,194.561
179.527,264.772,56.872,194.561
180.955,262.392,56.872,194.561
180.479,255.252,56.872,194.561
181.907,249.063,56.872,194.561
185.239,243.827,56.872,194.561
184.763,240.495,56.872,194.561
189.999,239.067,56.872,194.561
193.332,231.926,56.872,194.561
189.999,222.882,56.872,194.561
193.332,211.933,56.872,194.561
195.712,204.793,56.872,194.561
200.948,203.365,56.872,194.561
201.424,206.697,56.872,194.561
199.996,211.933,56.872,194.561
201.424,217.169,56.872,194.561
198.092,221.454,56.872,194.561
196.664,221.930,56.872,194.561
199.044,223.358,56.872,194.561
197.616,224.786,56.872,194.561
195.236,227.166,56.872,194.561
193.808,228.594,56.872,194.561
191.427,229.070,56.872,194.561
187.143,229.546,56.872,194.561
183.811,228.118,56.872,194.561
181.431,227.642,56.872,194.561
176.194,221.454,56.872,194.561
170.006,214.313,56.872,194.561
168.578,206.221,56.872,194.561
168.102,200.984,56.872,194.561
169.530,202.413,56.872,194.561
166.431,198.779,58.130,198.865
166.918,191.480,58.130,198.865
166.431,186.128,58.130,198.865
168.864,187.588,58.130,198.865
169.736,191.950,59.416,203.265
169.238,199.410,59.416,203.265
169.736,204.881,59.416,203.265
170.233,210.351,59.416,203.265
170.730,214.827,59.416,203.265
170.233,218.309,59.416,203.265
172.720,222.785,59.416,203.265
171.228,226.266,59.416,203.265
172.720,228.752,59.416,203.265
170.233,231.239,59.416,203.265
169.736,231.736,59.416,203.265
168.244,229.250,59.416,203.265
168.741,226.763,59.416,203.265
167.249,222.287,59.416,203.265
168.741,222.784,59.416,203.265
166.254,218.309,59.416,203.265
163.768,213.833,59.416,203.265
162.276,206.373,59.416,203.265
164.762,198.913,59.416,203.265
161.281,191.453,59.416,203.265
160.784,182.004,59.416,203.265
159.292,172.554,59.416,203.265
160.784,166.089,59.416,203.265
160.286,168.576,59.416,203.265
163.768,174.046,59.416,203.265
163.270,181.506,59.416,203.265
164.762,185.982,59.416,203.265
162.276,191.453,59.416,203.265
162.773,194.934,59.416,203.265
160.286,200.405,59.416,203.265
160.784,205.875,59.416,203.265
156.308,211.346,59.416,203.265
150.837,214.827,59.416,203.265
147.356,217.314,59.416,203.265
142.880,217.811,59.416,203.265
142.383,215.325,59.416,203.265
137.907,210.849,59.416,203.265
135.420,207.367,59.416,203.265
134.923,209.854,59.416,203.265
134.425,209.357,59.416,203.265
131.939,209.854,59.416,203.265
130.447,211.346,59.416,203.265
129.949,214.827,59.416,203.265
129.452,214.330,59.416,203.265
127.960,211.843,59.416,203.265
130.447,216.319,59.416,203.265
132.933,223.779,59.416,203.265
135.420,228.255,59.416,203.265
136.311,232.714,60.731,207.762
134.508,232.480,59.435,203.332
137.464,234.876,60.750,207.831
137.319,228.884,62.095,212.429
138.879,224.206,62.095,212.429
139.398,223.686,62.095,212.429
141.997,225.245,62.095,212.429
141.477,221.607,62.095,212.429
140.958,221.087,62.095,212.429
141.888,222.512,63.468,217.129
139.232,219.856,63.468,217.129
141.888,222.512,63.468,217.129
140.295,220.918,63.468,217.129
141.888,222.512,63.468,217.129
141.357,221.981,63.468,217.129
144.013,223.575,63.468,217.129
146.670,223.043,63.468,217.129
148.263,221.450,63.468,217.129
149.857,224.106,63.468,217.129
151.451,222.512,63.468,217.129
153.045,223.043,63.468,217.129
154.638,223.575,63.468,217.129
157.295,224.106,63.468,217.129
158.888,223.575,63.468,217.129
160.482,225.168,63.468,217.129
163.138,226.762,63.468,217.129
164.732,227.293,63.468,217.129
166.326,227.825,63.468,217.129
167.920,231.543,63.468,217.129
168.451,232.074,63.468,217.129
170.045,234.731,63.468,217.129
172.701,237.387,63.468,217.129
174.755,238.843,64.873,221.933
176.384,236.128,64.873,221.933
178.013,238.843,64.873,221.933
180.728,233.956,64.873,221.933
182.357,236.671,64.873,221.933
185.072,232.870,64.873,221.933
186.701,234.499,64.873,221.933
190.502,235.042,64.873,221.933
194.303,234.499,64.873,221.933
198.104,237.214,64.873,221.933
201.905,233.413,64.873,221.933
205.706,236.128,64.873,221.933
209.507,232.327,64.873,221.933
212.222,229.612,64.873,221.933
214.937,229.069,64.873,221.933
217.652,228.526,64.873,221.933
218.195,227.983,64.873,221.933
218.738,225.268,64.873,221.933
220.367,225.811,64.873,221.933
218.738,222.010,64.873,221.933
218.195,223.639,64.873,221.933
216.566,219.838,64.873,221.933
214.937,221.467,64.873,221.933
213.308,219.838,64.873,221.933
210.593,221.467,64.873,221.933
207.878,224.182,64.873,221.933
201.905,224.725,64.873,221.933
199.190,225.268,64.873,221.933
194.303,225.811,64.873,221.933
189.416,222.010,64.873,221.933
184.529,223.639,64.873,221.933
179.642,224.182,64.873,221.933
175.841,225.811,64.873,221.933
172.040,223.096,64.873,221.933
167.153,223.639,64.873,221.933
161.180,222.010,64.873,221.933
155.207,224.725,64.873,221.933
149.234,225.268,64.873,221.933
143.261,226.897,64.873,221.933
137.288,225.268,64.873,221.933
129.142,227.983,64.873,221.933
122.083,226.354,64.873,221.933
118.282,230.155,64.873,221.933
114.481,228.526,64.873,221.933
110.680,231.241,64.873,221.933
109.051,228.526,64.873,221.933
107.422,231.241,64.873,221.933
102.535,226.354,64.873,221.933
103.078,231.241,64.873,221.933
102.535,231.784,64.873,221.933
100.906,225.811,64.873,221.933
101.449,229.612,64.873,221.933
99.820,223.639,64.873,221.933
100.363,226.354,64.873,221.933
98.734,222.553,64.873,221.933
98.191,224.182,64.873,221.933
97.648,225.811,64.873,221.933
98.191,227.440,64.873,221.933
99.820,230.155,64.873,221.933
101.449,231.784,64.873,221.933
103.078,232.327,64.873,221.933
104.707,232.870,64.873,221.933
107.422,233.413,64.873,221.933
110.731,232.116,63.489,217.200
112.325,233.710,63.489,217.200
112.857,229.990,63.489,217.200
113.388,229.459,63.489,217.200
114.982,229.990,63.489,217.200
115.514,227.333,63.489,217.200
116.045,229.990,63.489,217.200
113.388,227.333,63.489,217.200
111.794,228.927,63.489,217.200
108.074,225.207,63.489,217.200
105.417,227.864,63.489,217.200
101.697,228.396,63.489,217.200
99.040,225.739,63.489,217.200
97.445,229.459,63.489,217.200
95.851,228.927,63.489,217.200
92.131,226.270,63.489,217.200
88.411,222.550,63.489,217.200
86.817,219.893,63.489,217.200
85.223,219.362,63.489,217.200
86.817,220.956,63.489,217.200
87.348,221.487,63.489,217.200
87.513,223.291,62.135,212.568
88.033,225.891,62.135,212.568
89.594,228.492,62.135,212.568
91.154,231.092,62.135,212.568
94.794,234.733,62.135,212.568
97.395,237.333,62.135,212.568
101.035,242.014,62.135,212.568
104.676,247.735,62.135,212.568
106.236,251.376,62.135,212.568
107.797,248.775,62.135,212.568
107.277,252.416,62.135,212.568
109.877,253.976,62.135,212.568
109.357,248.255,62.135,212.568
112.998,253.976,62.135,212.568
115.598,258.657,62.135,212.568
115.078,260.217,62.135,212.568
117.678,262.818,62.135,212.568
114.038,256.057,62.135,212.568
112.477,258.657,62.135,212.568
110.917,252.936,62.135,212.568
110.397,246.175,62.135,212.568
109.877,240.454,62.135,212.568
114.558,235.773,62.135,212.568
111.957,232.132,62.135,212.568
110.397,229.532,62.135,212.568
106.756,227.972,62.135,212.568
103.116,225.371,62.135,212.568
100.515,220.691,62.135,212.568
95.835,213.929,62.135,212.568
96.355,208.208,62.135,212.568
93.754,204.568,62.135,212.568
90.114,209.249,62.135,212.568
89.272,211.014,60.810,208.035
85.709,215.595,60.810,208.035
81.128,216.104,60.810,208.035
76.547,219.667,60.810,208.035
73.761,223.357,59.513,203.599
69.278,226.844,59.513,203.599
65.592,224.693,58.244,199.257
61.983,221.649,57.002,195.008
59.372,218.670,55.787,190.849
57.037,224.740,55.787,190.849
60.783,221.824,54.597,186.779
60.043,227.780,53.433,182.796
63.631,224.987,52.293,178.898
59.548,230.692,51.178,175.083
62.158,227.191,50.087,171.349
61.479,230.230,49.019,167.695
65.561,226.877,47.973,164.119
67.569,224.067,47.973,164.119
70.380,226.877,47.973,164.119
73.191,224.870,47.973,164.119
76.002,225.271,47.973,164.119
78.009,220.051,47.973,164.119
82.004,217.544,46.950,160.619
87.113,213.221,46.950,160.619
91.436,217.544,46.950,160.619
97.331,223.438,46.950,160.619
100.483,230.075,45.949,157.194
101.637,233.537,45.949,157.194
100.483,235.460,45.949,157.194
103.175,231.229,45.949,157.194
102.790,229.306,45.949,157.194
102.168,230.611,44.969,153.842
104.803,230.988,44.969,153.842
108.191,234.375,44.969,153.842
109.320,239.269,44.969,153.842
111.202,238.140,44.969,153.842
110.825,239.269,44.969,153.842
111.202,235.881,44.969,153.842
109.320,230.988,44.969,153.842
109.696,226.095,44.969,153.842
110.825,228.729,44.969,153.842
110.449,231.364,44.969,153.842
107.814,232.493,44.969,153.842
105.932,231.364,44.969,153.842
104.803,232.493,44.969,153.842
101.415,228.353,44.969,153.842
97.275,225.718,44.969,153.842
93.134,226.847,44.969,153.842
87.488,228.729,44.969,153.842
81.842,228.353,44.969,153.842
76.196,231.741,44.969,153.842
69.797,236.634,44.969,153.842
65.657,243.033,44.969,153.842
62.269,250.937,44.969,153.842
55.871,255.830,44.969,153.842
51.730,254.701,44.969,153.842
51.354,260.347,44.969,153.842
49.472,263.735,44.969,153.842
48.342,261.100,44.969,153.842
47.213,259.971,44.969,153.842
49.848,255.830,44.969,153.842
53.236,251.690,44.969,153.842
59.635,249.055,44.969,153.842
66.786,253.196,44.969,153.842
75.444,252.819,44.969,153.842
83.348,251.690,44.969,153.842
88.994,249.055,44.969,153.842
94.640,245.668,44.969,153.842
100.286,242.280,44.969,153.842
106.685,239.645,44.969,153.842
113.084,237.010,44.969,153.842
118.730,234.375,44.969,153.842
125.882,234.752,44.969,153.842
132.280,235.128,44.969,153.842
136.860,236.941,45.964,157.245
141.540,237.996,46.981,160.724
145.079,238.389,46.981,160.724
149.405,241.142,46.981,160.724
153.731,243.108,46.981,160.724
154.910,243.501,46.981,160.724
156.090,243.108,46.981,160.724
158.056,242.715,46.981,160.724
160.023,243.894,46.981,160.724
162.775,245.860,46.981,160.724
164.742,245.467,46.981,160.724
168.281,248.220,46.981,160.724
171.433,249.298,48.020,164.280
174.655,249.566,49.083,167.915
178.352,248.333,49.083,167.915
181.646,249.459,50.169,171.630
184.585,248.199,50.169,171.630
187.525,247.780,50.169,171.630
188.784,247.360,50.169,171.630
190.884,246.940,50.169,171.630
189.022,246.348,51.279,175.428
188.009,244.853,52.413,179.309
186.974,242.414,53.573,183.276
184.732,240.172,53.573,183.276
184.284,238.827,53.573,183.276
182.042,235.688,53.573,183.276
184.284,233.445,53.573,183.276
183.835,232.100,53.573,183.276
185.569,234.260,54.758,187.331
187.341,233.614,55.970,191.476
186.872,231.272,55.970,191.476
188.683,231.584,57.208,195.712
190.120,232.063,57.208,195.712
188.990,233.375,58.474,200.042
186.820,234.717,59.768,204.468
187.716,236.088,61.090,208.992
184.388,236.429,62.442,213.616
184.239,235.692,63.823,218.342
181.870,234.940,65.235,223.173
181.715,233.037,66.679,228.111
180.398,233.409,68.154,233.158
179.828,230.557,68.154,233.158
178.482,230.937,69.662,238.316
178.316,230.115,71.203,243.589
178.912,227.135,71.203,243.589
178.316,228.923,71.203,243.589
180.620,231.793,72.778,248.979
179.183,230.935,74.389,254.487
180.298,232.642,76.034,260.118
180.935,230.733,76.034,260.118
182.844,230.096,76.034,260.118
184.753,230.733,76.034,260.118
183.252,231.157,77.717,265.873
185.204,229.205,77.717,265.873
187.155,229.856,77.717,265.873
188.320,230.289,79.436,271.755
188.985,226.964,79.436,271.755
190.980,227.629,79.436,271.755
190.791,228.072,81.194,277.768
191.470,226.033,81.194,277.768
191.277,226.486,82.990,283.913
191.972,223.013,82.990,283.913
191.774,224.917,84.826,290.195
189.644,221.367,84.826,290.195
187.969,221.840,86.703,296.616
185.792,218.211,86.703,296.616
183.615,218.937,86.703,296.616
181.438,219.663,86.703,296.616
179.261,218.937,86.703,296.616
178.535,216.760,86.703,296.616
176.358,211.680,86.703,296.616
175.632,209.502,86.703,296.616
179.261,213.131,86.703,296.616
183.572,219.638,88.621,303.178
187.281,221.863,88.621,303.178
190.990,227.056,88.621,303.178
193.215,230.765,88.621,303.178
198.408,235.957,88.621,303.178
202.117,238.183,88.621,303.178
204.342,235.957,88.621,303.178
208.051,232.248,88.621,303.178
212.458,231.203,90.582,309.886
214.732,222.863,90.582,309.886
218.523,220.588,90.582,309.886
216.249,210.732,90.582,309.886
215.491,202.392,90.582,309.886
216.249,195.568,90.582,309.886
213.974,190.261,90.582,309.886
211.700,183.437,90.582,309.886
212.458,179.646,90.582,309.886
208.667,175.855,90.582,309.886
210.941,179.646,90.582,309.886
208.667,177.371,90.582,309.886
210.941,184.195,90.582,309.886
211.700,191.019,90.582,309.886
215.491,202.392,90.582,309.886
213.216,210.732,90.582,309.886
210.941,219.072,90.582,309.886
208.667,225.896,90.582,309.886
204.876,228.170,90.582,309.886
198.052,224.379,90.582,309.886
192.745,222.105,90.582,309.886
187.437,219.830,90.582,309.886
182.130,216.039,90.582,309.886
176.823,212.248,90.582,309.886
173.032,206.941,90.582,309.886
169.241,200.117,90.582,309.886
166.966,194.810,90.582,309.886
164.691,194.051,90.582,309.886
169.999,194.810,90.582,309.886
173.790,194.051,90.582,309.886
174.548,190.261,90.582,309.886
176.823,184.953,90.582,309.886
177.581,185.711,90.582,309.886
181.372,189.502,90.582,309.886
183.646,194.810,90.582,309.886
184.405,198.601,90.582,309.886
181.043,199.106,92.586,316.742
184.917,199.881,92.586,316.742
187.242,202.206,92.586,316.742
191.117,202.981,92.586,316.742
193.442,206.855,92.586,316.742
195.767,209.180,92.586,316.742
198.092,209.955,92.586,316.742
197.317,207.630,92.586,316.742
199.642,209.955,92.586,316.742
200.417,209.180,92.586,316.742
199.642,206.855,92.586,316.742
197.317,206.080,92.586,316.742
199.642,206.855,92.586,316.742
200.417,199.881,92.586,316.742
201.192,192.906,92.586,316.742
205.067,184.381,92.586,316.742
207.392,175.857,92.586,316.742
210.388,176.373,94.635,323.750
214.348,175.581,94.635,323.750
219.893,181.125,94.635,323.750
225.438,183.502,94.635,323.750
224.646,181.125,94.635,323.750
228.606,186.670,94.635,323.750
228.381,190.485,96.728,330.913
227.572,192.914,96.728,330.913
226.762,200.201,96.728,330.913
223.172,204.100,98.869,338.235
220.689,204.928,98.869,338.235
216.552,205.755,98.869,338.235
215.724,209.893,98.869,338.235
211.586,205.755,98.869,338.235
210.759,209.893,98.869,338.235
208.276,204.100,98.869,338.235
210.759,208.238,98.869,338.235
208.276,204.100,98.869,338.235
211.475,209.803,101.056,345.718
208.938,203.882,101.056,345.718
211.475,208.111,101.056,345.718
208.938,202.190,101.056,345.718
211.475,199.653,101.056,345.718
210.629,202.190,101.056,345.718
211.475,204.728,101.056,345.718
208.938,202.190,101.056,345.718
209.783,206.420,101.056,345.718
207.246,205.574,101.056,345.718
208.092,208.111,101.056,345.718
202.171,202.190,101.056,345.718
201.325,203.036,101.056,345.718
197.095,198.807,101.056,345.718
196.250,199.653,101.056,345.718
192.020,197.115,101.056,345.718
191.174,199.653,101.056,345.718
186.945,198.807,101.056,345.718
184.407,197.961,101.056,345.718
183.562,200.499,101.056,345.718
177.640,196.269,101.056,345.718
176.795,197.115,101.056,345.718
174.257,197.961,101.056,345.718
171.719,195.423,101.056,345.718
167.490,191.194,101.056,345.718
163.261,186.965,101.056,345.718
170.874,196.269,101.056,345.718
163.261,188.656,101.056,345.718
162.415,184.427,101.056,345.718
170.028,193.732,101.056,345.718
162.415,189.502,101.056,345.718
159.877,185.273,101.056,345.718
165.798,192.886,101.056,345.718
158.186,185.273,101.056,345.718
164.107,194.577,101.056,345.718
158.186,188.656,101.056,345.718
165.798,197.961,101.056,345.718
158.186,192.040,101.056,345.718
165.798,199.653,101.056,345.718
158.186,193.732,101.056,345.718
165.798,201.344,101.056,345.718
158.186,195.423,101.056,345.718
164.107,199.653,101.056,345.718
156.494,192.040,101.056,345.718
162.415,199.653,101.056,345.718
159.877,195.423,101.056,345.718
164.107,201.344,101.056,345.718
159.877,195.423,101.056,345.718
167.490,203.036,101.056,345.718
159.877,195.423,101.056,345.718
164.902,199.497,103.292,353.367
158.850,193.445,103.292,353.367
166.632,202.955,103.292,353.367
160.580,198.632,103.292,353.367
164.902,204.685,103.292,353.367
158.850,198.632,103.292,353.367
164.902,206.414,103.292,353.367
157.481,199.814,105.577,361.185
158.365,198.930,105.577,361.185
157.481,198.046,105.577,361.185
158.365,202.465,105.577,361.185
155.713,199.814,105.577,361.185
153.062,195.395,105.577,361.185
153.946,198.046,105.577,361.185
153.062,197.162,105.577,361.185
154.645,203.252,107.913,369.177
151.935,200.542,107.913,369.177
151.032,196.026,107.913,369.177
153.742,200.542,107.913,369.177
151.032,194.220,107.913,369.177
153.742,196.929,107.913,369.177
145.988,190.034,110.301,377.345
154.297,196.497,110.301,377.345
151.527,195.573,110.301,377.345
150.604,202.036,110.301,377.345
147.834,199.266,110.301,377.345
156.144,207.576,110.301,377.345
152.050,206.275,112.741,385.693
154.881,205.331,112.741,385.693
161.487,213.824,112.741,385.693
162.430,220.430,112.741,385.693
161.487,215.712,112.741,385.693
165.135,220.256,115.236,394.227
162.241,213.505,115.236,394.227
165.135,218.327,115.236,394.227
163.574,214.164,112.778,385.820
162.630,213.220,112.778,385.820
159.798,204.724,112.778,385.820
164.518,200.004,112.778,385.820
161.686,189.620,112.778,385.820
158.854,179.236,112.778,385.820
159.798,174.516,112.778,385.820
162.630,171.684,112.778,385.820
161.686,168.852,112.778,385.820
166.406,166.021,112.778,385.820
163.574,157.525,112.778,385.820
168.294,160.357,112.778,385.820
165.462,155.637,112.778,385.820
170.182,162.245,112.778,385.820
169.238,163.189,112.778,385.820
170.182,166.021,112.778,385.820
173.014,165.077,112.778,385.820
170.182,166.021,112.778,385.820
174.902,170.740,112.778,385.820
173.958,179.236,112.778,385.820
175.649,183.783,115.273,394.356
174.684,190.537,115.273,394.356
173.719,195.361,115.273,394.356
174.684,198.256,115.273,394.356
175.649,203.080,115.273,394.356
176.613,205.975,115.273,394.356
177.578,208.869,115.273,394.356
176.613,209.834,115.273,394.356
177.578,201.150,115.273,394.356
174.684,205.975,115.273,394.356
175.649,206.939,115.273,394.356
176.613,207.904,115.273,394.356
175.649,208.869,115.273,394.356
176.613,202.115,115.273,394.356
175.649,205.010,115.273,394.356
174.684,205.975,115.273,394.356
177.578,203.080,115.273,394.356
174.684,204.045,115.273,394.356
174.983,203.600,112.815,385.946
174.039,208.321,112.815,385.946
173.094,213.043,112.815,385.946
174.039,215.876,112.815,385.946
173.094,218.708,112.815,385.946
172.150,219.653,112.815,385.946
171.206,220.597,112.815,385.946
168.373,219.653,112.815,385.946
165.540,218.708,112.815,385.946
164.596,221.541,112.815,385.946
163.651,220.597,112.815,385.946
160.818,217.764,112.815,385.946
157.986,214.931,112.815,385.946
155.153,212.098,112.815,385.946
152.320,209.265,112.815,385.946
151.376,212.098,112.815,385.946
153.489,211.663,110.409,377.716
154.413,210.739,110.409,377.716
158.262,208.531,108.055,369.661
159.167,211.244,108.055,369.661
161.880,212.149,108.055,369.661
160.976,213.053,108.055,369.661
158.262,212.149,108.055,369.661
157.358,209.435,108.055,369.661
152.836,206.722,108.055,369.661
151.931,202.200,108.055,369.661
150.468,201.782,105.750,361.778
147.813,207.978,105.750,361.778
150.468,210.634,105.750,361.778
147.813,215.060,105.750,361.778
154.009,214.175,105.750,361.778
154.894,216.830,105.750,361.778
152.238,219.486,105.750,361.778
151.353,218.600,105.750,361.778
150.468,217.715,105.750,361.778
151.353,215.060,105.750,361.778
150.468,214.175,105.750,361.778
149.583,213.289,105.750,361.778
152.238,215.945,105.750,361.778
153.124,220.371,105.750,361.778
152.238,217.715,105.750,361.778
149.583,215.060,105.750,361.778
150.468,217.715,105.750,361.778
151.353,218.600,105.750,361.778
150.468,221.256,105.750,361.778
149.583,222.141,105.750,361.778
154.009,224.797,105.750,361.778
149.583,229.222,105.750,361.778
148.698,228.337,105.750,361.778
144.272,227.452,105.750,361.778
143.387,230.107,105.750,361.778
140.731,230.993,105.750,361.778
139.846,235.418,105.750,361.778
135.420,238.074,105.750,361.778
132.765,233.648,105.750,361.778
130.109,230.993,105.750,361.778
130.995,230.107,105.750,361.778
128.339,227.452,105.750,361.778
124.414,222.531,108.090,369.782
123.509,221.627,108.090,369.782
124.414,222.531,108.090,369.782
121.700,218.008,108.090,369.782
126.224,218.912,108.090,369.782
125.319,216.198,108.090,369.782
129.843,220.722,108.090,369.782
132.557,219.817,108.090,369.782
136.054,226.052,110.482,377.964
137.711,224.749,112.926,386.326
138.656,221.913,112.926,386.326
143.382,228.530,112.926,386.326
144.327,227.585,112.926,386.326
147.981,230.176,115.425,394.874
145.083,221.480,115.425,394.874
149.913,222.446,115.425,394.874
148.947,219.548,115.425,394.874
149.913,220.514,115.425,394.874
150.880,217.616,115.425,394.874
151.846,214.717,115.425,394.874
147.015,211.819,115.425,394.874
147.981,212.785,115.425,394.874
145.083,209.887,115.425,394.874
142.184,208.921,115.425,394.874
137.354,206.022,115.425,394.874
137.079,208.670,117.978,403.610
128.192,199.783,117.978,403.610
129.179,206.695,117.978,403.610
121.871,202.433,115.462,395.003
121.596,211.098,118.017,403.742
112.706,208.134,118.017,403.742
117.645,213.074,118.017,403.742
104.803,210.110,118.017,403.742
107.766,217.025,118.017,403.742
98.876,214.061,118.017,403.742
103.815,219.001,118.017,403.742
92.949,216.037,118.017,403.742
91.961,219.001,118.017,403.742
88.998,216.037,118.017,403.742
86.034,215.049,118.017,403.742
83.071,218.013,118.017,403.742
86.034,219.001,118.017,403.742
83.704,221.708,120.628,412.675
82.694,216.660,120.628,412.675
81.684,217.670,120.628,412.675
82.694,216.660,120.628,412.675
79.665,219.689,120.628,412.675
78.655,216.660,120.628,412.675
73.607,215.650,120.628,412.675
68.558,212.621,120.628,412.675
63.510,209.592,120.628,412.675
62.500,206.563,120.628,412.675
63.510,201.514,120.628,412.675
64.520,202.524,120.628,412.675
61.490,203.534,120.628,412.675
60.481,198.485,120.628,412.675
55.432,197.476,120.628,412.675
52.403,194.447,120.628,412.675
47.355,195.456,120.628,412.675
44.326,190.408,120.628,412.675
41.297,191.417,120.628,412.675
40.287,190.408,120.628,412.675
37.258,193.437,120.628,412.675
38.268,190.408,120.628,412.675
37.258,187.379,120.628,412.675
42.306,184.350,120.628,412.675
45.335,189.398,120.628,412.675
52.403,194.447,120.628,412.675
49.374,197.476,120.628,412.675
56.442,202.524,120.628,412.675
63.510,209.592,120.628,412.675
66.539,212.621,120.628,412.675
71.587,215.650,120.628,412.675
76.636,214.640,120.628,412.675
83.704,221.708,120.628,412.675
88.752,228.776,120.628,412.675
95.820,233.825,120.628,412.675
106.927,238.873,120.628,412.675
120.052,243.921,120.628,412.675
133.178,248.970,120.628,412.675
147.116,244.611,118.056,403.875
154.033,247.576,118.056,403.875
156.245,241.405,115.538,395.262
163.014,244.307,115.538,395.262
167.850,247.208,115.538,395.262
166.882,248.175,115.538,395.262
169.784,254.945,115.538,395.262
170.751,250.109,115.538,395.262
169.784,251.076,115.538,395.262
