110.000,111.000,37.000,116.000
113.783,112.455,37.000,116.000
114.656,113.328,37.000,116.000
114.947,113.037,37.000,116.000
115.237,111.582,37.000,116.000
114.947,111.873,37.000,116.000
114.656,112.746,37.000,116.000
113.783,112.455,37.000,116.000
113.492,111.582,37.000,116.000
114.947,113.037,37.000,116.000
115.237,113.328,37.000,116.000
117.595,115.967,36.211,113.526
119.019,115.682,36.211,113.526
122.151,117.675,36.211,113.526
123.006,118.530,36.211,113.526
123.860,119.954,36.211,113.526
124.145,119.099,36.211,113.526
124.256,121.133,35.439,111.105
122.306,118.625,35.439,111.105
118.654,120.078,34.683,108.736
114.017,120.897,34.683,108.736
112.654,120.624,34.683,108.736
109.080,120.469,33.943,106.417
106.678,121.270,33.943,106.417
104.809,123.672,33.943,106.417
104.542,122.337,33.943,106.417
103.208,120.469,33.943,106.417
102.941,119.668,33.943,106.417
101.606,118.333,33.943,106.417
100.271,115.397,33.943,106.417
98.937,111.927,33.943,106.417
98.136,111.126,33.943,106.417
96.267,111.393,33.943,106.417
94.828,109.698,33.220,104.148
95.434,108.038,32.511,101.927
98.492,107.400,31.818,99.753
97.741,108.651,31.818,99.753
96.990,103.397,31.818,99.753
95.739,99.143,31.818,99.753
93.988,101.395,31.818,99.753
86.231,103.146,31.818,99.753
76.973,99.894,31.818,99.753
74.721,97.141,31.818,99.753
73.470,98.392,31.818,99.753
73.720,103.146,31.818,99.753
72.969,107.900,31.818,99.753
60.709,110.653,31.818,99.753
70.454,106.652,31.139,97.626
71.022,96.127,30.475,95.544
73.426,84.441,29.825,93.506
73.518,80.691,29.189,91.512
75.820,82.330,28.567,89.561
82.784,87.947,28.567,89.561
85.705,105.694,28.567,89.561
96.186,122.456,27.958,87.651
106.520,132.350,27.958,87.651
107.619,131.250,27.958,87.651
113.995,120.477,27.958,87.651
125.208,102.668,27.958,87.651
133.343,98.931,27.958,87.651
133.429,103.468,27.361,85.782
131.492,119.606,27.361,85.782
132.568,129.289,27.361,85.782
122.455,144.135,27.361,85.782
102.014,149.084,27.361,85.782
105.417,133.200,26.778,83.952
97.204,113.616,26.778,83.952
94.045,109.193,26.778,83.952
93.834,110.246,26.778,83.952
88.991,117.617,26.778,83.952
92.992,127.093,26.778,83.952
106.680,134.042,26.778,83.952
109.839,124.145,26.778,83.952
123.106,106.245,26.778,83.952
134.688,97.190,26.778,83.952
140.795,87.293,26.778,83.952
138.478,89.188,26.778,83.952
136.162,97.822,26.778,83.952
132.161,115.722,26.778,83.952
123.106,123.092,26.778,83.952
98.467,124.145,26.778,83.952
99.099,110.036,26.778,83.952
88.359,100.560,26.778,83.952
90.676,104.139,26.778,83.952
92.992,113.616,26.778,83.952
93.203,117.617,26.778,83.952
109.929,126.834,26.207,82.162
120.852,127.040,26.207,82.162
122.295,117.766,26.207,82.162
133.630,107.667,26.207,82.162
139.606,105.400,26.207,82.162
139.400,108.079,26.207,82.162
138.370,114.880,26.207,82.162
141.461,127.864,26.207,82.162
135.484,135.490,26.207,82.162
122.501,128.689,26.207,82.162
122.707,119.002,26.207,82.162
118.379,115.087,26.207,82.162
117.760,114.880,26.207,82.162
113.020,118.796,26.207,82.162
113.226,121.063,26.207,82.162
117.142,122.506,26.207,82.162
122.295,126.010,26.207,82.162
120.440,129.101,26.207,82.162
114.463,126.834,26.207,82.162
114.544,115.990,25.648,80.410
117.569,113.368,25.648,80.410
116.482,112.864,25.101,78.695
114.657,115.796,24.566,77.017
116.594,123.507,24.042,75.375
107.192,126.680,23.529,73.767
92.284,116.231,23.027,72.194
98.622,100.476,23.027,72.194
77.797,83.997,23.027,72.194
71.821,80.556,23.027,72.194
68.018,84.721,23.027,72.194
67.740,93.694,22.536,70.655
78.742,103.501,22.056,69.148
109.236,116.777,21.585,67.673
120.610,118.984,21.585,67.673
132.322,115.419,21.585,67.673
163.803,97.652,21.125,66.230
184.044,104.923,20.675,64.818
186.157,114.841,20.675,64.818
191.197,128.011,20.675,64.818
187.133,136.303,20.675,64.818
182.743,138.091,20.675,64.818
152.339,141.180,20.675,64.818
144.047,131.913,20.675,64.818
133.804,121.345,20.675,64.818
127.138,121.507,20.675,64.818
122.423,122.320,20.675,64.818
118.684,122.483,20.675,64.818
122.423,128.824,20.675,64.818
129.069,137.194,20.234,63.435
133.119,138.023,19.802,62.083
138.283,132.231,19.380,60.759
140.264,120.496,19.380,60.759
154.438,97.788,19.380,60.759
153.981,93.063,19.380,60.759
153.524,98.092,19.380,60.759
152.762,107.389,19.380,60.759
135.845,117.295,19.380,60.759
121.061,117.448,19.380,60.759
117.556,111.809,19.380,60.759
116.440,99.383,18.967,59.463
112.115,92.671,18.967,59.463
120.915,96.101,18.967,59.463
126.136,102.515,18.967,59.463
130.219,106.168,18.562,58.195
140.292,116.240,18.562,58.195
146.861,121.933,18.562,58.195
150.576,123.820,18.166,56.954
158.719,111.391,18.166,56.954
163.148,104.391,18.166,56.954
160.719,101.677,18.166,56.954
155.147,106.391,18.166,56.954
150.719,116.534,18.166,56.954
139.718,126.963,18.166,56.954
120.432,131.678,18.166,56.954
119.387,119.479,17.779,55.739
111.417,111.230,17.779,55.739
109.599,103.540,17.779,55.739
122.602,105.078,17.779,55.739
128.614,111.649,17.779,55.739
146.091,121.576,17.779,55.739
154.340,123.114,17.779,55.739
162.589,128.567,17.779,55.739
171.398,118.361,17.779,55.739
184.960,98.926,17.779,55.739
192.370,96.270,17.779,55.739
182.723,98.647,17.779,55.739
180.626,103.540,17.779,55.739
177.410,113.467,17.779,55.739
154.061,118.361,17.779,55.739
149.726,119.619,17.779,55.739
133.071,108.219,17.400,54.551
118.977,101.241,17.400,54.551
118.566,101.651,17.400,54.551
118.977,107.535,17.400,54.551
125.134,113.419,17.400,54.551
137.313,122.861,17.400,54.551
156.880,129.018,17.400,54.551
165.227,123.134,17.400,54.551
173.026,115.882,17.400,54.551
187.120,105.072,17.400,54.551
185.615,106.304,17.400,54.551
177.542,108.630,17.400,54.551
172.664,117.254,17.785,55.758
161.056,126.905,17.785,55.758
143.573,130.121,17.785,55.758
129.447,126.905,17.785,55.758
111.685,110.821,17.785,55.758
101.755,99.772,17.785,55.758
101.615,101.030,17.785,55.758
103.993,102.009,17.785,55.758
110.566,102.709,17.785,55.758
119.937,108.443,17.785,55.758
130.147,106.345,17.785,55.758
141.755,94.737,17.785,55.758
154.203,80.051,17.785,55.758
160.496,77.953,17.785,55.758
161.196,75.855,17.785,55.758
156.580,77.674,17.785,55.758
149.447,92.079,17.785,55.758
132.245,110.121,17.785,55.758
108.049,120.051,17.785,55.758
105.951,117.674,17.785,55.758
91.545,109.702,17.785,55.758
77.273,106.038,18.178,56.991
81.991,107.610,18.178,56.991
81.562,109.754,18.178,56.991
94.285,114.758,18.178,56.991
98.978,115.166,18.580,58.252
103.508,112.682,18.580,58.252
120.019,99.677,18.580,58.252
138.868,79.951,18.580,58.252
151.581,73.084,18.580,58.252
150.850,79.951,18.580,58.252
151.288,89.449,18.580,58.252
142.614,103.168,18.184,57.010
119.018,105.885,18.184,57.010
107.149,106.886,18.184,57.010
87.844,94.445,18.184,57.010
77.977,90.870,18.184,57.010
68.682,92.157,18.184,57.010
68.253,95.446,18.184,57.010
72.400,104.741,18.184,57.010
89.703,111.176,18.184,57.010
101.572,107.601,18.184,57.010
107.149,105.170,18.184,57.010
129.887,94.159,18.184,57.010
150.050,82.289,18.184,57.010
155.055,82.432,18.184,57.010
148.906,92.586,18.184,57.010
137.323,108.459,18.184,57.010
126.312,116.896,18.184,57.010
101.000,122.759,18.184,57.010
95.709,120.328,18.184,57.010
84.698,110.175,18.184,57.010
82.553,103.740,18.184,57.010
90.879,102.831,17.796,55.794
97.177,103.811,17.796,55.794
104.786,106.429,17.417,54.604
121.633,108.210,17.417,54.604
121.422,102.323,17.046,53.440
126.126,100.180,16.682,52.300
137.540,89.554,16.682,52.300
142.394,84.437,16.682,52.300
143.837,78.009,16.682,52.300
