264.000,311.000,37.000,69.000
265.856,309.556,37.000,69.000
266.063,309.350,37.000,69.000
265.856,307.493,37.000,69.000
267.713,304.399,37.000,69.000
269.157,301.718,37.000,69.000
269.363,302.749,37.000,69.000
270.394,303.780,37.000,69.000
270.188,302.749,37.000,69.000
270.807,303.368,37.000,69.000
269.014,305.495,36.211,67.529
268.409,303.679,36.211,67.529
266.996,303.073,36.211,67.529
267.601,300.449,36.211,67.529
267.803,299.843,36.211,67.529
265.179,298.430,36.211,67.529
264.573,300.650,36.211,67.529
261.545,298.834,36.211,67.529
258.517,297.017,36.211,67.529
256.297,299.641,36.211,67.529
253.672,301.054,36.211,67.529
252.259,299.641,36.211,67.529
252.461,302.265,36.211,67.529
251.452,301.660,36.211,67.529
250.038,300.650,36.211,67.529
248.625,299.641,36.211,67.529
248.424,302.265,36.211,67.529
248.615,304.347,35.439,66.088
248.417,302.569,35.439,66.088
247.034,301.582,35.439,66.088
243.676,300.199,35.439,66.088
243.863,303.760,34.683,64.679
249.638,306.127,33.943,63.300
254.924,305.160,33.220,61.950
262.147,305.716,33.220,61.950
268.999,305.530,33.220,61.950
274.740,301.641,33.220,61.950
280.481,299.234,33.220,61.950
286.963,296.456,33.220,61.950
294.926,292.196,33.220,61.950
302.149,288.307,33.220,61.950
310.536,301.998,32.511,60.629
318.394,304.566,31.818,59.336
327.086,301.906,31.818,59.336
335.068,303.147,31.818,59.336
342.695,303.325,31.818,59.336
351.387,304.566,31.818,59.336
360.079,304.744,31.818,59.336
369.480,303.502,31.818,59.336
378.526,305.099,31.818,59.336
388.282,306.340,31.818,59.336
397.683,307.582,31.818,59.336
406.375,309.533,31.818,59.336
415.421,310.775,31.818,59.336
425.532,311.307,31.818,59.336
434.933,312.903,31.818,59.336
443.980,311.307,31.818,59.336
453.013,313.411,32.522,60.649
456.821,317.581,32.522,60.649
461.886,321.198,31.828,59.355
438.795,304.900,31.149,58.090
434.667,300.834,31.839,59.375
431.184,298.888,32.543,60.689
380.567,247.960,33.263,62.031
372.222,257.788,33.263,62.031
370.182,261.312,33.263,62.031
368.884,264.093,33.263,62.031
372.037,263.166,33.263,62.031
371.110,265.577,33.263,62.031
375.004,264.279,33.263,62.031
377.415,262.981,33.263,62.031
376.487,262.795,33.263,62.031
379.640,261.868,33.263,62.031
378.713,264.650,33.263,62.031
381.494,261.868,33.263,62.031
380.196,264.279,33.263,62.031
384.090,263.722,33.263,62.031
386.872,262.424,33.263,62.031
388.541,261.126,33.263,62.031
386.501,264.279,33.263,62.031
389.283,263.722,33.263,62.031
388.355,267.246,33.263,62.031
391.508,266.689,33.263,62.031
390.581,270.213,33.263,62.031
393.362,269.286,33.263,62.031
395.402,270.584,33.263,62.031
394.104,273.736,33.263,62.031
397.998,272.809,33.263,62.031
401.151,271.882,33.263,62.031
404.303,270.954,33.263,62.031
406.343,272.253,33.263,62.031
405.416,274.292,33.263,62.031
409.310,273.365,33.263,62.031
412.091,275.405,33.263,62.031
415.615,275.220,33.263,62.031
418.767,275.034,33.263,62.031
422.290,278.187,33.263,62.031
425.443,280.226,33.263,62.031
429.337,279.299,33.263,62.031
456.596,237.576,33.263,62.031
456.411,241.099,33.263,62.031
456.226,243.881,33.263,62.031
458.265,247.404,33.263,62.031
457.338,250.927,33.263,62.031
457.153,254.080,33.263,62.031
457.338,255.749,33.263,62.031
457.524,257.788,33.263,62.031
456.596,260.199,33.263,62.031
454.928,271.882,33.263,62.031
454.371,275.776,33.263,62.031
453.444,278.557,33.263,62.031
454.742,279.485,33.263,62.031
456.040,280.783,33.263,62.031
456.596,283.564,33.263,62.031
456.040,285.604,33.263,62.031
457.338,289.127,33.263,62.031
457.153,290.425,33.263,62.031
457.338,292.094,33.263,62.031
457.153,292.651,33.263,62.031
456.967,294.691,33.263,62.031
456.782,293.763,33.263,62.031
456.597,295.061,33.263,62.031
456.040,297.101,33.263,62.031
457.709,298.399,33.263,62.031
456.411,300.068,33.263,62.031
456.226,301.366,33.263,62.031
457.524,303.035,33.263,62.031
456.194,301.772,33.999,63.404
457.470,304.457,33.274,62.052
457.288,309.231,32.564,60.728
418.265,333.501,31.870,59.433
422.706,334.390,31.870,59.433
428.214,335.633,31.870,59.433
432.301,336.877,31.870,59.433
436.387,338.121,31.870,59.433
440.829,339.720,31.870,59.433
444.915,340.608,31.870,59.433
449.357,341.852,31.870,59.433
452.378,341.674,31.870,59.433
456.819,341.497,31.870,59.433
460.195,339.898,31.870,59.433
460.728,339.365,31.870,59.433
462.609,340.170,31.190,58.166
459.653,337.214,31.190,58.166
458.436,335.301,31.190,58.166
457.931,335.418,30.525,56.925
422.991,348.327,29.874,55.711
424.433,350.045,29.237,54.523
425.248,350.208,29.237,54.523
426.063,349.067,29.237,54.523
426.846,351.062,28.614,53.361
427.963,352.179,28.614,53.361
430.882,352.594,28.003,52.223
433.438,352.398,27.406,51.109
435.644,353.974,26.822,50.019
436.691,353.526,26.822,50.019
438.934,353.376,26.822,50.019
441.670,354.918,26.250,48.952
444.066,356.710,25.690,47.909
446.500,355.707,25.690,47.909
448.935,356.423,25.690,47.909
451.370,355.994,25.690,47.909
454.950,355.564,25.690,47.909
456.526,354.561,25.690,47.909
460.106,354.132,25.690,47.909
462.827,357.139,25.690,47.909
464.689,360.433,25.690,47.909
465.119,362.582,25.690,47.909
461.825,357.283,25.690,47.909
457.826,317.079,26.258,48.969
461.193,310.199,26.258,48.969
462.510,306.832,26.258,48.969
462.949,305.807,26.258,48.969
461.339,303.904,26.258,48.969
462.889,306.261,25.699,47.924
461.886,307.836,25.699,47.924
461.743,306.547,25.699,47.924
462.984,309.129,25.150,46.902
462.563,308.709,25.150,46.902
461.862,308.288,25.150,46.902
463.124,309.830,25.150,46.902
462.703,308.569,25.150,46.902
462.282,310.672,25.150,46.902
463.264,311.653,25.150,46.902
462.563,310.672,25.150,46.902
461.862,312.775,25.150,46.902
462.282,314.598,25.150,46.902
462.416,316.855,24.614,45.902
463.868,319.328,24.089,44.923
463.197,317.582,24.089,44.923
462.525,315.836,24.089,44.923
463.734,316.239,24.089,44.923
463.331,316.105,24.089,44.923
463.197,316.776,24.089,44.923
463.331,317.716,24.089,44.923
463.465,315.971,24.089,44.923
463.868,317.716,24.089,44.923
464.271,319.462,24.089,44.923
463.600,318.254,24.089,44.923
464.271,319.462,24.089,44.923
463.600,318.522,24.089,44.923
464.271,319.462,24.089,44.923
463.600,320.134,24.089,44.923
464.271,321.074,24.089,44.923
463.600,320.134,24.089,44.923
463.734,320.805,24.089,44.923
463.331,319.597,24.089,44.923
462.928,320.268,24.089,44.923
464.137,321.477,24.089,44.923
463.197,321.880,24.089,44.923
463.600,321.208,24.089,44.923
464.003,322.148,24.089,44.923
464.648,321.721,23.576,43.965
464.779,321.064,23.576,43.965
464.904,321.153,23.073,43.028
464.518,321.024,23.073,43.028
465.136,321.607,22.581,42.110
465.010,321.733,22.581,42.110
463.585,321.659,23.080,43.042
457.537,321.530,23.080,43.042
455.607,323.203,23.080,43.042
456.765,328.736,23.080,43.042
458.438,332.210,23.080,43.042
461.140,333.110,23.080,43.042
462.813,333.754,23.080,43.042
463.456,335.169,23.080,43.042
466.158,332.724,23.080,43.042
467.059,330.537,23.080,43.042
466.673,329.379,23.080,43.042
466.544,331.052,23.080,43.042
466.158,332.467,23.080,43.042
464.486,327.449,23.080,43.042
463.070,324.747,23.080,43.042
464.228,323.846,23.080,43.042
464.598,323.685,22.588,42.124
464.976,323.811,22.588,42.124
465.354,322.677,22.588,42.124
464.976,321.292,22.588,42.124
465.858,321.922,22.588,42.124
466.235,320.789,22.588,42.124
465.858,320.159,22.588,42.124
466.235,318.270,22.588,42.124
465.354,316.633,22.588,42.124
463.969,312.477,22.588,42.124
458.554,306.307,22.588,42.124
459.184,304.418,22.588,42.124
457.798,306.055,22.588,42.124
462.458,309.959,22.588,42.124
464.095,311.848,22.588,42.124
461.954,305.677,22.588,42.124
460.317,301.522,22.588,42.124
457.672,299.381,22.588,42.124
464.598,300.514,22.588,42.124
465.732,300.892,22.588,42.124
458.806,303.033,22.588,42.124
459.687,302.403,22.588,42.124
460.569,301.522,22.588,42.124
461.198,301.648,22.588,42.124
462.332,301.774,22.588,42.124
459.687,300.137,22.588,42.124
461.324,301.270,22.588,42.124
459.939,299.633,22.588,42.124
460.821,299.003,22.588,42.124
461.702,301.648,22.588,42.124
463.843,303.285,22.588,42.124
465.228,303.411,22.588,42.124
464.346,304.544,22.588,42.124
466.651,306.571,22.106,41.226
468.431,308.317,21.635,40.346
468.080,307.004,21.174,39.486
468.647,306.628,20.722,38.644
469.202,307.820,20.280,37.820
469.527,308.768,19.848,37.013
470.912,307.136,19.424,36.224
471.641,306.166,19.010,35.452
457.441,319.925,18.605,34.696
458.539,321.595,18.208,33.956
458.048,320.489,17.820,33.232
459.340,322.178,17.820,33.232
460.234,326.052,17.820,33.232
462.052,325.162,17.440,32.523
462.706,325.790,17.068,31.829
463.714,325.487,16.704,31.151
465.597,326.807,16.348,30.486
467.792,326.341,15.999,29.836
469.252,325.886,15.658,29.200
470.344,325.440,15.324,28.577
469.917,323.817,15.324,28.577
470.492,320.416,14.997,27.968
470.760,317.938,15.329,28.587
470.502,315.937,15.668,29.219
469.694,314.436,16.015,29.865
469.426,313.454,16.015,29.865
470.230,312.472,16.015,29.865
471.748,310.775,16.015,29.865
473.037,310.147,15.673,29.229
473.998,310.934,15.673,29.229
475.134,312.069,15.673,29.229
463.163,302.895,15.673,29.229
464.125,302.283,15.673,29.229
465.855,302.776,16.020,29.875
469.477,277.705,16.375,30.536
470.116,271.407,16.375,30.536
469.477,271.863,16.375,30.536
469.751,273.780,16.375,30.536
470.207,276.062,16.375,30.536
469.751,277.979,16.375,30.536
469.659,279.896,16.375,30.536
470.298,281.813,16.375,30.536
466.008,286.286,16.375,30.536
469.568,288.751,16.375,30.536
469.842,291.033,16.375,30.536
469.020,293.133,16.375,30.536
470.207,292.128,16.375,30.536
470.481,290.942,16.375,30.536
470.572,290.303,16.375,30.536
470.298,289.116,16.375,30.536
469.477,279.896,16.375,30.536
469.933,277.797,16.375,30.536
469.140,275.571,16.025,29.885
469.051,275.124,16.025,29.885
467.710,288.078,16.025,29.885
469.229,287.453,16.025,29.885
470.033,286.291,16.025,29.885
469.587,284.951,16.025,29.885
470.391,285.934,16.025,29.885
469.944,286.023,16.025,29.885
470.748,284.147,16.025,29.885
470.837,282.628,16.025,29.885
471.439,282.000,15.684,29.248
471.526,280.688,15.684,29.248
468.722,288.075,16.031,29.895
469.668,290.720,15.689,29.257
469.222,290.668,16.036,29.905
468.597,289.685,16.036,29.905
469.715,286.471,15.694,29.267
471.203,283.059,15.694,29.267
470.240,290.671,15.694,29.267
468.753,307.556,15.694,29.267
470.065,308.344,15.694,29.267
468.753,319.980,15.694,29.267
467.762,321.200,16.041,29.914
468.925,325.045,16.041,29.914
468.478,327.281,16.041,29.914
469.283,322.004,16.041,29.914
468.657,316.192,16.041,29.914
469.640,313.062,16.041,29.914
469.372,315.297,16.041,29.914
468.746,316.639,16.041,29.914
469.193,315.655,16.041,29.914
467.494,316.997,16.041,29.914
467.405,321.021,16.041,29.914
467.315,322.541,16.041,29.914
468.120,323.882,16.041,29.914
468.567,325.760,16.041,29.914
468.836,327.996,16.041,29.914
468.746,330.411,16.041,29.914
469.014,331.573,16.041,29.914
468.925,331.305,16.041,29.914
469.909,331.037,16.041,29.914
468.925,332.736,16.041,29.914
468.478,333.719,16.041,29.914
468.389,333.630,16.041,29.914
468.120,335.150,16.041,29.914
467.673,333.988,16.041,29.914
469.014,334.256,16.041,29.914
468.389,333.630,16.041,29.914
469.372,335.687,16.041,29.914
466.958,337.028,16.041,29.914
465.974,337.654,16.041,29.914
470.343,312.736,16.396,30.576
468.789,315.022,16.396,30.576
468.880,317.124,16.396,30.576
467.509,319.592,16.396,30.576
468.149,323.705,16.396,30.576
467.692,328.367,16.396,30.576
468.880,332.480,16.396,30.576
468.423,334.034,16.396,30.576
468.880,336.319,16.396,30.576
468.606,337.690,16.396,30.576
469.246,339.061,16.396,30.576
468.423,340.798,16.396,30.576
468.149,342.169,16.396,30.576
466.961,341.529,16.396,30.576
465.772,343.632,16.396,30.576
464.450,345.279,16.046,29.924
462.392,346.621,16.046,29.924
460.692,351.004,16.046,29.924
469.727,344.832,16.046,29.924
469.996,343.132,16.046,29.924
468.654,340.359,16.046,29.924
469.101,341.701,16.046,29.924
468.833,345.011,16.046,29.924
469.996,346.710,16.046,29.924
469.012,348.410,16.046,29.924
468.743,350.647,16.046,29.924
469.727,351.452,16.046,29.924
469.280,352.615,16.046,29.924
468.833,354.493,16.046,29.924
470.175,353.867,16.046,29.924
469.727,351.273,16.046,29.924
470.354,350.110,16.046,29.924
469.906,350.736,16.046,29.924
470.175,358.519,16.046,29.924
468.833,360.755,16.046,29.924
469.280,362.276,16.046,29.924
469.370,361.292,16.046,29.924
468.386,373.726,16.046,29.924
469.549,370.774,16.046,29.924
470.354,369.075,16.046,29.924
469.727,368.269,16.046,29.924
470.354,365.675,16.046,29.924
469.191,371.848,16.046,29.924
468.549,371.795,16.401,30.586
469.738,378.653,16.401,30.586
468.549,380.756,16.401,30.586
467.909,377.007,16.401,30.586
467.633,375.625,16.764,31.263
468.474,374.036,16.764,31.263
469.103,370.316,16.407,30.596
469.895,369.143,16.057,29.944
469.462,370.584,15.714,29.305
468.499,369.270,15.714,29.305
467.870,369.946,16.062,29.954
467.971,370.451,16.418,30.616
467.331,370.908,16.418,30.616
441.795,349.204,16.781,31.294
438.989,348.179,17.152,31.986
440.806,347.509,17.152,31.986
442.700,346.262,17.532,32.694
444.432,345.597,17.919,33.417
446.530,345.297,17.919,33.417
448.716,317.461,18.316,34.157
448.205,315.521,18.316,34.157
449.533,315.623,18.316,34.157
449.226,313.888,18.316,34.157
451.166,314.602,18.316,34.157
450.247,313.683,18.316,34.157
451.575,314.602,18.316,34.157
450.860,314.092,18.316,34.157
452.392,316.032,18.316,34.157
451.881,317.155,18.316,34.157
453.413,317.461,18.316,34.157
455.353,316.134,18.316,34.157
457.089,316.849,18.316,34.157
458.825,315.521,18.316,34.157
459.539,315.623,18.316,34.157
460.254,315.930,18.316,34.157
460.152,316.849,18.316,34.157
461.479,317.768,18.316,34.157
463.419,318.074,18.316,34.157
465.768,318.993,18.316,34.157
467.504,319.708,18.316,34.157
468.627,320.627,18.316,34.157
466.483,317.870,18.316,34.157
466.186,316.955,17.925,33.428
467.822,318.178,17.543,32.715
468.480,317.867,17.169,32.018
469.309,316.825,16.803,31.335
469.037,318.332,16.444,30.667
470.184,316.450,16.094,30.013
471.171,315.284,16.094,30.013
460.853,308.914,16.094,30.013
462.737,307.747,16.094,30.013
466.595,305.145,16.094,30.013
467.941,304.876,16.094,30.013
468.928,305.504,16.094,30.013
469.915,306.491,16.094,30.013
470.364,307.299,16.094,30.013
471.171,306.850,16.094,30.013
471.261,306.940,16.094,30.013
471.709,306.671,16.094,30.013
470.902,305.504,16.094,30.013
469.735,287.470,16.094,30.013
469.825,287.022,16.094,30.013
469.915,288.368,16.094,30.013
470.184,289.893,16.094,30.013
470.633,290.342,16.094,30.013
470.005,291.687,16.094,30.013
470.812,293.213,16.094,30.013
471.081,292.943,16.094,30.013
470.810,292.146,16.450,30.677
470.152,282.387,16.814,31.355
470.434,278.732,16.814,31.355
470.527,275.638,16.814,31.355
471.520,275.340,16.455,30.687
470.192,284.952,16.104,30.032
445.144,259.749,16.461,30.697
446.153,258.556,16.461,30.697
447.346,259.382,16.461,30.697
448.723,260.208,16.461,30.697
450.650,258.648,16.461,30.697
453.678,256.721,16.461,30.697
457.074,254.977,16.461,30.697
459.735,253.601,16.461,30.697
460.744,253.876,16.461,30.697
462.488,254.152,16.461,30.697
463.130,252.408,16.461,30.697
465.975,253.050,16.461,30.697
466.434,253.693,16.461,30.697
466.526,254.519,16.461,30.697
467.535,256.079,16.461,30.697
468.728,259.474,16.461,30.697
470.164,260.372,16.825,31.376
470.446,261.404,16.825,31.376
470.915,262.436,16.825,31.376
470.633,274.911,16.825,31.376
470.352,276.130,16.825,31.376
469.320,277.725,16.825,31.376
469.226,279.131,16.825,31.376
469.320,278.100,16.825,31.376
469.226,278.756,16.825,31.376
469.133,279.038,16.825,31.376
468.851,277.443,16.825,31.376
469.883,277.912,16.825,31.376
470.164,278.569,16.825,31.376
469.883,279.038,16.825,31.376
471.238,277.655,16.466,30.707
470.579,277.601,16.830,31.386
469.922,276.568,16.830,31.386
469.266,275.349,16.830,31.386
468.046,274.129,16.830,31.386
468.515,274.786,16.830,31.386
467.858,276.568,16.830,31.386
469.641,277.976,16.830,31.386
468.421,277.131,16.830,31.386
467.764,276.662,16.830,31.386
468.421,277.694,16.830,31.386
467.748,277.834,17.203,32.081
468.803,279.272,17.203,32.081
468.515,279.944,17.203,32.081
468.420,280.807,17.203,32.081
469.666,281.862,17.203,32.081
468.228,280.040,17.203,32.081
467.341,278.988,17.583,32.791
466.851,280.263,17.583,32.791
467.929,278.596,17.583,32.791
467.635,275.361,17.583,32.791
468.713,273.891,17.583,32.791
467.439,274.185,17.583,32.791
468.321,273.695,17.583,32.791
468.027,273.009,17.583,32.791
467.733,271.930,17.583,32.791
467.243,272.813,17.583,32.791
468.125,271.930,17.583,32.791
467.635,273.793,17.583,32.791
468.517,273.303,17.583,32.791
468.223,273.989,17.583,32.791
467.929,275.263,17.583,32.791
467.635,273.989,17.583,32.791
467.341,274.675,17.583,32.791
466.655,274.969,17.583,32.791
467.537,274.479,17.583,32.791
466.851,273.205,17.583,32.791
466.753,273.695,17.583,32.791
467.270,274.858,17.972,33.516
466.569,274.357,17.972,33.516
465.868,273.655,17.972,33.516
467.771,274.557,17.972,33.516
467.471,274.056,17.972,33.516
468.573,274.557,17.972,33.516
467.471,275.459,17.972,33.516
468.372,276.160,17.972,33.516
468.272,276.461,17.972,33.516
467.972,278.164,17.972,33.516
468.067,279.970,17.589,32.801
466.988,281.049,17.589,32.801
466.498,283.108,17.589,32.801
468.165,283.402,17.589,32.801
467.282,283.304,17.589,32.801
467.576,281.441,17.589,32.801
468.501,282.197,17.978,33.527
469.403,283.099,17.978,33.527
467.298,279.190,17.978,33.527
466.797,277.486,17.978,33.527
466.096,278.789,17.978,33.527
465.995,277.286,17.978,33.527
467.098,275.983,17.978,33.527
468.200,274.680,17.978,33.527
467.699,273.578,17.978,33.527
467.198,272.074,17.978,33.527
468.300,272.575,17.978,33.527
467.599,273.678,17.978,33.527
468.080,272.586,17.595,32.812
467.590,273.273,17.595,32.812
468.080,272.586,17.595,32.812
467.982,271.311,17.595,32.812
467.688,270.036,17.595,32.812
468.571,271.703,17.595,32.812
467.688,272.390,17.595,32.812
468.613,272.943,17.984,33.538
467.309,273.043,17.984,33.538
469.214,274.347,17.984,33.538
470.317,278.056,17.984,33.538
470.026,278.897,17.601,32.823
469.731,278.995,17.601,32.823
469.437,277.720,17.601,32.823
470.124,277.229,17.601,32.823
469.830,277.327,17.601,32.823
470.112,276.448,17.225,32.123
470.016,277.312,17.225,32.123
469.728,278.368,17.225,32.123
471.115,278.988,16.858,31.438
470.479,277.784,16.498,30.767
470.387,278.243,16.498,30.767
470.295,278.335,16.498,30.767
470.203,277.324,16.498,30.767
471.532,278.627,16.147,30.111
470.923,280.076,15.802,29.469
471.011,280.869,15.802,29.469
471.099,281.485,15.802,29.469
470.843,282.734,15.465,28.841
470.584,282.820,15.465,28.841
471.188,283.423,15.465,28.841
470.584,282.475,15.465,28.841
470.671,283.423,15.465,28.841
470.757,284.372,15.465,28.841
471.533,285.320,15.465,28.841
471.282,286.708,15.135,28.226
470.016,285.442,15.135,28.226
468.920,285.358,15.135,28.226
470.240,287.234,15.470,28.850
469.292,290.598,15.470,28.850
470.930,294.134,15.470,28.850
470.154,295.600,15.470,28.850
470.585,296.376,15.470,28.850
471.189,295.255,15.470,28.850
470.585,294.824,15.470,28.850
471.016,295.255,15.470,28.850
470.413,296.031,15.470,28.850
470.844,296.635,15.470,28.850
470.068,297.929,15.470,28.850
470.499,298.187,15.470,28.850
470.930,297.411,15.470,28.850
470.326,295.773,15.470,28.850
470.758,295.169,15.470,28.850
470.844,296.118,15.470,28.850
467.135,297.239,15.470,28.850
471.540,293.972,15.140,28.235
470.443,292.706,15.140,28.235
470.358,294.141,15.140,28.235
470.443,295.913,15.140,28.235
470.358,297.517,15.140,28.235
470.611,298.952,15.140,28.235
470.696,298.867,15.140,28.235
470.443,298.445,15.140,28.235
470.527,299.543,15.140,28.235
470.443,301.315,15.140,28.235
470.527,302.412,15.140,28.235
470.274,303.341,15.140,28.235
470.021,303.257,15.140,28.235
469.936,303.679,15.140,28.235
469.852,304.607,15.140,28.235
470.949,304.185,15.140,28.235
469.852,305.620,15.140,28.235
470.780,306.886,15.140,28.235
470.358,307.983,15.140,28.235
471.415,309.830,14.818,27.633
470.506,311.565,14.818,27.633
469.597,313.300,14.818,27.633
465.054,315.860,14.818,27.633
462.163,316.439,14.818,27.633
457.289,316.521,14.818,27.633
451.920,317.099,14.818,27.633
449.689,316.191,14.818,27.633
445.972,315.117,14.818,27.633
442.585,314.539,14.818,27.633
438.537,313.795,14.818,27.633
435.646,313.382,14.818,27.633
432.259,311.978,14.818,27.633
428.872,311.069,14.818,27.633
424.990,310.326,14.818,27.633
421.603,311.069,14.818,27.633
416.564,311.978,14.818,27.633
413.508,312.721,14.818,27.633
413.425,313.300,14.818,27.633
411.195,313.878,14.818,27.633
404.008,307.352,14.818,27.633
397.813,307.600,14.818,27.633
392.774,306.361,14.818,27.633
388.395,306.113,14.818,27.633
384.513,304.709,14.818,27.633
381.622,301.322,14.818,27.633
380.383,300.248,14.818,27.633
379.804,299.835,14.818,27.633
383.852,300.413,14.818,27.633
387.752,299.673,14.502,27.043
393.331,296.358,14.502,27.043
396.322,295.145,14.502,27.043
399.636,296.196,14.502,27.043
405.168,297.809,14.192,26.467
409.045,297.888,14.192,26.467
411.972,295.910,14.192,26.467
413.950,294.724,14.192,26.467
418.460,294.170,14.192,26.467
420.754,292.508,14.192,26.467
424.315,291.638,14.192,26.467
427.084,289.976,14.192,26.467
428.587,287.049,14.192,26.467
432.306,285.862,14.192,26.467
435.708,284.675,14.192,26.467
439.585,283.330,14.192,26.467
444.411,281.511,14.192,26.467
448.605,281.906,14.192,26.467
455.172,280.878,14.192,26.467
461.106,280.007,14.192,26.467
466.882,280.719,14.192,26.467
471.075,281.590,14.192,26.467
471.471,282.302,14.192,26.467
470.600,280.165,14.192,26.467
471.471,279.295,14.192,26.467
470.917,279.849,14.192,26.467
471.312,279.928,14.192,26.467
471.392,283.963,14.192,26.467
471.154,285.467,14.192,26.467
471.075,283.963,14.192,26.467
471.312,286.416,14.192,26.467
471.075,280.957,14.192,26.467
470.679,278.187,14.192,26.467
472.025,279.058,14.192,26.467
463.413,278.190,14.506,27.052
466.728,277.624,14.506,27.052
470.847,276.738,14.827,27.651
470.268,282.772,14.827,27.651
471.508,281.367,14.827,27.651
449.438,294.179,14.827,27.651
458.282,294.758,14.827,27.651
467.623,293.848,14.827,27.651
470.847,292.443,14.827,27.651
470.599,290.542,14.827,27.651
460.762,284.508,14.827,27.651
469.775,280.514,15.155,28.263
471.211,280.599,15.155,28.263
470.450,279.162,15.155,28.263
469.521,279.754,15.155,28.263
467.578,282.880,15.155,28.263
470.197,283.302,15.155,28.263
465.719,286.260,15.155,28.263
459.382,287.527,15.155,28.263
457.946,278.655,15.155,28.263
460.565,278.064,15.155,28.263
460.481,279.500,15.155,28.263
464.433,281.905,15.491,28.888
465.210,283.891,15.491,28.888
466.678,285.359,15.491,28.888
467.456,284.582,15.491,28.888
468.060,283.632,15.491,28.888
468.665,284.928,15.491,28.888
467.887,286.223,15.491,28.888
468.343,284.739,15.833,29.527
466.794,282.672,16.184,30.180
464.719,282.401,16.184,30.180
463.546,283.755,16.184,30.180
462.373,284.928,16.184,30.180
462.103,286.461,16.184,30.180
459.667,288.176,16.184,30.180
461.201,289.709,16.184,30.180
462.013,289.980,16.184,30.180
461.742,290.070,16.184,30.180
461.471,290.341,16.184,30.180
462.103,290.251,16.184,30.180
463.515,291.134,16.542,30.848
466.005,291.779,16.542,30.848
467.204,291.503,16.542,30.848
467.849,290.673,16.542,30.848
469.602,291.503,16.542,30.848
470.063,292.886,16.542,30.848
470.708,293.900,16.542,30.848
470.063,293.439,16.542,30.848
469.970,294.822,16.542,30.848
469.878,296.206,16.542,30.848
469.970,297.773,16.542,30.848
469.878,301.554,16.542,30.848
470.155,304.598,16.542,30.848
470.431,308.563,16.542,30.848
469.601,310.131,16.542,30.848
469.509,310.407,16.542,30.848
469.417,309.208,16.542,30.848
469.521,305.327,16.908,31.531
469.823,301.164,17.282,32.228
468.956,296.444,17.282,32.228
468.065,291.989,17.664,32.941
465.724,287.640,18.055,33.670
459.990,283.195,18.454,34.415
457.006,278.976,18.454,34.415
460.324,274.646,18.863,35.177
465.056,272.438,18.863,35.177
464.951,268.337,18.863,35.177
467.790,267.180,18.863,35.177
468.737,266.234,18.863,35.177
468.421,264.867,18.863,35.177
463.058,260.345,18.863,35.177
463.164,260.450,18.863,35.177
462.848,261.607,18.863,35.177
466.318,263.394,18.863,35.177
467.054,264.551,18.863,35.177
463.584,265.498,18.863,35.177
462.007,267.075,18.863,35.177
459.799,268.232,18.863,35.177
456.959,268.547,18.863,35.177
456.433,267.390,18.863,35.177
454.856,268.127,18.863,35.177
450.965,269.494,18.863,35.177
449.598,270.230,18.863,35.177
447.600,272.438,18.863,35.177
449.178,273.174,18.863,35.177
450.124,274.121,18.863,35.177
448.336,275.488,18.863,35.177
446.969,276.224,18.863,35.177
446.443,278.011,18.863,35.177
445.287,279.589,18.863,35.177
443.709,282.007,18.863,35.177
442.553,283.585,18.863,35.177
445.392,285.373,18.863,35.177
446.549,288.422,18.863,35.177
447.074,289.789,18.863,35.177
445.707,290.315,18.863,35.177
445.182,291.261,18.863,35.177
446.969,290.525,18.863,35.177
446.443,289.158,18.863,35.177
445.287,289.894,18.863,35.177
444.971,291.051,18.863,35.177
444.656,290.736,18.863,35.177
444.130,289.999,18.863,35.177
446.128,290.946,18.863,35.177
446.023,291.892,18.863,35.177
444.866,292.628,18.863,35.177
446.233,291.051,18.863,35.177
447.180,289.684,18.863,35.177
445.392,287.686,18.863,35.177
446.128,285.898,18.863,35.177
443.920,284.531,18.863,35.177
442.973,283.374,18.863,35.177
444.761,282.218,18.863,35.177
444.656,281.482,18.863,35.177
445.813,280.956,18.863,35.177
445.076,281.482,18.863,35.177
446.233,282.007,18.863,35.177
448.021,282.533,18.863,35.177
450.019,281.166,18.863,35.177
450.124,282.323,18.863,35.177
449.809,283.480,18.863,35.177
449.283,284.216,18.863,35.177
447.705,284.531,18.863,35.177
449.703,285.267,18.863,35.177
451.070,287.686,18.863,35.177
452.227,288.422,18.863,35.177
455.066,288.527,18.863,35.177
456.854,289.263,18.863,35.177
458.852,291.472,18.863,35.177
461.691,291.787,18.863,35.177
464.741,290.841,18.863,35.177
466.949,291.366,18.863,35.177
467.475,292.103,18.863,35.177
468.421,290.105,18.863,35.177
467.265,286.634,18.863,35.177
465.687,284.847,18.863,35.177
463.900,280.746,18.863,35.177
462.112,279.589,18.863,35.177
460.324,281.166,18.863,35.177
462.112,284.847,18.863,35.177
460.114,289.158,18.863,35.177
457.485,281.482,18.863,35.177
455.487,281.376,18.863,35.177
454.330,280.851,18.863,35.177
452.963,277.170,18.863,35.177
454.961,275.382,18.863,35.177
455.697,273.595,18.863,35.177
455.803,272.438,18.863,35.177
455.277,272.753,18.863,35.177
457.064,272.438,18.863,35.177
458.642,274.226,18.863,35.177
460.850,277.696,18.863,35.177
463.058,279.063,18.863,35.177
466.318,281.061,18.863,35.177
468.947,282.849,18.863,35.177
468.001,284.005,18.863,35.177
468.106,286.424,18.863,35.177
468.421,289.263,18.863,35.177
468.737,293.995,18.863,35.177
468.001,299.569,18.863,35.177
468.106,304.091,18.863,35.177
468.421,305.878,18.863,35.177
467.475,307.876,18.863,35.177
465.477,311.767,18.863,35.177
462.848,313.765,18.863,35.177
460.429,315.973,18.863,35.177
459.483,318.182,18.863,35.177
455.592,321.442,18.863,35.177
452.543,325.543,18.863,35.177
452.437,329.434,18.863,35.177
455.066,330.170,18.863,35.177
454.541,329.644,18.863,35.177
458.642,330.590,18.863,35.177
462.533,332.588,18.863,35.177
468.527,332.273,18.863,35.177
469.263,333.430,18.863,35.177
468.737,329.118,18.863,35.177
468.001,324.176,18.863,35.177
468.527,320.705,18.863,35.177
467.580,319.549,18.863,35.177
467.054,318.602,18.863,35.177
468.001,319.549,18.863,35.177
468.737,320.705,18.863,35.177
467.370,321.021,18.863,35.177
468.106,320.075,18.863,35.177
467.580,320.811,18.863,35.177
466.390,319.658,19.280,35.955
467.357,318.475,19.280,35.955
467.249,317.938,19.280,35.955
466.712,316.111,19.280,35.955
467.279,314.486,19.707,36.750
466.950,315.475,19.707,36.750
466.620,314.926,19.707,36.750
467.829,315.036,19.707,36.750
468.378,316.464,19.707,36.750
469.147,317.892,19.707,36.750
455.414,319.760,19.707,36.750
459.699,318.551,19.707,36.750
465.082,323.495,19.707,36.750
467.609,325.143,19.707,36.750
468.817,325.912,19.707,36.750
468.048,327.340,19.707,36.750
462.885,328.549,19.707,36.750
464.753,333.932,19.707,36.750
467.060,325.033,19.707,36.750
466.950,327.340,19.707,36.750
466.840,332.724,19.707,36.750
467.609,337.887,19.707,36.750
448.823,340.194,19.707,36.750
455.964,339.865,19.707,36.750
462.926,337.976,20.143,37.563
468.204,338.089,20.143,37.563
467.867,340.222,20.143,37.563
466.632,344.377,20.143,37.563
465.873,345.319,19.713,36.762
469.499,346.308,19.713,36.762
444.552,331.691,19.713,36.762
451.256,330.922,19.713,36.762
454.663,329.493,19.713,36.762
454.114,325.867,19.713,36.762
451.806,323.779,19.713,36.762
450.377,319.712,19.713,36.762
448.509,317.844,19.713,36.762
444.223,317.295,19.713,36.762
436.420,316.086,19.713,36.762
431.474,317.295,19.713,36.762
426.529,316.965,19.713,36.762
422.243,316.415,19.713,36.762
417.517,314.987,19.713,36.762
413.012,313.558,19.713,36.762
410.044,314.327,19.713,36.762
408.396,313.558,19.713,36.762
407.187,313.228,19.713,36.762
405.978,314.657,19.713,36.762
405.868,316.965,19.713,36.762
405.099,318.394,19.713,36.762
405.429,319.163,19.713,36.762
407.077,319.932,19.713,36.762
406.747,320.921,19.713,36.762
411.033,320.152,19.713,36.762
412.242,319.822,19.713,36.762
411.913,320.372,19.713,36.762
413.561,319.603,19.713,36.762
414.770,318.394,19.713,36.762
414.220,317.405,19.713,36.762
413.891,318.394,19.713,36.762
412.022,318.064,19.713,36.762
411.253,318.613,19.713,36.762
412.462,317.624,19.713,36.762
414.111,316.855,19.713,36.762
412.242,316.086,19.713,36.762
414.111,315.536,19.713,36.762
414.440,315.207,19.713,36.762
417.188,314.437,19.713,36.762
421.694,313.009,19.713,36.762
423.782,311.800,19.713,36.762
426.089,311.030,19.713,36.762
429.057,310.921,19.713,36.762
431.584,309.932,19.713,36.762
434.112,308.942,19.713,36.762
434.662,308.613,19.713,36.762
433.892,308.503,19.713,36.762
432.024,307.734,19.713,36.762
429.936,308.942,19.713,36.762
425.210,308.393,19.713,36.762
424.661,306.964,19.713,36.762
422.792,306.195,19.713,36.762
422.023,305.865,19.713,36.762
421.694,305.316,19.713,36.762
420.924,304.107,19.713,36.762
422.573,305.316,19.713,36.762
424.441,303.667,19.713,36.762
421.913,302.458,19.713,36.762
417.188,303.228,19.713,36.762
416.638,304.217,19.713,36.762
417.627,303.448,19.713,36.762
417.517,304.656,19.713,36.762
416.968,304.327,19.713,36.762
415.979,303.338,19.713,36.762
414.550,304.107,19.713,36.762
412.902,305.536,19.713,36.762
411.913,305.206,19.713,36.762
411.583,304.656,19.713,36.762
411.253,306.964,19.713,36.762
410.044,308.173,19.713,36.762
411.473,307.184,19.713,36.762
410.704,308.613,19.713,36.762
409.934,309.382,19.713,36.762
412.902,307.953,19.713,36.762
414.330,306.525,19.713,36.762
416.199,305.096,19.713,36.762
418.946,304.107,19.713,36.762
421.034,302.678,19.713,36.762
423.342,301.469,19.713,36.762
423.452,301.360,19.713,36.762
423.562,301.689,19.713,36.762
423.012,301.360,19.713,36.762
422.683,300.370,19.713,36.762
421.694,298.942,19.713,36.762
421.364,297.513,19.713,36.762
420.814,295.865,19.713,36.762
418.726,294.216,19.713,36.762
417.517,292.787,19.713,36.762
418.287,292.238,19.713,36.762
416.858,291.469,19.713,36.762
416.309,291.139,19.713,36.762
416.858,291.908,19.713,36.762
416.309,293.117,19.713,36.762
417.078,293.886,19.713,36.762
416.528,292.897,19.713,36.762
419.276,291.689,19.713,36.762
423.562,290.480,19.713,36.762
424.551,288.611,19.713,36.762
424.441,286.523,19.713,36.762
425.210,284.875,19.713,36.762
421.803,283.226,19.713,36.762
421.034,282.017,19.713,36.762
417.627,281.248,19.713,36.762
417.078,279.600,19.713,36.762
414.990,278.391,19.713,36.762
414.220,276.742,19.713,36.762
411.693,276.413,19.713,36.762
406.967,277.841,19.713,36.762
399.604,279.490,19.713,36.762
395.538,281.138,19.713,36.762
393.010,279.929,19.713,36.762
388.504,280.918,19.713,36.762
387.295,280.589,19.713,36.762
384.768,281.358,19.713,36.762
382.460,282.567,19.713,36.762
383.009,283.336,19.713,36.762
382.240,284.105,19.713,36.762
383.009,284.875,19.713,36.762
383.119,285.204,19.713,36.762
384.548,287.512,19.713,36.762
387.295,288.721,19.713,36.762
387.185,287.952,19.713,36.762
388.834,286.303,19.713,36.762
391.361,284.435,19.713,36.762
393.230,281.907,19.713,36.762
395.098,280.479,19.713,36.762
395.648,278.611,19.713,36.762
396.856,274.764,19.713,36.762
397.186,273.555,19.713,36.762
396.637,271.907,19.713,36.762
399.384,270.698,19.713,36.762
399.054,270.148,19.713,36.762
396.747,269.599,19.713,36.762
395.098,269.489,19.713,36.762
395.208,268.500,19.713,36.762
392.021,267.071,19.713,36.762
389.933,265.643,19.713,36.762
389.383,263.994,19.713,36.762
389.713,262.126,19.713,36.762
389.164,261.356,19.713,36.762
389.493,260.148,19.713,36.762
387.625,259.378,19.713,36.762
392.131,259.488,19.713,36.762
391.801,258.939,19.713,36.762
392.131,260.148,19.713,36.762
391.801,259.598,19.713,36.762
391.252,259.488,19.713,36.762
392.460,260.697,19.713,36.762
392.131,261.686,19.713,36.762
391.362,262.675,19.713,36.762
390.153,263.664,19.713,36.762
389.603,264.653,19.713,36.762
389.933,265.642,19.713,36.762
387.845,267.291,19.713,36.762
386.636,268.939,19.713,36.762
385.207,270.588,19.713,36.762
382.679,271.577,19.713,36.762
381.471,272.126,19.713,36.762
380.482,271.797,19.713,36.762
379.273,272.786,19.713,36.762
377.404,272.236,19.713,36.762
376.415,271.467,19.713,36.762
376.965,272.236,19.713,36.762
375.316,271.687,19.713,36.762
376.965,270.918,19.713,36.762
376.635,271.687,19.713,36.762
376.086,270.698,19.713,36.762
374.657,269.928,19.713,36.762
374.987,270.258,19.713,36.762
376.635,268.829,19.713,36.762
376.745,268.720,19.713,36.762
377.954,268.170,19.713,36.762
377.185,268.500,19.713,36.762
376.635,269.049,19.713,36.762
377.404,269.599,19.713,36.762
377.514,270.368,19.713,36.762
379.602,269.599,19.713,36.762
380.372,270.148,19.713,36.762
380.481,269.599,19.713,36.762
381.690,268.610,19.713,36.762
381.141,267.840,19.713,36.762
382.350,267.730,19.713,36.762
384.658,266.522,19.713,36.762
384.328,266.192,19.713,36.762
385.976,265.642,19.713,36.762
385.867,265.533,19.713,36.762
384.877,266.082,19.713,36.762
384.108,267.950,19.713,36.762
384.877,269.159,19.713,36.762
384.768,268.610,19.713,36.762
384.218,268.280,19.713,36.762
385.647,269.049,19.713,36.762
386.636,267.840,19.713,36.762
390.702,267.731,19.713,36.762
390.592,266.522,19.713,36.762
394.439,264.434,19.713,36.762
396.307,260.587,19.713,36.762
397.516,261.137,19.713,36.762
400.703,261.027,19.713,36.762
404.989,260.038,19.713,36.762
409.495,259.708,19.713,36.762
416.198,261.576,19.713,36.762
420.924,263.005,19.713,36.762
426.309,263.774,19.713,36.762
431.914,265.643,19.713,36.762
436.640,266.851,19.713,36.762
442.244,268.939,19.713,36.762
444.992,271.028,19.713,36.762
446.860,272.017,19.713,36.762
449.388,273.226,19.713,36.762
451.256,274.434,19.713,36.762
452.025,275.423,19.713,36.762
454.333,274.654,19.713,36.762
457.081,276.962,19.713,36.762
459.608,278.171,19.713,36.762
462.356,278.061,19.713,36.762
464.884,281.028,19.713,36.762
467.191,283.996,19.713,36.762
467.741,288.501,19.713,36.762
467.191,293.447,19.713,36.762
467.741,296.634,19.713,36.762
466.972,296.744,19.713,36.762
468.181,295.755,19.713,36.762
470.192,292.439,19.293,35.978
458.468,293.837,19.293,35.978
460.512,294.590,19.293,35.978
461.910,294.483,19.293,35.978
462.878,295.666,19.293,35.978
464.706,297.279,19.293,35.978
466.750,297.817,19.293,35.978
468.363,297.279,19.293,35.978
468.256,298.462,19.293,35.978
468.363,299.215,19.293,35.978
468.256,298.677,19.293,35.978
467.933,299.430,19.293,35.978
467.610,300.398,19.293,35.978
468.148,299.645,19.293,35.978
467.153,298.020,19.720,36.774
467.049,296.358,20.156,37.588
466.488,295.572,20.156,37.588
467.499,293.437,20.156,37.588
468.285,291.751,20.156,37.588
461.431,289.616,20.156,37.588
462.957,287.452,20.602,38.420
466.899,285.954,21.058,39.270
467.486,285.367,21.058,39.270
466.899,287.128,21.058,39.270
466.782,288.654,21.058,39.270
466.899,289.946,21.058,39.270
466.547,285.837,21.058,39.270
465.960,285.250,21.058,39.270
465.139,283.724,21.058,39.270
466.899,285.485,21.058,39.270
434.147,270.557,21.524,40.139
440.746,268.277,21.524,40.139
447.106,267.437,21.524,40.139
452.986,265.637,21.524,40.139
459.345,266.717,21.524,40.139
466.665,268.037,21.524,40.139
465.825,268.877,21.524,40.139
464.985,271.637,21.524,40.139
465.618,271.815,22.000,41.027
465.986,266.296,22.000,41.027
467.090,263.966,22.000,41.027
462.307,263.352,22.000,41.027
464.637,264.456,22.000,41.027
465.986,263.598,22.000,41.027
465.863,263.475,22.000,41.027
465.986,263.107,22.000,41.027
466.599,261.513,22.000,41.027
467.458,261.881,22.000,41.027
468.316,261.513,22.000,41.027
434.098,295.033,22.487,41.934
434.474,297.917,22.487,41.934
437.107,300.298,22.487,41.934
441.745,299.421,22.487,41.934
445.631,298.042,22.487,41.934
450.270,295.911,22.487,41.934
453.153,291.022,22.487,41.934
455.786,290.144,22.487,41.934
457.666,288.765,22.487,41.934
459.546,284.127,22.487,41.934
461.928,281.996,22.487,41.934
464.811,280.366,22.487,41.934
465.438,279.489,22.487,41.934
464.561,280.868,22.487,41.934
464.185,279.238,22.487,41.934
465.814,274.600,22.487,41.934
464.937,273.471,22.487,41.934
464.310,272.343,22.487,41.934
463.683,269.711,22.487,41.934
465.313,267.329,22.487,41.934
465.188,262.189,22.487,41.934
466.316,257.551,22.487,41.934
464.686,256.172,22.487,41.934
463.809,254.542,22.487,41.934
464.937,252.662,22.487,41.934
465.062,251.032,22.487,41.934
465.689,248.901,22.487,41.934
465.564,246.770,22.487,41.934
465.438,244.639,22.487,41.934
463.558,242.508,22.487,41.934
461.928,240.377,22.487,41.934
462.054,235.738,22.487,41.934
461.928,233.858,22.487,41.934
463.307,231.977,22.487,41.934
465.188,230.097,22.487,41.934
466.316,229.470,22.487,41.934
464.686,230.348,22.487,41.934
463.558,228.467,22.487,41.934
464.937,227.088,22.487,41.934
467.319,228.467,22.487,41.934
465.689,235.362,22.487,41.934
430.714,224.884,22.984,42.862
404.959,203.229,22.984,42.862
409.956,204.639,22.984,42.862
414.954,207.073,22.984,42.862
419.951,208.995,22.984,42.862
424.692,207.329,22.984,42.862
424.051,209.251,22.984,42.862
426.589,211.569,23.493,43.811
431.434,213.271,23.493,43.811
432.351,215.236,23.493,43.811
431.958,216.677,23.493,43.811
425.803,212.355,23.493,43.811
422.529,210.914,23.493,43.811
420.564,209.473,23.493,43.811
418.599,211.438,23.493,43.811
417.660,212.720,24.012,44.780
420.471,210.712,24.012,44.780
423.283,212.720,24.012,44.780
425.291,217.673,24.012,44.780
428.905,220.216,24.012,44.780
435.732,222.492,24.012,44.780
440.417,225.303,24.012,44.780
441.622,227.311,24.012,44.780
444.166,225.571,24.012,44.780
446.441,226.776,24.012,44.780
448.985,230.122,24.012,44.780
455.009,232.398,24.012,44.780
460.230,231.193,24.012,44.780
462.505,233.469,24.012,44.780
465.049,236.280,24.012,44.780
463.576,234.272,24.012,44.780
464.513,231.729,24.012,44.780
464.915,230.256,24.012,44.780
464.245,228.248,24.012,44.780
463.041,223.563,24.012,44.780
462.371,222.090,24.012,44.780
464.379,224.098,24.012,44.780
465.049,223.429,24.012,44.780
464.647,221.421,24.012,44.780
465.316,219.413,24.012,44.780
464.915,220.886,24.012,44.780
464.781,219.681,24.012,44.780
464.112,217.673,24.012,44.780
462.639,216.468,24.012,44.780
462.237,215.799,24.012,44.780
462.104,217.271,24.012,44.780
461.434,218.744,24.012,44.780
462.639,216.736,24.012,44.780
461.970,216.334,24.012,44.780
460.732,217.644,24.544,45.771
460.034,219.267,25.087,46.783
462.132,220.526,25.087,46.783
463.391,218.428,25.087,46.783
464.650,216.890,25.087,46.783
463.671,211.435,25.087,46.783
462.971,207.939,25.087,46.783
462.272,201.366,25.087,46.783
463.531,199.827,25.087,46.783
462.552,198.289,25.087,46.783
462.412,196.191,25.087,46.783
463.671,194.373,25.087,46.783
462.692,193.114,25.087,46.783
462.272,191.856,25.087,46.783
463.251,194.233,25.087,46.783
462.552,196.051,25.087,46.783
461.853,195.072,25.087,46.783
463.111,197.450,25.087,46.783
462.692,200.387,25.087,46.783
462.552,200.247,25.087,46.783
462.692,201.506,25.087,46.783
462.552,201.646,25.087,46.783
462.132,200.387,25.087,46.783
462.832,197.730,25.087,46.783
461.853,195.632,25.087,46.783
464.142,200.849,24.552,45.786
464.826,203.723,24.552,45.786
464.690,206.324,24.552,45.786
464.279,206.460,24.552,45.786
463.868,208.514,24.552,45.786
464.279,209.198,24.552,45.786
463.047,207.966,24.552,45.786
464.553,208.924,24.552,45.786
463.868,209.335,24.552,45.786
464.279,208.103,24.552,45.786
464.142,206.597,24.552,45.786
465.100,208.924,24.552,45.786
465.237,207.145,24.552,45.786
464.005,205.913,24.552,45.786
464.963,210.977,24.552,45.786
465.100,213.030,24.552,45.786
464.963,210.977,24.552,45.786
464.826,213.852,24.552,45.786
464.963,218.916,24.552,45.786
464.826,221.516,24.552,45.786
464.416,224.938,24.552,45.786
464.005,227.539,24.552,45.786
464.963,230.139,24.552,45.786
464.826,228.634,24.552,45.786
464.690,228.223,24.552,45.786
464.826,230.276,24.552,45.786
464.690,226.854,24.552,45.786
464.005,223.980,24.552,45.786
463.321,221.653,24.552,45.786
462.637,218.779,24.552,45.786
463.321,217.547,24.552,45.786
463.184,214.673,24.552,45.786
464.142,209.608,24.552,45.786
463.458,207.829,24.552,45.786
463.047,205.229,24.552,45.786
464.827,202.354,24.552,45.786
463.047,197.016,24.552,45.786
465.374,194.963,24.552,45.786
459.215,193.184,24.552,45.786
465.100,194.416,24.552,45.786
443.885,182.781,24.552,45.786
446.759,180.728,24.552,45.786
452.645,181.960,24.552,45.786
457.709,179.907,24.552,45.786
461.678,174.295,24.552,45.786
464.279,173.064,24.552,45.786
463.321,170.737,24.552,45.786
461.815,164.577,24.552,45.786
463.595,165.536,24.552,45.786
464.005,167.315,24.552,45.786
465.511,165.809,24.552,45.786
465.374,165.399,24.552,45.786
465.785,167.725,24.552,45.786
466.195,166.220,24.552,45.786
466.325,167.632,24.028,44.809
466.459,168.301,24.028,44.809
467.444,166.277,24.560,45.801
467.599,166.765,25.103,46.814
428.554,198.916,25.659,47.850
426.694,197.914,25.659,47.850
427.696,196.341,25.659,47.850
430.589,195.334,25.111,46.829
430.449,195.194,25.111,46.829
431.709,193.374,25.111,46.829
434.929,190.995,25.111,46.829
438.148,188.055,25.111,46.829
440.808,187.075,25.111,46.829
443.748,182.175,25.111,46.829
452.568,177.275,25.111,46.829
455.227,178.815,25.111,46.829
455.647,179.515,25.111,46.829
458.749,175.832,24.576,45.831
460.530,170.214,24.576,45.831
462.311,167.885,24.576,45.831
464.366,166.926,24.576,45.831
465.288,168.603,24.052,44.853
465.157,168.694,23.539,43.897
463.976,168.038,23.539,43.897
465.112,167.873,23.037,42.961
463.700,169.029,23.037,42.961
463.314,170.699,23.037,42.961
464.984,172.882,23.037,42.961
464.342,174.295,23.037,42.961
465.498,174.937,23.037,42.961
464.856,175.579,23.037,42.961
463.443,189.064,23.037,42.961
465.112,190.733,23.037,42.961
465.755,189.064,23.037,42.961
464.856,189.706,23.037,42.961
464.470,188.293,23.037,42.961
463.549,186.352,23.547,43.911
464.731,189.372,23.547,43.911
465.650,190.816,23.547,43.911
465.256,181.758,23.547,43.911
465.650,178.476,23.547,43.911
463.943,150.253,23.547,43.911
465.124,150.910,23.547,43.911
464.993,161.280,23.547,43.911
464.862,159.311,23.547,43.911
464.731,157.079,23.547,43.911
464.337,157.211,23.547,43.911
464.993,155.767,23.547,43.911
465.650,153.535,23.547,43.911
463.943,152.616,23.547,43.911
460.550,146.547,24.068,44.883
462.294,143.997,24.068,44.883
464.307,142.253,24.068,44.883
465.515,140.240,24.068,44.883
466.185,139.033,24.068,44.883
465.246,139.972,24.068,44.883
464.307,121.590,24.068,44.883
464.978,118.773,24.068,44.883
464.307,115.687,24.068,44.883
464.978,113.406,24.068,44.883
464.575,114.345,24.068,44.883
465.246,112.601,24.068,44.883
464.844,111.661,24.068,44.883
465.246,112.869,24.068,44.883
464.575,110.856,24.068,44.883
464.710,109.649,24.068,44.883
464.844,110.320,24.068,44.883
464.710,110.991,24.068,44.883
464.575,112.735,24.068,44.883
464.441,113.674,24.068,44.883
464.307,111.661,24.068,44.883
464.441,109.917,24.068,44.883
464.844,111.393,24.068,44.883
464.978,112.869,24.068,44.883
464.847,111.925,23.554,43.926
464.190,113.107,23.554,43.926
465.109,111.137,23.554,43.926
463.402,109.430,23.554,43.926
462.220,108.511,23.554,43.926
463.402,109.167,23.554,43.926
465.634,106.935,23.554,43.926
465.240,104.178,23.554,43.926
464.059,102.471,23.554,43.926
462.877,103.390,23.554,43.926
463.533,104.572,23.554,43.926
464.978,106.279,23.554,43.926
464.059,107.460,23.554,43.926
463.139,106.016,23.554,43.926
462.220,105.622,23.554,43.926
460.513,103.915,23.554,43.926
461.958,104.046,23.554,43.926
460.776,105.491,23.554,43.926
459.857,108.511,23.554,43.926
461.826,113.632,23.554,43.926
460.119,113.501,23.554,43.926
461.763,116.121,23.052,42.989
462.380,101.839,22.560,42.072
460.745,106.493,22.560,42.072
462.380,107.121,22.560,42.072
464.267,106.241,22.560,42.072
462.380,124.478,22.560,42.072
464.770,119.573,22.560,42.072
465.650,118.189,22.560,42.072
464.770,116.051,22.560,42.072
464.644,113.913,22.560,42.072
464.518,108.756,22.560,42.072
464.141,99.575,22.560,42.072
443.927,64.269,23.060,43.003
466.104,36.601,22.568,42.086
465.727,34.965,22.568,42.086
465.349,34.840,22.568,42.086
465.475,33.204,22.568,42.086
465.601,30.562,22.568,42.086
465.223,26.158,22.568,42.086
464.594,27.794,22.568,42.086
463.714,26.662,22.568,42.086
464.594,25.278,22.568,42.086
464.217,26.662,22.568,42.086
464.091,25.781,22.568,42.086
465.223,24.649,22.568,42.086
464.343,24.523,22.568,42.086
464.469,26.662,22.568,42.086
464.343,25.529,22.568,42.086
464.720,25.404,22.568,42.086
464.846,26.788,22.568,42.086
464.972,26.662,22.568,42.086
464.846,27.794,22.568,42.086
462.959,33.456,22.568,42.086
465.349,37.104,22.568,42.086
463.965,30.939,22.568,42.086
465.853,28.801,22.568,42.086
464.972,26.913,22.568,42.086
466.356,24.523,22.568,42.086
464.469,-1.269,22.568,42.086
465.853,-2.149,22.568,42.086
465.223,-1.520,22.568,42.086
464.343,-1.394,22.568,42.086
463.210,-2.024,22.568,42.086
465.098,8.419,22.568,42.086
465.727,11.313,22.568,42.086
465.349,10.935,22.568,42.086
465.475,10.054,22.568,42.086
465.349,9.174,22.568,42.086
465.223,11.313,22.568,42.086
465.098,11.187,22.568,42.086
466.230,8.796,22.568,42.086
465.098,7.664,22.568,42.086
466.230,7.035,22.568,42.086
465.098,5.903,22.568,42.086
466.230,7.790,22.568,42.086
465.349,9.425,22.568,42.086
465.223,9.300,22.568,42.086
465.349,11.187,22.568,42.086
465.475,10.054,22.568,42.086
465.098,9.677,22.568,42.086
464.469,9.300,22.568,42.086
463.840,3.638,22.568,42.086
464.720,3.009,22.568,42.086
464.343,2.380,22.568,42.086
463.965,5.525,22.568,42.086
465.349,5.903,22.568,42.086
464.720,7.035,22.568,42.086
465.601,8.671,22.568,42.086
465.978,7.287,22.568,42.086
466.607,8.419,22.568,42.086
465.978,7.035,22.568,42.086
465.853,7.916,22.568,42.086
464.972,9.300,22.568,42.086
464.091,8.671,22.568,42.086
464.972,6.783,22.568,42.086
464.343,7.916,22.568,42.086
463.462,7.538,22.568,42.086
462.581,5.148,22.568,42.086
462.204,3.764,22.568,42.086
461.827,2.632,22.568,42.086
462.707,0.493,22.568,42.086
462.330,-0.891,22.568,42.086
461.952,-2.275,22.568,42.086
462.581,-4.162,22.568,42.086
461.952,-2.527,22.568,42.086
461.575,-2.401,22.568,42.086
460.946,-1.017,22.568,42.086
461.575,0.115,22.568,42.086
461.449,0.493,22.568,42.086
461.072,0.619,22.568,42.086
461.449,2.506,22.568,42.086
459.814,3.638,22.568,42.086
464.972,13.074,22.568,42.086
465.601,14.961,22.568,42.086
465.475,15.842,22.568,42.086
465.098,16.974,22.568,42.086
466.430,17.787,22.087,41.188
466.307,18.402,22.087,41.188
466.183,19.264,22.087,41.188
466.060,20.619,22.087,41.188
465.691,22.219,22.087,41.188
466.757,23.964,21.616,40.310
466.155,25.049,21.616,40.310
466.757,25.651,21.616,40.310
465.914,23.603,21.616,40.310
465.552,39.389,21.616,40.310
466.155,38.063,21.616,40.310
467.430,39.074,21.155,39.450
468.256,37.305,21.155,39.450
466.251,10.533,21.155,39.450
467.077,10.416,21.155,39.450
466.015,6.524,21.155,39.450
464.718,4.991,21.155,39.450
466.251,14.307,21.155,39.450
466.841,13.246,21.155,39.450
467.195,13.600,21.155,39.450
466.605,15.605,21.155,39.450
466.959,15.015,21.155,39.450
465.897,17.020,21.155,39.450
466.015,17.138,21.155,39.450
464.718,17.020,21.155,39.450
465.543,18.553,21.155,39.450
465.425,19.850,21.155,39.450
465.072,18.081,21.155,39.450
465.661,17.020,21.155,39.450
466.251,16.430,21.155,39.450
464.954,15.841,21.155,39.450
465.072,14.307,21.155,39.450
465.190,15.133,21.155,39.450
466.487,16.902,21.155,39.450
466.605,15.369,21.155,39.450
466.959,14.307,21.155,39.450
466.369,11.831,21.155,39.450
466.959,10.062,21.155,39.450
465.897,9.708,21.155,39.450
465.543,10.298,21.155,39.450
463.963,9.005,21.623,40.323
463.099,6.683,22.101,41.215
464.454,4.835,22.101,41.215
463.345,6.436,22.101,41.215
464.454,6.067,22.101,41.215
463.838,5.204,22.101,41.215
465.440,5.327,22.101,41.215
466.549,4.711,22.101,41.215
465.686,5.820,22.101,41.215
465.810,7.915,22.101,41.215
465.933,7.545,22.101,41.215
466.302,6.436,22.101,41.215
466.179,6.067,22.101,41.215
465.563,7.668,22.101,41.215
464.701,11.488,22.101,41.215
465.317,12.843,22.101,41.215
464.701,9.517,22.101,41.215
464.331,8.654,22.101,41.215
466.179,9.763,22.101,41.215
465.810,9.886,22.101,41.215
465.194,9.270,22.101,41.215
466.302,7.422,22.101,41.215
466.179,5.820,22.101,41.215
465.810,4.711,22.101,41.215
465.440,3.356,22.101,41.215
466.795,2.247,22.101,41.215
466.179,0.892,22.101,41.215
466.056,-0.956,22.101,41.215
466.179,-1.572,22.101,41.215
466.549,0.522,22.101,41.215
465.933,0.645,22.101,41.215
466.302,2.494,22.101,41.215
466.426,3.110,22.101,41.215
466.302,2.740,22.101,41.215
466.426,7.299,22.101,41.215
466.302,9.640,22.101,41.215
465.933,12.474,22.101,41.215
465.563,13.829,22.101,41.215
464.947,15.184,22.101,41.215
464.824,16.539,22.101,41.215
464.454,15.431,22.101,41.215
465.996,13.376,21.630,40.336
466.358,12.050,21.630,40.336
465.996,9.759,21.630,40.336
466.840,9.156,21.630,40.336
466.479,7.347,21.630,40.336
466.358,5.538,21.630,40.336
466.237,3.488,21.630,40.336
466.117,0.956,21.630,40.336
466.961,-0.370,21.630,40.336
466.096,-2.443,22.108,41.229
465.726,-2.073,22.108,41.229
465.357,-3.675,22.108,41.229
466.959,-4.292,22.108,41.229
466.096,-3.182,22.108,41.229
465.973,-2.320,22.108,41.229
466.343,-1.950,22.108,41.229
466.466,-0.841,22.108,41.229
465.357,-0.717,22.108,41.229
466.959,-0.348,22.108,41.229
466.343,3.227,22.108,41.229
466.466,4.336,22.108,41.229
465.603,3.966,22.108,41.229
465.480,6.308,22.108,41.229
465.357,10.375,22.108,41.229
466.219,13.456,22.108,41.229
465.850,15.305,22.108,41.229
465.233,15.921,22.108,41.229
465.603,15.305,22.108,41.229
464.987,15.675,22.108,41.229
465.850,17.031,22.108,41.229
465.973,12.963,22.108,41.229
466.096,10.868,22.108,41.229
466.219,9.266,22.108,41.229
466.096,8.650,22.108,41.229
465.973,7.540,22.108,41.229
466.343,5.445,22.108,41.229
466.219,4.582,22.108,41.229
466.589,6.431,22.108,41.229
465.726,5.075,22.108,41.229
465.850,3.227,22.108,41.229
465.973,2.610,22.108,41.229
466.096,1.501,22.108,41.229
466.466,-1.827,22.108,41.229
465.850,-3.922,22.108,41.229
465.973,-4.292,22.108,41.229
466.096,-5.154,22.108,41.229
466.219,-4.045,22.108,41.229
466.096,-5.154,22.108,41.229
465.973,-6.264,22.108,41.229
