340.000,358.000,18.000,55.000
339.027,356.193,18.000,55.000
339.166,355.498,18.000,55.000
337.637,357.027,18.000,55.000
335.274,356.332,18.000,55.000
334.857,355.915,18.000,55.000
332.493,356.332,18.000,55.000
330.408,355.081,18.000,55.000
326.933,353.830,18.000,55.000
322.624,355.081,18.000,55.000
319.705,356.332,18.000,55.000
317.619,357.583,18.000,55.000
315.256,358.278,18.000,55.000
313.171,358.139,18.000,55.000
311.642,359.946,18.000,55.000
310.669,362.031,18.000,55.000
309.923,362.752,17.616,53.827
307.882,363.432,17.616,53.827
305.297,364.656,17.616,53.827
304.345,363.432,17.616,53.827
304.209,364.656,17.616,53.827
304.073,366.153,17.616,53.827
304.481,366.017,17.616,53.827
303.257,367.785,17.616,53.827
302.577,368.738,17.616,53.827
300.536,368.874,17.616,53.827
298.767,370.098,17.616,53.827
297.815,370.778,17.616,53.827
296.591,372.547,17.616,53.827
295.910,374.043,17.616,53.827
295.774,374.724,17.616,53.827
295.366,374.860,17.616,53.827
294.142,376.356,17.616,53.827
295.094,377.309,17.616,53.827
296.046,377.717,17.616,53.827
296.182,378.941,17.616,53.827
296.591,377.445,17.616,53.827
296.999,377.036,17.616,53.827
297.318,377.217,17.240,52.679
297.451,377.617,17.240,52.679
295.986,376.152,17.240,52.679
294.255,375.486,17.240,52.679
293.590,375.886,17.240,52.679
293.190,376.019,17.240,52.679
292.525,375.087,17.240,52.679
291.060,374.421,17.240,52.679
290.394,374.821,17.240,52.679
290.261,376.019,17.240,52.679
289.862,374.554,17.240,52.679
291.060,374.687,17.240,52.679
290.394,373.489,17.240,52.679
290.261,373.356,17.240,52.679
290.661,374.554,17.240,52.679
290.261,375.486,17.240,52.679
289.595,374.022,17.240,52.679
289.196,375.752,17.240,52.679
287.998,376.418,17.240,52.679
287.540,378.135,16.873,51.556
286.888,379.308,16.873,51.556
284.152,379.959,16.873,51.556
282.458,381.392,16.873,51.556
281.546,382.826,16.873,51.556
280.112,383.999,16.873,51.556
278.679,384.650,16.873,51.556
276.985,385.823,16.873,51.556
276.286,385.242,16.513,50.456
275.356,385.166,16.161,49.380
273.733,384.791,16.161,49.380
273.109,383.918,16.161,49.380
272.485,382.545,16.161,49.380
271.112,380.673,16.161,49.380
270.987,379.300,16.161,49.380
272.111,378.676,16.161,49.380
271.237,376.055,16.161,49.380
270.114,373.933,16.161,49.380
267.742,372.061,16.161,49.380
266.869,371.437,16.161,49.380
265.746,370.064,16.161,49.380
264.373,369.690,16.161,49.380
263.998,369.066,16.161,49.380
263.873,370.189,16.161,49.380
265.246,371.811,16.161,49.380
264.373,372.935,16.161,49.380
264.248,374.058,16.161,49.380
263.125,372.935,16.161,49.380
261.752,371.562,16.161,49.380
260.628,369.939,16.161,49.380
260.004,368.816,16.161,49.380
257.633,367.194,16.161,49.380
257.259,368.067,16.161,49.380
255.636,368.442,16.161,49.380
253.015,367.568,16.161,49.380
252.142,368.691,16.161,49.380
251.018,368.067,16.161,49.380
249.895,367.693,16.161,49.380
248.772,366.320,16.161,49.380
247.898,366.694,16.161,49.380
248.273,365.321,16.161,49.380
247.898,363.699,16.161,49.380
247.773,362.825,16.161,49.380
247.649,364.198,16.161,49.380
246.775,365.321,16.161,49.380
246.401,364.947,16.161,49.380
244.778,363.075,16.161,49.380
244.404,361.952,16.161,49.380
243.530,363.075,16.161,49.380
242.656,364.448,16.161,49.380
241.283,363.075,16.161,49.380
239.911,364.198,16.161,49.380
239.536,365.821,16.161,49.380
238.163,364.697,16.161,49.380
237.539,362.825,16.161,49.380
239.162,361.702,16.161,49.380
240.784,360.579,16.161,49.380
245.901,359.455,16.161,49.380
248.522,354.588,16.161,49.380
250.394,352.217,16.161,49.380
250.020,350.594,16.161,49.380
248.897,351.967,16.161,49.380
249.521,353.340,16.161,49.380
249.646,351.468,16.161,49.380
252.516,349.845,16.161,49.380
253.889,351.468,16.161,49.380
256.011,351.093,16.161,49.380
257.384,352.217,16.161,49.380
258.507,351.093,16.161,49.380
260.379,350.469,16.161,49.380
260.753,349.346,16.161,49.380
261.377,349.221,16.161,49.380
260.254,350.594,16.161,49.380
258.632,351.717,16.161,49.380
259.505,352.841,16.161,49.380
259.880,352.217,16.161,49.380
260.753,353.590,16.161,49.380
261.377,353.964,16.161,49.380
261.252,352.341,16.161,49.380
260.129,350.220,16.161,49.380
259.755,349.596,16.161,49.380
260.379,347.973,16.161,49.380
261.003,348.348,16.161,49.380
260.628,346.725,16.161,49.380
261.502,346.600,16.161,49.380
259.380,347.474,16.161,49.380
258.008,347.848,16.161,49.380
257.384,348.722,16.161,49.380
258.257,347.848,16.161,49.380
259.131,348.472,16.161,49.380
258.507,349.596,16.161,49.380
257.633,352.217,16.161,49.380
256.011,355.337,16.161,49.380
253.140,356.210,16.161,49.380
250.270,357.583,16.161,49.380
246.900,358.707,16.161,49.380
244.778,360.079,16.161,49.380
242.906,359.455,16.161,49.380
242.532,358.332,16.161,49.380
242.157,357.209,16.161,49.380
241.533,358.332,16.161,49.380
240.909,357.209,16.161,49.380
240.035,358.582,16.161,49.380
238.413,358.207,16.161,49.380
237.539,359.830,16.161,49.380
236.166,360.454,16.161,49.380
235.293,359.580,16.161,49.380
234.419,358.457,16.161,49.380
233.046,359.580,16.161,49.380
231.174,360.953,16.161,49.380
229.552,359.331,16.161,49.380
228.428,357.708,16.161,49.380
226.057,356.585,16.161,49.380
224.435,356.210,16.161,49.380
223.062,354.838,16.161,49.380
221.939,352.716,16.161,49.380
220.066,347.848,16.161,49.380
219.692,346.226,16.161,49.380
219.068,347.100,16.161,49.380
216.697,346.226,16.161,49.380
214.575,346.600,16.161,49.380
216.197,346.226,16.161,49.380
214.575,345.352,16.161,49.380
212.972,346.230,16.518,50.473
211.068,347.922,16.884,51.590
212.242,349.356,16.884,51.590
210.026,350.544,17.257,52.731
208.293,351.211,17.257,52.731
206.028,352.143,17.257,52.731
204.029,353.076,17.257,52.731
202.296,354.009,17.257,52.731
200.297,353.076,17.257,52.731
197.765,351.877,17.257,52.731
195.499,352.010,17.257,52.731
192.958,352.395,17.639,53.898
190.642,353.076,17.639,53.898
188.598,351.032,17.639,53.898
186.827,351.986,17.639,53.898
184.230,353.510,18.030,55.090
183.255,356.155,18.030,55.090
180.600,357.713,18.428,56.309
179.319,358.424,18.428,56.309
176.615,357.428,18.428,56.309
175.049,358.140,18.428,56.309
172.915,359.421,18.428,56.309
172.425,361.804,18.035,55.108
170.067,361.184,17.651,53.933
171.437,360.051,17.274,52.783
173.172,361.785,17.274,52.783
173.038,364.586,17.274,52.783
172.104,366.588,17.274,52.783
171.437,368.055,17.274,52.783
170.554,372.592,17.657,53.951
168.236,375.183,17.657,53.951
165.636,376.142,18.047,55.144
163.556,377.701,18.447,56.365
157.588,382.546,18.855,57.612
151.488,386.894,19.272,58.886
139.135,389.127,19.272,58.886
133.330,388.978,19.272,58.886
131.098,390.318,19.272,58.886
131.842,388.680,19.272,58.886
127.823,400.438,19.272,58.886
132.140,406.243,19.272,58.886
138.837,411.154,19.272,58.886
151.488,418.149,19.272,58.886
165.924,423.358,19.272,58.886
177.682,424.995,19.272,58.886
193.905,427.228,19.272,58.886
201.495,423.805,19.272,58.886
194.672,413.961,18.861,57.630
199.225,414.996,18.459,56.401
202.218,417.705,18.459,56.401
208.348,420.128,18.459,56.401
214.193,422.266,18.459,56.401
216.331,424.405,18.459,56.401
214.763,427.398,18.459,56.401
216.901,434.098,18.459,56.401
218.469,440.798,18.459,56.401
218.612,447.498,18.459,56.401
222.461,457.619,18.459,56.401
227.735,463.749,18.459,56.401
235.576,470.449,18.459,56.401
244.841,477.149,18.459,56.401
255.730,491.463,18.867,57.649
266.949,492.483,18.867,57.649
266.220,490.297,18.867,57.649
267.823,487.529,18.867,57.649
266.512,476.892,18.867,57.649
268.406,466.838,18.867,57.649
270.883,455.910,18.867,57.649
278.897,445.274,18.867,57.649
281.665,439.591,18.867,57.649
289.679,445.565,18.867,57.649
292.156,443.380,18.867,57.649
298.130,435.949,18.867,57.649
303.527,438.951,18.465,56.420
303.312,442.989,18.071,55.217
298.797,441.560,17.686,54.039
300.299,434.321,17.686,54.039
290.055,436.916,17.686,54.039
293.743,427.492,17.686,54.039
302.348,422.438,17.686,54.039
308.494,421.209,17.686,54.039
311.635,419.160,17.686,54.039
314.132,418.987,18.077,55.235
315.947,421.361,18.077,55.235
314.690,423.176,18.077,55.235
316.505,424.990,18.077,55.235
315.528,425.968,18.077,55.235
317.343,436.996,18.077,55.235
318.879,434.623,18.077,55.235
313.155,432.808,18.077,55.235
311.598,431.379,17.691,54.057
308.495,429.190,17.314,52.904
311.494,430.408,17.697,54.075
309.171,424.258,17.697,54.075
299.191,421.816,18.089,55.271
298.772,415.251,18.089,55.271
306.543,408.987,18.489,56.494
322.392,402.561,18.489,56.494
325.391,396.136,18.489,56.494
330.959,396.850,18.489,56.494
333.101,399.563,18.489,56.494
337.813,397.135,18.489,56.494
299.689,372.148,18.489,56.494
302.117,375.146,18.489,56.494
302.831,381.572,18.489,56.494
301.546,387.997,18.489,56.494
307.971,397.564,18.489,56.494
310.969,399.420,18.489,56.494
309.684,405.845,18.489,56.494
306.400,409.129,18.489,56.494
305.401,408.701,18.489,56.494
307.828,409.129,18.489,56.494
309.684,406.988,18.489,56.494
309.035,400.882,18.898,57.744
311.098,397.669,19.316,59.022
306.473,399.011,19.316,59.022
305.131,400.950,19.316,59.022
307.368,403.785,19.316,59.022
309.009,406.619,19.316,59.022
310.053,413.034,19.316,59.022
312.291,414.376,19.316,59.022
317.529,416.875,18.904,57.763
312.524,416.505,18.501,56.531
306.381,414.362,18.501,56.531
295.950,407.361,18.501,56.531
284.993,403.144,18.107,55.326
247.657,397.970,18.107,55.326
263.179,403.983,18.107,55.326
266.954,401.046,18.107,55.326
265.976,402.025,18.107,55.326
264.437,400.487,18.107,55.326
265.137,402.305,18.107,55.326
268.632,405.241,18.107,55.326
279.959,412.093,18.107,55.326
287.090,425.937,18.107,55.326
288.908,431.110,18.107,55.326
295.200,433.767,18.107,55.326
297.298,444.255,18.107,55.326
301.353,463.132,18.107,55.326
305.129,473.899,18.107,55.326
311.421,480.751,18.107,55.326
316.315,486.484,18.107,55.326
321.765,491.522,17.720,54.146
328.744,489.469,17.720,54.146
334.902,488.511,17.720,54.146
335.700,490.042,18.112,55.344
335.840,491.301,18.112,55.344
335.980,496.756,18.112,55.344
335.001,493.539,18.112,55.344
334.022,494.518,18.112,55.344
328.566,491.580,18.112,55.344
323.671,496.196,18.112,55.344
320.423,495.729,18.513,56.568
318.278,493.585,18.513,56.568
312.988,490.868,18.513,56.568
273.178,486.534,18.923,57.820
273.616,486.096,18.923,57.820
274.347,486.826,18.923,57.820
276.539,488.726,18.923,57.820
283.115,498.225,18.923,57.820
289.984,490.480,18.923,57.820
292.352,479.378,19.341,59.099
279.457,473.242,18.929,57.839
275.510,467.248,18.929,57.839
273.024,465.640,18.929,57.839
272.057,463.029,19.348,59.118
273.700,460.190,19.348,59.118
275.812,460.931,19.776,60.426
275.048,462.917,19.776,60.426
276.728,463.986,19.776,60.426
250.918,448.560,19.776,60.426
251.681,443.215,19.776,60.426
254.790,435.416,20.213,61.763
258.939,427.445,20.661,63.130
260.544,421.197,20.220,61.784
264.760,416.357,20.220,61.784
266.790,415.576,20.220,61.784
265.072,412.609,20.220,61.784
265.228,406.207,20.220,61.784
268.507,402.303,20.220,61.784
273.661,403.708,20.220,61.784
282.249,403.552,20.220,61.784
290.213,402.147,20.220,61.784
298.177,402.615,20.220,61.784
309.576,401.210,20.220,61.784
319.726,402.303,20.220,61.784
329.876,399.960,20.220,61.784
342.775,393.283,20.667,63.151
355.065,390.250,20.667,63.151
372.782,389.452,20.667,63.151
387.626,391.846,20.667,63.151
397.167,392.969,21.125,64.548
405.487,394.437,21.125,64.548
430.448,418.745,21.125,64.548
444.601,414.138,21.592,65.976
457.775,410.637,21.592,65.976
461.276,403.466,21.592,65.976
462.444,396.296,21.592,65.976
464.945,393.128,21.592,65.976
465.657,388.206,21.132,64.569
466.473,385.758,21.132,64.569
465.331,388.206,21.132,64.569
462.557,391.633,21.132,64.569
454.026,390.749,21.599,65.997
439.848,391.250,21.599,65.997
449.022,393.752,21.599,65.997
435.177,393.585,21.599,65.997
419.882,396.143,22.077,67.458
407.095,394.950,22.077,67.458
393.285,396.143,22.077,67.458
381.521,397.678,22.077,67.458
370.438,396.484,22.077,67.458
361.527,394.500,22.566,68.950
352.418,396.087,23.065,70.476
348.321,393.416,23.065,70.476
341.730,391.812,23.065,70.476
335.496,393.059,23.065,70.476
329.618,394.662,23.065,70.476
326.946,393.059,23.065,70.476
320.712,395.019,23.065,70.476
313.575,398.345,22.573,68.973
309.566,402.006,22.573,68.973
306.965,405.765,23.072,70.499
300.239,408.497,23.583,72.059
299.693,410.136,23.583,72.059
299.147,413.597,23.583,72.059
298.236,416.329,23.583,72.059
301.332,417.968,23.583,72.059
299.748,417.737,24.105,73.653
302.541,415.317,24.105,73.653
305.333,415.131,24.105,73.653
308.125,417.924,24.105,73.653
307.939,415.876,24.105,73.653
299.562,430.582,24.105,73.653
296.025,433.002,24.105,73.653
294.722,432.444,24.105,73.653
293.047,433.002,24.105,73.653
291.372,433.560,24.105,73.653
291.558,434.864,24.105,73.653
290.255,433.188,24.105,73.653
292.112,429.863,24.638,75.282
294.967,428.531,24.638,75.282
257.102,479.333,24.638,75.282
261.479,488.657,24.638,75.282
264.333,491.511,24.638,75.282
263.001,495.126,24.638,75.282
266.616,508.255,24.638,75.282
270.612,511.870,24.638,75.282
271.944,510.919,24.638,75.282
275.178,510.348,24.638,75.282
279.554,512.821,24.638,75.282
283.550,510.348,24.638,75.282
289.449,505.972,24.638,75.282
293.825,498.931,24.638,75.282
295.537,497.219,24.638,75.282
295.347,498.170,24.638,75.282
296.298,499.122,24.638,75.282
294.967,501.976,24.638,75.282
295.157,504.069,24.638,75.282
295.728,503.498,24.638,75.282
295.918,505.210,24.638,75.282
297.630,504.640,24.638,75.282
298.962,501.024,24.638,75.282
300.294,487.896,24.638,75.282
305.432,478.953,24.638,75.282
317.419,466.205,24.638,75.282
332.070,457.262,24.638,75.282
348.623,444.894,24.638,75.282
361.752,431.385,24.638,75.282
380.970,419.017,24.638,75.282
396.762,408.933,24.638,75.282
410.652,406.840,24.638,75.282
416.931,410.074,24.638,75.282
425.874,413.309,24.638,75.282
431.392,419.968,24.638,75.282
435.768,423.964,24.638,75.282
438.622,426.438,24.638,75.282
440.335,433.478,24.638,75.282
443.569,442.421,24.638,75.282
445.282,449.080,24.638,75.282
448.516,447.748,24.638,75.282
455.176,450.222,24.638,75.282
462.597,451.934,24.638,75.282
459.362,472.293,24.638,75.282
457.649,476.670,24.638,75.282
458.096,479.490,24.112,73.677
461.045,481.532,23.598,72.106
462.877,480.368,23.095,70.568
459.132,483.400,23.095,70.568
465.051,480.543,22.603,69.063
418.445,511.090,22.603,69.063
395.300,513.677,22.121,67.590
409.203,512.916,21.649,66.149
422.076,511.076,21.649,66.149
435.682,511.298,21.187,64.738
447.954,511.135,21.187,64.738
455.971,512.935,21.187,64.738
459.408,514.080,21.187,64.738
461.862,518.825,21.187,64.738
461.371,517.680,21.187,64.738
463.016,521.366,20.735,63.358
463.176,528.572,20.735,63.358
463.657,530.014,20.735,63.358
457.732,536.899,20.735,63.358
461.095,547.949,20.735,63.358
459.333,555.475,20.735,63.358
461.928,554.940,21.194,64.760
460.782,511.566,21.194,64.760
463.690,513.676,20.742,63.379
449.667,508.820,21.201,64.781
453.105,505.054,21.201,64.781
455.889,500.961,21.201,64.781
451.747,497.357,21.670,66.214
461.404,503.396,22.150,67.679
457.432,509.568,22.640,69.177
449.215,516.387,22.640,69.177
458.481,512.366,22.640,69.177
460.055,509.393,22.640,69.177
456.733,517.261,22.640,69.177
461.454,521.632,22.640,69.177
461.022,529.755,23.141,70.707
459.839,537.317,23.652,72.271
459.291,546.267,23.652,72.271
460.204,554.122,23.652,72.271
459.291,557.958,23.652,72.271
458.839,561.138,24.176,73.870
454.919,562.445,24.176,73.870
453.238,558.151,24.176,73.870
458.715,549.760,23.660,72.295
457.801,563.830,23.660,72.295
457.619,565.109,23.660,72.295
459.263,563.099,23.660,72.295
457.295,561.352,24.184,73.895
458.229,555.188,24.184,73.895
458.416,556.122,24.184,73.895
457.482,547.718,24.184,73.895
456.922,547.157,24.184,73.895
456.735,542.862,24.184,73.895
455.801,535.204,24.184,73.895
458.440,526.442,24.719,75.530
457.104,523.579,24.719,75.530
456.447,516.104,24.192,73.919
455.513,508.071,24.192,73.919
458.316,500.037,24.192,73.919
457.381,490.883,24.192,73.919
457.195,487.707,24.192,73.919
455.513,485.278,24.192,73.919
458.316,494.806,24.192,73.919
457.381,503.961,24.192,73.919
459.620,513.933,23.676,72.343
459.072,522.161,23.676,72.343
458.523,525.635,23.676,72.343
460.362,528.345,23.171,70.800
461.126,531.342,22.677,69.290
459.200,522.060,22.677,69.290
457.922,521.280,22.193,67.812
460.150,519.051,22.193,67.812
456.882,512.078,22.684,69.313
461.345,501.166,22.200,67.835
413.606,520.871,22.692,69.336
425.841,527.185,22.208,67.857
438.806,529.396,21.734,66.410
459.116,526.878,21.734,66.410
471.936,479.648,22.215,67.879
470.684,473.592,21.741,66.432
469.509,470.737,21.741,66.432
470.684,472.249,21.741,66.432
471.725,476.355,21.278,65.015
472.876,479.149,21.278,65.015
471.397,482.600,21.278,65.015
471.890,485.064,21.278,65.015
471.008,491.935,20.824,63.628
473.245,498.658,20.380,62.272
472.400,503.115,19.945,60.944
471.938,509.430,19.945,60.944
473.016,511.124,19.945,60.944
473.479,518.364,19.945,60.944
472.708,529.916,19.945,60.944
473.787,533.151,19.945,60.944
473.087,539.029,20.386,62.292
472.698,541.443,20.838,63.670
449.042,584.410,20.838,63.670
450.040,590.517,20.393,62.312
446.159,596.798,19.958,60.984
445.034,600.865,19.533,59.683
444.516,604.264,19.116,58.410
442.300,607.306,18.708,57.165
444.867,609.726,18.309,55.946
447.925,610.186,17.919,54.753
449.049,608.236,17.537,53.585
451.194,606.849,17.163,52.442
457.126,606.258,16.797,51.324
461.926,600.421,16.797,51.324
467.504,593.805,16.797,51.324
468.058,591.977,16.439,50.229
466.915,592.104,16.439,50.229
465.519,594.262,16.439,50.229
463.615,591.850,16.439,50.229
461.457,590.200,16.439,50.229
456.125,592.326,16.088,49.158
447.315,597.760,15.745,48.110
441.357,602.016,15.745,48.110
435.399,603.840,15.745,48.110
425.793,598.611,15.745,48.110
419.592,596.787,15.745,48.110
412.174,601.286,15.745,48.110
399.802,596.760,15.409,47.084
394.447,591.167,15.409,47.084
391.285,591.095,15.081,46.080
383.251,593.046,14.759,45.097
378.350,590.880,14.759,45.097
374.003,592.130,14.444,44.136
370.991,592.688,14.444,44.136
368.202,589.007,14.444,44.136
364.521,587.333,14.444,44.136
357.940,587.222,14.444,44.136
358.051,585.995,14.444,44.136
357.493,584.322,14.444,44.136
356.043,582.871,14.444,44.136
358.609,584.991,14.444,44.136
360.505,589.341,14.444,44.136
365.302,593.692,14.444,44.136
369.875,598.265,14.444,44.136
376.011,603.508,14.444,44.136
382.592,606.520,14.444,44.136
392.520,608.639,14.444,44.136
401.556,610.313,14.444,44.136
410.368,611.317,14.444,44.136
419.850,610.536,14.444,44.136
427.993,611.317,14.444,44.136
436.806,610.982,14.444,44.136
445.618,609.086,14.444,44.136
451.530,609.867,14.444,44.136
457.889,609.086,14.444,44.136
466.032,606.966,14.444,44.136
468.374,606.185,14.444,44.136
469.926,607.839,14.136,43.194
472.287,607.773,13.835,42.273
477.522,604.247,13.835,42.273
478.596,604.183,13.540,41.372
479.206,602.966,13.839,42.287
478.885,602.004,13.839,42.287
479.730,600.538,14.146,43.223
479.839,600.429,14.146,43.223
480.167,600.101,14.146,43.223
478.738,600.036,13.844,42.301
479.805,600.344,14.150,43.237
480.272,602.385,13.848,42.315
478.874,604.589,13.553,41.412
479.724,608.561,13.264,40.529
479.175,608.500,12.981,39.665
479.551,606.293,13.268,40.543
479.936,604.250,13.562,41.440
479.172,600.754,13.273,40.556
479.557,598.923,13.566,41.453
475.385,569.442,13.867,42.370
474.635,562.267,13.867,42.370
474.528,559.590,13.867,42.370
474.849,560.982,13.867,42.370
474.742,565.587,13.867,42.370
474.635,565.694,13.867,42.370
475.171,566.658,13.867,42.370
474.421,572.333,13.867,42.370
474.957,573.726,13.867,42.370
475.706,569.549,13.867,42.370
474.528,567.514,13.867,42.370
474.849,569.121,13.867,42.370
475.599,567.300,13.867,42.370
474.849,561.625,13.867,42.370
475.813,556.377,13.867,42.370
475.064,552.629,13.867,42.370
476.027,553.593,13.867,42.370
475.278,557.341,13.867,42.370
474.528,552.950,13.867,42.370
473.564,550.273,13.867,42.370
474.742,554.021,13.867,42.370
473.779,557.555,13.867,42.370
474.742,558.519,13.867,42.370
474.207,556.484,13.867,42.370
473.243,554.235,13.867,42.370
473.136,554.985,13.867,42.370
474.314,551.023,13.867,42.370
472.922,545.347,13.867,42.370
474.618,550.237,13.571,41.467
473.256,555.163,13.571,41.467
472.731,552.543,13.571,41.467
473.884,553.277,13.571,41.467
472.103,554.220,13.571,41.467
473.465,555.163,13.571,41.467
471.893,556.526,13.571,41.467
471.788,561.032,13.571,41.467
472.842,562.585,13.282,40.582
470.893,557.970,13.282,40.582
472.432,549.662,13.282,40.582
471.919,544.841,13.282,40.582
473.663,540.635,13.282,40.582
473.560,535.199,13.282,40.582
474.073,529.148,13.282,40.582
474.176,530.891,13.282,40.582
474.278,531.814,13.282,40.582
474.176,530.686,13.282,40.582
475.099,528.327,13.282,40.582
474.350,523.915,12.998,39.717
474.049,525.622,12.998,39.717
473.547,529.738,12.998,39.717
475.053,527.429,12.998,39.717
474.150,526.726,12.998,39.717
473.246,527.429,12.998,39.717
475.223,520.789,12.721,38.870
474.143,516.368,12.721,38.870
474.437,521.968,12.721,38.870
475.125,526.193,12.721,38.870
474.830,518.235,12.721,38.870
474.732,517.154,12.721,38.870
474.634,523.147,12.721,38.870
473.750,524.031,12.721,38.870
474.927,529.086,12.450,38.041
474.638,535.527,12.450,38.041
473.965,535.816,12.450,38.041
475.215,536.297,12.450,38.041
475.888,541.200,12.450,38.041
475.215,548.411,12.450,38.041
475.888,552.930,12.450,38.041
475.023,554.757,12.450,38.041
474.927,555.814,12.450,38.041
475.792,560.526,12.450,38.041
474.927,562.352,12.450,38.041
475.408,558.603,12.450,38.041
474.734,556.007,12.450,38.041
475.792,556.103,12.450,38.041
475.276,550.114,12.184,37.230
476.311,547.197,12.184,37.230
475.653,547.668,12.184,37.230
475.182,540.234,12.184,37.230
475.841,537.317,12.184,37.230
475.182,537.035,12.184,37.230
476.217,536.376,12.184,37.230
475.558,534.964,12.184,37.230
474.523,529.977,12.184,37.230
474.241,526.119,12.184,37.230
475.731,529.147,11.925,36.436
474.903,533.475,11.925,36.436
474.626,531.357,11.925,36.436
475.455,523.161,11.925,36.436
476.284,515.886,11.925,36.436
475.639,514.689,11.925,36.436
474.811,517.727,11.925,36.436
475.455,514.504,11.925,36.436
476.468,506.677,11.925,36.436
475.639,501.612,11.925,36.436
474.995,501.335,11.925,36.436
475.455,503.822,11.925,36.436
475.363,511.465,11.925,36.436
475.271,514.504,11.925,36.436
474.442,513.676,11.925,36.436
476.256,510.070,11.670,35.659
475.946,513.664,11.421,34.899
476.387,528.394,11.421,34.899
475.946,534.657,11.421,34.899
475.505,533.157,11.421,34.899
476.475,534.480,11.421,34.899
475.681,538.626,11.421,34.899
476.475,536.244,11.421,34.899
476.211,545.859,11.421,34.899
475.770,549.828,11.421,34.899
476.211,551.680,11.421,34.899
475.770,552.827,11.421,34.899
477.093,559.971,11.421,34.899
476.449,558.388,11.178,34.154
476.018,551.914,11.178,34.154
475.586,546.303,11.178,34.154
476.536,544.145,11.178,34.154
476.104,537.670,11.178,34.154
475.672,533.095,11.178,34.154
476.277,531.110,11.178,34.154
475.672,527.398,11.178,34.154
476.277,524.377,11.178,34.154
475.845,522.219,11.178,34.154
476.449,516.090,11.178,34.154
475.820,512.543,10.939,33.426
476.580,513.980,10.939,33.426
475.820,517.443,10.939,33.426
476.580,521.245,10.939,33.426
475.989,525.385,10.939,33.426
476.749,525.300,10.939,33.426
475.989,527.750,10.939,33.426
475.735,529.862,10.939,33.426
476.664,531.974,10.939,33.426
476.242,535.945,10.939,33.426
475.820,542.112,10.939,33.426
475.735,543.717,10.939,33.426
476.495,548.195,10.939,33.426
476.580,555.376,10.939,33.426
476.157,562.050,10.939,33.426
475.566,566.865,10.939,33.426
476.326,566.781,10.939,33.426
475.735,567.710,10.939,33.426
476.326,567.288,10.939,33.426
475.566,565.514,10.939,33.426
476.157,562.050,10.939,33.426
475.397,558.248,10.939,33.426
476.326,553.771,10.939,33.426
475.566,548.448,10.939,33.426
475.313,545.660,10.939,33.426
475.904,543.548,10.939,33.426
476.833,540.929,10.939,33.426
476.217,539.413,10.706,32.713
475.638,537.346,10.706,32.713
475.886,533.129,10.706,32.713
476.796,528.582,10.706,32.713
476.217,522.215,10.706,32.713
475.473,517.668,10.706,32.713
