180.000,79.000,37.000,114.000
179.138,79.862,37.000,114.000
178.850,85.323,37.000,114.000
178.563,88.485,37.000,114.000
177.126,87.048,37.000,114.000
177.988,86.760,37.000,114.000
176.551,89.347,37.000,114.000
175.114,87.335,37.000,114.000
172.527,87.623,37.000,114.000
170.515,90.209,37.000,114.000
166.779,94.521,37.000,114.000
163.617,98.257,37.000,114.000
161.030,99.694,37.000,114.000
158.443,98.257,37.000,114.000
157.006,96.245,37.000,114.000
157.869,93.084,37.000,114.000
157.006,90.497,37.000,114.000
156.719,89.060,37.000,114.000
157.581,88.772,37.000,114.000
159.018,91.934,37.000,114.000
161.605,93.946,37.000,114.000
162.467,94.233,37.000,114.000
165.629,92.221,37.000,114.000
165.342,90.784,37.000,114.000
167.354,88.772,37.000,114.000
168.791,87.910,37.000,114.000
169.078,87.623,37.000,114.000
170.515,87.335,37.000,114.000
171.952,85.898,37.000,114.000
172.240,87.335,37.000,114.000
171.952,87.048,37.000,114.000
169.940,87.910,37.000,114.000
168.503,87.048,37.000,114.000
167.641,84.461,37.000,114.000
167.758,84.291,36.211,111.569
168.602,81.760,36.211,111.569
167.091,82.678,35.439,109.190
167.734,82.516,34.683,106.861
164.770,84.941,34.683,106.861
164.880,86.340,33.943,104.582
163.971,88.726,33.220,102.352
162.165,86.403,33.220,102.352
162.423,83.564,33.220,102.352
161.133,80.726,33.220,102.352
159.843,77.371,33.220,102.352
157.004,74.533,33.220,102.352
153.649,76.339,33.220,102.352
150.295,76.597,33.220,102.352
147.972,79.436,33.220,102.352
146.682,83.306,33.220,102.352
146.582,88.332,33.955,104.617
145.263,92.816,33.955,104.617
144.614,94.121,34.706,106.931
144.510,95.456,35.474,109.297
139.825,92.976,35.474,109.297
140.862,89.765,36.258,111.715
142.834,92.300,36.258,111.715
145.647,89.603,37.061,114.187
149.718,85.652,37.881,116.713
144.715,81.827,37.881,116.713
160.311,78.001,37.881,116.713
165.902,75.941,37.881,116.713
165.608,73.293,37.881,116.713
170.266,70.283,37.073,114.224
173.159,69.558,36.282,111.789
175.696,72.658,36.282,111.789
176.542,76.322,36.282,111.789
177.387,80.550,36.282,111.789
177.669,83.087,36.282,111.789
177.951,82.805,36.282,111.789
178.233,81.959,36.282,111.789
177.951,79.986,36.282,111.789
177.669,80.268,36.282,111.789
178.514,78.859,36.282,111.789
178.233,81.959,36.282,111.789
178.514,84.496,36.282,111.789
178.233,87.032,36.282,111.789
175.132,89.005,36.282,111.789
161.886,88.160,36.282,111.789
159.913,86.187,36.282,111.789
161.322,82.523,36.282,111.789
159.913,78.859,36.282,111.789
160.758,76.886,36.282,111.789
162.167,74.349,36.282,111.789
163.013,75.195,36.282,111.789
164.422,77.168,36.282,111.789
167.523,78.013,36.282,111.789
169.495,78.859,36.282,111.789
172.596,78.013,36.282,111.789
173.441,76.041,36.282,111.789
176.542,74.068,36.282,111.789
180.206,72.658,36.282,111.789
181.615,72.940,36.282,111.789
183.588,74.913,36.282,111.789
183.870,78.013,36.282,111.789
185.279,81.114,36.282,111.789
184.433,81.396,36.282,111.789
183.024,79.423,36.282,111.789
183.306,76.886,36.282,111.789
181.897,75.477,36.282,111.789
182.178,72.940,36.282,111.789
180.206,70.404,36.282,111.789
180.487,70.122,36.282,111.789
179.642,70.404,36.282,111.789
179.924,73.504,36.282,111.789
178.515,76.041,36.282,111.789
180.487,75.759,36.282,111.789
176.823,71.531,36.282,111.789
174.287,66.176,36.282,111.789
172.878,61.385,36.282,111.789
169.777,58.284,36.282,111.789
167.241,55.748,36.282,111.789
163.577,54.902,36.282,111.789
160.476,56.875,36.282,111.789
156.249,61.103,36.282,111.789
154.840,64.767,36.282,111.789
154.558,63.921,36.282,111.789
153.148,64.203,36.282,111.789
150.612,66.176,36.282,111.789
149.203,67.021,36.282,111.789
152.303,68.994,36.282,111.789
156.531,70.404,36.282,111.789
158.504,71.813,36.282,111.789
161.604,73.222,36.282,111.789
164.704,75.195,36.282,111.789
167.241,73.786,36.282,111.789
169.777,75.759,36.282,111.789
171.750,77.168,36.282,111.789
173.159,74.068,36.282,111.789
174.569,74.913,36.282,111.789
176.542,76.886,36.282,111.789
178.515,81.114,36.282,111.789
178.796,83.650,36.282,111.789
180.206,85.060,36.282,111.789
181.051,87.596,36.282,111.789
180.206,89.569,36.282,111.789
182.742,91.542,36.282,111.789
184.151,89.569,36.282,111.789
183.306,90.978,36.282,111.789
182.460,92.951,36.282,111.789
181.051,97.179,36.282,111.789
180.769,99.152,36.282,111.789
182.178,100.561,36.282,111.789
180.769,98.024,36.282,111.789
182.178,97.179,36.282,111.789
180.769,94.642,36.282,111.789
179.360,93.233,36.282,111.789
180.769,89.005,36.282,111.789
182.178,90.415,36.282,111.789
181.897,91.260,36.282,111.789
181.051,89.287,36.282,111.789
183.024,85.060,36.282,111.789
183.870,81.959,36.282,111.789
181.897,78.859,36.282,111.789
181.051,75.195,36.282,111.789
180.206,72.095,36.282,111.789
179.360,69.558,36.282,111.789
179.078,69.276,36.282,111.789
177.105,70.685,36.282,111.789
175.132,73.786,36.282,111.789
177.105,75.759,36.282,111.789
181.897,77.168,36.282,111.789
184.997,77.450,36.282,111.789
185.842,74.349,36.282,111.789
187.252,71.813,36.282,111.789
187.534,73.786,36.282,111.789
187.815,75.195,36.282,111.789
188.661,77.732,36.282,111.789
188.943,79.141,36.282,111.789
189.788,79.423,36.282,111.789
188.943,80.268,36.282,111.789
188.097,78.859,36.282,111.789
188.943,78.013,36.282,111.789
186.406,75.477,36.282,111.789
184.433,78.013,36.282,111.789
182.460,81.114,36.282,111.789
184.433,83.650,36.282,111.789
183.024,85.623,36.282,111.789
180.487,87.032,36.282,111.789
181.333,87.878,36.282,111.789
182.178,86.469,36.282,111.789
182.460,83.932,36.282,111.789
183.870,84.778,36.282,111.789
180.769,86.187,36.282,111.789
173.723,88.160,36.282,111.789
174.569,86.751,36.282,111.789
169.777,82.523,36.282,111.789
168.368,77.732,36.282,111.789
166.959,74.631,36.282,111.789
166.677,72.095,36.282,111.789
169.777,69.558,36.282,111.789
174.569,66.458,36.282,111.789
178.233,68.431,36.282,111.789
176.823,72.095,36.282,111.789
180.487,76.886,36.282,111.789
184.151,79.423,36.282,111.789
186.688,78.013,36.282,111.789
189.788,76.041,36.282,111.789
190.634,75.759,36.282,111.789
188.661,73.222,36.282,111.789
187.252,75.759,36.282,111.789
188.661,79.986,36.282,111.789
192.889,83.087,36.282,111.789
195.989,83.932,36.282,111.789
195.707,81.396,36.282,111.789
198.807,78.859,36.282,111.789
200.217,79.141,36.282,111.789
198.807,77.732,36.282,111.789
200.780,81.396,36.282,111.789
202.189,86.187,36.282,111.789
203.599,89.851,36.282,111.789
206.699,93.515,36.282,111.789
202.471,98.306,36.282,111.789
201.062,100.279,36.282,111.789
199.089,101.125,36.282,111.789
194.862,103.098,36.282,111.789
191.198,106.198,36.282,111.789
189.788,107.043,36.282,111.789
184.997,109.016,36.282,111.789
184.715,112.680,36.282,111.789
184.997,115.217,36.282,111.789
184.151,111.553,36.282,111.789
182.179,106.762,36.282,111.789
183.024,101.407,36.282,111.789
180.487,95.488,36.282,111.789
181.897,91.260,36.282,111.789
178.796,86.469,36.282,111.789
175.132,82.805,36.282,111.789
173.723,85.905,36.282,111.789
172.878,89.569,36.282,111.789
170.905,91.542,36.282,111.789
166.677,90.697,36.282,111.789
168.086,89.851,36.282,111.789
168.368,86.751,36.282,111.789
169.214,83.087,36.282,111.789
164.986,78.859,36.282,111.789
159.631,74.068,36.282,111.789
156.531,69.276,36.282,111.789
158.504,66.740,36.282,111.789
166.113,69.840,36.282,111.789
169.214,71.813,36.282,111.789
175.132,72.658,36.282,111.789
180.487,70.122,36.282,111.789
181.333,67.022,36.282,111.789
179.924,67.867,36.282,111.789
179.078,66.458,36.282,111.789
178.796,68.431,36.282,111.789
180.769,71.531,36.282,111.789
181.051,75.759,36.282,111.789
183.024,80.550,36.282,111.789
183.870,83.650,36.282,111.789
185.279,85.060,36.282,111.789
188.943,84.214,36.282,111.789
190.352,84.496,36.282,111.789
190.634,86.469,36.282,111.789
187.016,87.279,37.085,114.262
189.032,88.719,37.085,114.262
189.321,90.160,37.085,114.262
192.489,88.719,37.085,114.262
195.082,89.584,37.085,114.262
196.523,91.024,37.085,114.262
197.963,91.312,37.085,114.262
197.099,91.600,37.085,114.262
192.778,91.888,37.085,114.262
182.695,96.210,37.085,114.262
177.797,102.259,37.085,114.262
176.933,107.157,37.085,114.262
174.340,108.021,37.085,114.262
174.628,104.852,37.085,114.262
172.612,101.107,37.085,114.262
169.443,99.090,37.085,114.262
168.003,95.922,37.085,114.262
168.867,92.176,37.085,114.262
170.307,91.312,37.085,114.262
165.410,92.753,37.085,114.262
161.089,89.008,37.085,114.262
161.377,86.415,37.085,114.262
162.241,83.822,37.085,114.262
160.224,82.382,37.085,114.262
157.632,79.789,37.085,114.262
155.039,81.229,37.085,114.262
152.446,84.398,37.085,114.262
155.615,89.872,37.085,114.262
158.784,95.345,37.085,114.262
160.801,99.090,37.085,114.262
162.241,100.531,37.085,114.262
164.834,98.514,37.085,114.262
163.393,97.650,37.085,114.262
157.920,95.057,37.085,114.262
155.903,93.041,37.085,114.262
157.344,95.057,37.085,114.262
157.056,97.650,37.085,114.262
159.648,100.243,37.085,114.262
157.056,103.412,37.085,114.262
156.767,102.547,37.085,114.262
156.479,103.988,37.085,114.262
155.039,104.276,37.085,114.262
159.360,101.683,37.085,114.262
160.801,97.938,37.085,114.262
158.697,97.768,36.294,111.825
157.725,101.950,35.520,109.441
157.449,102.226,35.520,109.441
154.966,101.950,35.520,109.441
153.035,103.329,35.520,109.441
151.103,101.950,35.520,109.441
148.068,98.363,35.520,109.441
143.377,95.327,35.520,109.441
