147.000,110.000,34.000,33.000
147.923,113.561,34.000,33.000
151.484,117.649,34.000,33.000
154.254,118.573,34.000,33.000
157.551,118.704,34.000,33.000
160.057,118.309,34.000,33.000
159.397,119.496,34.000,33.000
160.057,120.419,34.000,33.000
160.452,121.078,34.000,33.000
162.167,120.947,34.000,33.000
164.409,119.760,34.000,33.000
163.486,115.407,34.000,33.000
158.870,112.374,34.000,33.000
155.836,110.132,34.000,33.000
154.913,106.835,34.000,33.000
164.277,96.943,34.000,33.000
162.299,91.272,34.000,33.000
160.584,88.766,34.000,33.000
162.035,94.437,34.000,33.000
155.309,93.778,34.000,33.000
148.846,93.646,34.000,33.000
147.132,95.361,34.000,33.000
145.681,94.965,34.000,33.000
146.077,94.042,34.000,33.000
146.472,92.591,34.000,33.000
151.880,86.129,34.000,33.000
147.000,72.808,34.000,33.000
151.880,78.479,34.000,33.000
156.760,88.634,34.000,33.000
159.793,98.262,34.000,33.000
179.444,84.414,34.000,33.000
181.159,89.821,34.000,33.000
182.345,87.843,34.000,33.000
185.379,87.711,34.000,33.000
166.519,94.965,34.000,33.000
161.376,59.751,34.000,33.000
160.980,53.817,34.000,33.000
161.376,51.047,34.000,33.000
160.189,51.443,34.000,33.000
159.002,55.795,34.000,33.000
157.551,70.434,34.000,33.000
157.947,83.755,34.000,33.000
157.815,98.658,34.000,33.000
157.683,116.199,34.000,33.000
158.342,122.661,34.000,33.000
162.958,115.671,34.000,33.000
163.354,106.571,34.000,33.000
157.419,90.085,34.000,33.000
156.232,91.008,34.000,33.000
155.309,95.624,34.000,33.000
153.331,111.055,34.000,33.000
152.671,123.848,34.000,33.000
153.594,133.739,34.000,33.000
153.990,148.115,34.000,33.000
155.441,165.920,34.000,33.000
155.836,161.040,34.000,33.000
157.023,147.192,34.000,33.000
153.199,126.222,34.000,33.000
152.012,117.122,34.000,33.000
150.825,110.396,34.000,33.000
148.846,108.154,34.000,33.000
147.396,111.451,34.000,33.000
145.154,118.968,34.000,33.000
143.175,128.596,34.000,33.000
141.988,139.806,34.000,33.000
140.801,142.048,34.000,33.000
139.087,131.366,34.000,33.000
136.845,116.990,34.000,33.000
130.646,89.162,34.000,33.000
127.349,80.062,34.000,33.000
121.942,73.336,34.000,33.000
120.755,77.688,34.000,33.000
119.304,87.316,34.000,33.000
118.117,101.955,34.000,33.000
119.040,116.067,34.000,33.000
121.810,145.741,34.000,33.000
121.678,140.598,34.000,33.000
124.711,130.179,34.000,33.000
129.064,106.835,34.000,33.000
135.262,89.558,34.000,33.000
141.725,75.446,34.000,33.000
147.659,74.523,34.000,33.000
153.067,76.237,34.000,33.000
155.573,82.436,34.000,33.000
159.397,89.953,34.000,33.000
168.234,112.242,34.000,33.000
170.212,119.496,34.000,33.000
171.926,118.309,34.000,33.000
175.487,108.417,34.000,33.000
178.521,99.053,34.000,33.000
177.861,74.127,34.000,33.000
178.521,73.468,34.000,33.000
178.125,78.611,34.000,33.000
177.729,87.975,34.000,33.000
178.653,98.658,34.000,33.000
175.403,134.827,34.752,33.730
172.842,142.780,34.752,33.730
171.359,136.984,34.752,33.730
166.910,121.212,34.752,33.730
163.810,110.562,34.752,33.730
160.170,100.721,34.752,33.730
157.609,97.082,34.752,33.730
155.587,99.104,34.752,33.730
153.565,104.631,34.752,33.730
152.352,113.663,34.752,33.730
149.521,131.322,34.752,33.730
146.151,129.569,34.752,33.730
143.320,119.459,34.752,33.730
133.749,96.677,34.752,33.730
131.727,86.837,34.752,33.730
126.739,81.040,34.752,33.730
123.908,82.253,34.752,33.730
120.807,87.780,34.752,33.730
119.055,97.351,34.752,33.730
119.729,110.697,34.752,33.730
121.481,129.704,34.752,33.730
119.999,123.908,34.752,33.730
119.864,111.910,34.752,33.730
120.268,99.913,34.752,33.730
122.829,93.307,34.752,33.730
129.165,91.555,34.752,33.730
129.300,96.812,34.752,33.730
132.401,103.687,34.752,33.730
137.928,113.797,34.752,33.730
145.072,125.256,34.752,33.730
157.609,145.072,34.752,33.730
162.597,139.275,34.752,33.730
168.932,129.435,34.752,33.730
172.842,119.594,34.752,33.730
170.280,99.508,34.752,33.730
171.763,89.667,34.752,33.730
171.359,89.802,34.752,33.730
169.067,95.868,34.752,33.730
166.506,105.440,34.752,33.730
163.675,119.324,34.752,33.730
161.114,133.479,34.752,33.730
162.327,127.952,34.752,33.730
160.035,109.753,34.752,33.730
159.361,98.025,34.752,33.730
158.418,90.881,34.752,33.730
158.139,86.433,34.011,33.011
156.160,89.203,34.011,33.011
153.653,95.932,34.011,33.011
152.202,105.826,34.011,33.011
150.487,116.249,34.011,33.011
149.827,121.922,34.011,33.011
151.542,115.985,34.011,33.011
151.410,106.882,34.011,33.011
148.112,100.417,34.011,33.011
135.843,83.398,34.011,33.011
125.156,91.974,34.011,33.011
120.803,101.077,34.011,33.011
119.615,110.972,34.011,33.011
117.636,125.352,34.011,33.011
115.657,144.482,34.011,33.011
116.845,153.321,34.011,33.011
119.615,148.176,34.011,33.011
123.177,143.031,34.011,33.011
126.212,137.885,34.011,33.011
127.135,120.603,34.011,33.011
136.766,120.471,34.011,33.011
142.175,126.671,34.011,33.011
148.112,133.664,34.011,33.011
155.104,146.725,34.011,33.011
159.458,160.841,34.011,33.011
168.825,162.556,34.011,33.011
174.498,152.134,34.011,33.011
176.213,134.323,34.011,33.011
181.622,124.956,34.011,33.011
187.823,118.492,34.011,33.011
191.385,117.040,34.011,33.011
191.253,120.866,34.011,33.011
189.802,128.386,34.011,33.011
185.448,139.337,34.011,33.011
178.192,152.134,34.011,33.011
165.131,148.572,34.011,33.011
158.930,130.233,34.011,33.011
154.049,116.645,34.011,33.011
148.640,103.848,34.011,33.011
146.586,98.223,33.286,32.307
136.644,77.952,33.286,32.307
135.224,82.729,33.286,32.307
135.353,91.380,33.286,32.307
136.257,101.580,33.286,32.307
136.644,118.494,33.286,32.307
138.839,113.975,33.286,32.307
140.001,104.033,33.286,32.307
139.872,98.223,33.286,32.307
141.809,93.704,33.286,32.307
146.586,93.575,33.286,32.307
153.171,105.324,33.286,32.307
154.075,115.524,33.286,32.307
154.462,125.208,33.286,32.307
155.624,142.639,33.286,32.307
155.495,160.069,33.286,32.307
157.690,158.649,33.286,32.307
160.402,153.355,33.286,32.307
160.014,147.803,33.286,32.307
154.979,133.472,33.286,32.307
154.850,134.634,33.286,32.307
156.012,146.900,33.286,32.307
154.591,157.100,33.286,32.307
156.012,170.399,33.286,32.307
156.916,187.313,33.286,32.307
157.561,206.035,33.286,32.307
159.756,204.098,33.286,32.307
160.402,190.283,33.286,32.307
159.240,175.176,33.286,32.307
158.852,163.426,33.286,32.307
159.756,152.710,33.286,32.307
158.594,141.219,33.286,32.307
158.207,142.897,33.286,32.307
158.078,147.416,33.286,32.307
158.465,156.842,33.286,32.307
159.369,167.558,33.286,32.307
161.822,152.710,33.286,32.307
163.500,127.016,33.286,32.307
164.921,116.816,33.286,32.307
159.627,91.380,33.286,32.307
159.498,83.762,33.286,32.307
157.045,84.666,33.286,32.307
154.850,92.025,33.286,32.307
154.462,102.226,33.286,32.307
155.108,119.398,33.286,32.307
154.721,135.279,33.286,32.307
152.526,133.601,33.286,32.307
151.364,124.175,33.286,32.307
149.685,117.074,33.286,32.307
141.034,97.061,33.286,32.307
137.548,95.124,33.286,32.307
134.578,101.967,33.286,32.307
133.675,111.651,33.286,32.307
133.029,124.692,33.286,32.307
132.384,135.667,33.286,32.307
135.611,135.279,33.286,32.307
142.196,110.102,33.286,32.307
142.842,100.418,33.286,32.307
145.553,94.350,33.286,32.307
150.589,90.347,33.286,32.307
156.916,89.960,33.286,32.307
159.885,101.967,33.286,32.307
164.921,111.909,33.286,32.307
172.022,124.950,33.286,32.307
176.799,129.469,33.286,32.307
179.769,126.758,33.286,32.307
181.706,92.542,33.286,32.307
181.577,86.473,33.286,32.307
182.739,82.987,33.286,32.307
184.159,82.858,33.286,32.307
185.063,84.020,33.286,32.307
189.840,96.803,33.286,32.307
194.101,107.778,33.286,32.307
196.554,121.077,33.286,32.307
199.524,125.854,33.286,32.307
201.719,122.109,33.286,32.307
200.298,92.284,33.286,32.307
198.878,84.924,33.286,32.307
194.101,82.729,33.286,32.307
188.291,82.600,33.286,32.307
183.513,85.570,33.286,32.307
177.187,100.418,33.286,32.307
173.701,113.459,33.286,32.307
172.280,123.401,33.286,32.307
168.020,123.271,33.286,32.307
164.792,117.719,33.286,32.307
161.047,89.443,33.286,32.307
159.369,84.666,33.286,32.307
157.690,83.504,33.286,32.307
156.528,84.924,33.286,32.307
155.366,90.734,33.286,32.307
152.397,111.780,33.286,32.307
150.202,126.112,33.286,32.307
148.007,136.312,33.286,32.307
144.262,134.117,33.286,32.307
138.968,132.697,33.286,32.307
115.598,104.937,33.286,32.307
114.695,100.934,33.286,32.307
114.049,99.514,33.286,32.307
111.854,100.676,33.286,32.307
111.209,105.712,33.286,32.307
116.761,123.917,33.286,32.307
120.505,137.216,33.286,32.307
125.024,143.026,33.286,32.307
130.834,137.991,33.286,32.307
140.518,123.917,33.286,32.307
144.262,89.443,33.286,32.307
148.523,81.567,33.286,32.307
153.300,77.306,33.286,32.307
156.786,77.435,33.286,32.307
160.999,82.136,32.576,31.618
164.664,100.964,32.576,31.618
165.548,115.748,32.576,31.618
164.664,123.709,32.576,31.618
163.779,121.055,32.576,31.618
165.422,115.116,32.576,31.618
161.252,81.377,32.576,31.618
160.115,77.966,32.576,31.618
159.230,78.345,32.576,31.618
158.346,80.240,32.576,31.618
155.692,86.179,32.576,31.618
148.489,108.545,32.576,31.618
146.341,121.813,32.576,31.618
144.193,127.247,32.576,31.618
142.045,122.319,32.576,31.618
140.908,110.062,32.576,31.618
141.034,101.343,32.576,31.618
142.424,101.974,32.576,31.618
145.583,108.924,32.576,31.618
146.783,116.204,31.881,30.944
146.659,124.242,31.881,30.944
146.041,148.605,31.881,30.944
145.423,161.343,31.881,30.944
145.546,170.618,31.881,30.944
