40.000,199.000,61.000,103.000
40.320,198.039,61.000,103.000
40.640,197.719,61.000,103.000
40.320,196.759,61.000,103.000
40.640,195.798,61.000,103.000
39.680,195.478,61.000,103.000
39.360,195.158,61.000,103.000
39.039,194.197,61.000,103.000
38.719,193.877,61.000,103.000
37.759,192.276,61.000,103.000
37.439,191.316,61.000,103.000
37.118,189.075,61.000,103.000
36.158,184.912,61.000,103.000
35.197,180.110,61.000,103.000
34.237,174.667,61.000,103.000
34.557,167.302,61.000,103.000
33.596,160.579,61.000,103.000
35.790,151.493,59.699,100.803
36.730,146.166,59.699,100.803
38.923,138.959,59.699,100.803
41.117,133.632,59.699,100.803
43.310,127.052,59.699,100.803
46.130,121.098,59.699,100.803
49.577,115.145,59.699,100.803
53.651,107.938,59.699,100.803
57.098,102.611,59.699,100.803
61.798,96.657,59.699,100.803
67.125,90.703,59.699,100.803
72.641,84.712,61.020,103.034
79.367,79.907,61.020,103.034
86.734,75.103,61.020,103.034
94.100,70.940,61.020,103.034
104.669,66.135,61.020,103.034
112.036,60.691,61.020,103.034
123.246,57.167,61.020,103.034
131.893,54.285,61.020,103.034
141.182,52.043,61.020,103.034
149.829,48.520,61.020,103.034
158.477,43.716,61.020,103.034
171.608,40.833,61.020,103.034
182.178,37.310,61.020,103.034
190.825,35.068,61.020,103.034
198.832,32.185,61.020,103.034
211.323,33.146,61.020,103.034
218.690,34.107,61.020,103.034
222.335,33.964,62.370,105.313
230.815,36.535,63.750,107.643
239.850,36.870,63.750,107.643
247.546,39.881,63.750,107.643
253.234,42.224,63.750,107.643
257.584,43.228,63.750,107.643
261.934,45.570,63.750,107.643
266.284,49.251,63.750,107.643
269.965,52.262,63.750,107.643
274.984,55.274,63.750,107.643
279.334,58.285,63.750,107.643
282.345,60.627,63.750,107.643
285.357,64.308,63.750,107.643
288.368,66.650,63.750,107.643
292.049,70.331,63.750,107.643
296.399,74.681,63.750,107.643
299.410,80.369,63.750,107.643
303.091,84.719,63.750,107.643
307.441,89.738,63.750,107.643
311.122,93.419,63.750,107.643
316.141,97.769,63.750,107.643
320.491,103.458,63.750,107.643
326.179,109.146,63.750,107.643
330.529,115.504,63.750,107.643
335.548,120.523,63.750,107.643
339.898,126.211,63.750,107.643
344.248,131.899,63.750,107.643
347.260,138.926,63.750,107.643
351.610,145.953,63.750,107.643
355.960,153.649,63.750,107.643
360.979,160.676,63.750,107.643
364.660,167.034,63.750,107.643
367.079,173.133,65.160,110.025
369.473,178.947,65.160,110.025
370.499,186.130,65.160,110.025
371.525,190.576,65.160,110.025
370.499,195.706,65.160,110.025
370.841,199.468,65.160,110.025
369.815,201.862,65.160,110.025
368.789,203.573,65.160,110.025
367.763,204.599,65.160,110.025
366.737,204.941,65.160,110.025
365.711,205.283,65.160,110.025
364.685,203.573,65.160,110.025
364.343,201.862,65.160,110.025
365.369,200.152,65.160,110.025
365.711,197.758,65.160,110.025
366.053,195.364,65.160,110.025
367.079,192.286,65.160,110.025
368.789,188.524,65.160,110.025
369.815,184.762,65.160,110.025
370.841,181.000,65.160,110.025
372.551,175.869,65.160,110.025
372.209,172.107,65.160,110.025
374.603,166.977,65.160,110.025
373.577,162.531,65.160,110.025
373.919,156.033,65.160,110.025
374.261,150.218,65.160,110.025
371.766,144.388,66.602,112.459
370.717,139.144,66.602,112.459
368.167,133.185,68.076,114.948
364.819,127.836,69.582,117.491
360.802,124.549,69.582,117.491
356.054,120.531,69.582,117.491
349.845,116.514,69.582,117.491
344.367,113.957,69.582,117.491
338.158,113.592,69.582,117.491
332.679,112.497,69.582,117.491
325.010,112.131,69.582,117.491
317.340,112.497,69.582,117.491
309.671,111.401,69.582,117.491
302.001,110.305,69.582,117.491
296.054,110.502,68.098,114.985
288.548,113.719,68.098,114.985
281.757,112.647,68.098,114.985
276.396,114.434,68.098,114.985
270.319,115.506,68.098,114.985
263.528,114.434,68.098,114.985
256.470,115.016,69.605,117.529
250.990,116.112,69.605,117.529
246.241,118.669,69.605,117.529
237.838,119.035,69.605,117.529
230.896,120.131,69.605,117.529
223.955,121.227,69.605,117.529
219.936,123.053,69.605,117.529
220.303,125.923,71.145,120.130
217.579,127.306,72.719,122.787
218.724,129.214,72.719,122.787
214.526,130.359,72.719,122.787
218.724,136.085,72.719,122.787
219.106,139.520,72.719,122.787
220.251,144.482,72.719,122.787
221.427,147.479,74.328,125.504
224.158,150.210,74.328,125.504
227.669,151.381,74.328,125.504
232.740,154.112,74.328,125.504
237.032,152.941,74.328,125.504
242.104,151.771,74.328,125.504
246.395,150.600,74.328,125.504
251.467,152.551,74.328,125.504
256.538,151.381,74.328,125.504
262.390,150.210,74.328,125.504
269.023,151.381,74.328,125.504
275.655,151.771,74.328,125.504
280.727,151.381,74.328,125.504
287.359,154.112,74.328,125.504
293.211,154.502,74.328,125.504
298.282,156.452,74.328,125.504
304.715,157.415,72.743,122.828
309.679,160.851,72.743,122.828
314.503,160.320,71.191,120.208
318.503,164.123,69.673,117.645
321.063,166.683,69.673,117.645
323.623,168.512,69.673,117.645
325.452,171.072,69.673,117.645
327.957,171.269,68.187,115.136
329.031,174.490,68.187,115.136
330.820,171.984,68.187,115.136
332.582,171.487,66.733,112.681
335.735,173.239,66.733,112.681
336.784,172.077,65.310,110.278
339.793,170.940,63.917,107.926
342.738,170.474,62.554,105.625
345.693,170.145,62.554,105.625
349.305,168.504,62.554,105.625
352.916,166.205,62.554,105.625
357.842,164.564,62.554,105.625
366.050,164.235,62.554,105.625
371.830,162.726,63.938,107.962
376.193,162.391,63.938,107.962
379.213,163.397,63.938,107.962
380.891,162.391,63.938,107.962
382.569,162.055,63.938,107.962
384.919,161.048,63.938,107.962
387.268,160.041,63.938,107.962
390.288,159.035,63.938,107.962
393.309,158.699,63.938,107.962
397.000,157.021,63.938,107.962
400.692,154.672,63.938,107.962
404.383,152.994,63.938,107.962
408.746,151.316,63.938,107.962
412.438,149.638,63.938,107.962
416.801,147.289,63.938,107.962
421.040,145.529,62.575,105.659
423.996,142.573,62.575,105.659
426.952,140.930,62.575,105.659
429.252,139.945,62.575,105.659
432.208,138.303,62.575,105.659
435.724,137.847,61.240,103.406
437.331,137.525,61.240,103.406
440.153,138.318,59.934,101.201
441.726,139.262,59.934,101.201
443.928,139.576,59.934,101.201
446.689,140.352,58.656,99.043
448.229,143.123,58.656,99.043
448.537,144.662,58.656,99.043
451.307,146.202,58.656,99.043
454.604,146.368,57.405,96.931
454.905,146.066,57.405,96.931
457.014,143.957,57.405,96.931
458.497,140.634,56.181,94.864
459.972,135.621,56.181,94.864
458.497,130.608,56.181,94.864
459.972,125.595,56.181,94.864
457.908,120.582,56.181,94.864
457.613,115.569,56.181,94.864
454.959,109.966,56.181,94.864
451.125,103.774,56.181,94.864
447.292,96.402,56.181,94.864
443.458,89.030,56.181,94.864
437.856,82.837,56.181,94.864
431.073,77.234,56.181,94.864
418.983,72.221,56.181,94.864
411.611,68.388,56.181,94.864
400.700,63.375,56.181,94.864
386.840,57.182,56.181,94.864
374.750,51.579,56.181,94.864
360.301,43.028,56.181,94.864
347.031,39.784,56.181,94.864
335.408,37.669,54.983,92.841
319.536,33.340,54.983,92.841
298.468,30.165,54.983,92.841
285.481,25.836,54.983,92.841
269.609,22.662,54.983,92.841
249.695,21.219,54.983,92.841
230.359,19.199,54.983,92.841
215.679,18.471,56.200,94.895
194.145,15.226,56.200,94.895
179.101,11.981,56.200,94.895
159.337,8.147,56.200,94.895
152.553,7.262,56.200,94.895
142.818,9.327,56.200,94.895
133.674,9.032,56.200,94.895
122.759,8.737,56.200,94.895
112.435,9.622,56.200,94.895
100.931,11.686,56.200,94.895
89.598,14.615,57.443,96.994
79.648,18.535,57.443,96.994
68.492,23.057,57.443,96.994
57.336,29.389,57.443,96.994
53.417,37.530,57.443,96.994
49.497,45.671,57.443,96.994
45.577,53.208,57.443,96.994
41.658,58.937,57.443,96.994
38.944,66.475,57.443,96.994
35.025,72.806,57.443,96.994
30.502,81.550,57.443,96.994
27.789,89.088,57.443,96.994
23.869,95.419,57.443,96.994
19.167,102.167,58.714,99.140
15.777,108.022,58.714,99.140
13.529,113.640,60.013,101.334
12.584,119.625,60.013,101.334
11.639,126.240,60.013,101.334
10.064,131.595,60.013,101.334
8.489,133.800,60.013,101.334
7.544,136.635,60.013,101.334
7.229,139.470,60.013,101.334
6.914,142.935,60.013,101.334
7.229,147.029,60.013,101.334
6.914,150.494,60.013,101.334
9.119,152.699,60.013,101.334
8.174,156.794,60.013,101.334
12.153,161.822,58.733,99.173
11.845,166.446,58.733,99.173
15.236,169.837,58.733,99.173
18.011,175.078,58.733,99.173
22.018,179.085,58.733,99.173
26.026,184.943,58.733,99.173
29.534,190.562,60.033,101.367
33.000,194.659,60.033,101.367
35.206,197.495,60.033,101.367
38.042,200.330,60.033,101.367
39.617,202.536,60.033,101.367
40.563,204.742,60.033,101.367
41.508,206.948,60.033,101.367
42.453,209.783,60.033,101.367
43.399,211.989,60.033,101.367
44.344,214.195,60.033,101.367
45.289,216.401,60.033,101.367
46.234,217.346,60.033,101.367
47.810,220.812,60.033,101.367
49.385,224.278,60.033,101.367
48.440,227.114,60.033,101.367
51.276,229.320,60.033,101.367
50.331,229.005,60.033,101.367
53.167,232.471,60.033,101.367
51.591,230.895,60.033,101.367
54.427,233.731,60.033,101.367
53.482,232.786,60.033,101.367
55.687,234.361,60.033,101.367
55.372,233.416,60.033,101.367
56.948,234.991,60.033,101.367
57.263,235.306,60.033,101.367
58.208,237.512,60.033,101.367
57.263,236.567,60.033,101.367
60.099,239.403,60.033,101.367
58.523,239.088,60.033,101.367
61.359,242.554,60.033,101.367
60.414,241.608,60.033,101.367
62.620,243.814,60.033,101.367
62.935,244.759,60.033,101.367
64.510,246.335,60.033,101.367
63.565,247.280,60.033,101.367
65.771,250.746,60.033,101.367
64.825,251.061,60.033,101.367
66.401,253.897,60.033,101.367
66.737,255.282,58.753,99.205
66.429,258.674,58.753,99.205
67.947,260.624,57.500,97.090
67.042,263.340,57.500,97.090
67.343,264.245,57.500,97.090
67.645,265.151,57.500,97.090
67.947,266.056,57.500,97.090
66.438,266.358,57.500,97.090
67.343,266.660,57.500,97.090
67.666,266.241,56.273,95.019
68.550,266.969,55.073,92.993
68.839,269.571,55.073,92.993
69.707,271.594,55.073,92.993
69.418,273.618,55.073,92.993
70.841,274.888,53.899,91.010
71.689,275.171,53.899,91.010
71.972,275.454,53.899,91.010
72.821,277.434,53.899,91.010
74.236,279.980,53.899,91.010
75.650,281.960,53.899,91.010
77.065,282.809,53.899,91.010
75.650,281.960,53.899,91.010
77.630,282.243,53.899,91.010
76.842,281.850,52.750,89.069
78.843,283.450,53.917,91.040
80.824,285.431,53.917,91.040
78.843,286.846,53.917,91.040
81.956,285.997,53.917,91.040
79.892,284.109,55.110,93.054
76.710,282.663,55.110,93.054
80.602,282.534,56.329,95.113
83.854,285.195,56.329,95.113
82.924,285.676,57.575,97.217
83.855,283.660,58.849,99.368
109.162,258.526,60.151,101.566
118.020,253.827,58.868,99.401
121.419,251.046,58.868,99.401
123.536,252.404,57.613,97.281
126.773,251.401,56.384,95.206
123.518,253.472,56.384,95.206
126.686,252.491,55.182,93.176
130.904,252.088,54.005,91.189
129.567,254.973,52.853,89.244
133.728,253.586,52.853,89.244
132.341,254.418,52.853,89.244
136.381,252.963,51.726,87.341
135.100,255.203,50.623,85.479
136.960,254.937,50.623,85.479
135.100,255.735,50.623,85.479
137.945,253.829,49.544,83.656
136.645,255.649,49.544,83.656
137.945,254.349,49.544,83.656
136.125,255.649,49.544,83.656
138.465,254.349,49.544,83.656
136.645,255.129,49.544,83.656
137.945,255.389,49.544,83.656
136.048,255.273,50.640,85.507
137.970,252.948,51.760,87.398
135.525,254.850,51.760,87.398
138.053,252.474,52.905,89.332
135.673,254.229,51.777,87.427
133.227,255.588,51.777,87.427
137.184,253.115,50.673,85.563
135.322,255.509,50.673,85.563
138.248,253.115,50.673,85.563
134.652,255.204,51.794,87.456
137.099,253.845,51.794,87.456
134.108,255.204,51.794,87.456
137.019,253.778,50.690,85.591
134.092,255.641,50.690,85.591
136.487,253.778,50.690,85.591
133.560,255.641,50.690,85.591
136.487,253.778,50.690,85.591
133.560,255.641,50.690,85.591
136.487,253.778,50.690,85.591
133.560,255.641,50.690,85.591
136.487,253.778,50.690,85.591
134.092,255.641,50.690,85.591
136.487,253.778,50.690,85.591
134.092,255.641,50.690,85.591
136.487,253.778,50.690,85.591
134.092,255.641,50.690,85.591
136.487,253.778,50.690,85.591
134.092,255.641,50.690,85.591
136.487,253.778,50.690,85.591
133.560,255.641,50.690,85.591
135.955,253.778,50.690,85.591
133.028,255.641,50.690,85.591
135.422,253.778,50.690,85.591
132.496,256.173,50.690,85.591
134.890,254.842,50.690,85.591
131.964,256.173,50.690,85.591
135.325,254.777,49.609,83.765
132.982,256.600,49.609,83.765
135.325,255.298,49.609,83.765
132.982,257.121,49.609,83.765
135.846,254.777,49.609,83.765
133.502,256.079,49.609,83.765
135.846,255.298,49.609,83.765
133.502,256.600,49.609,83.765
136.367,255.298,49.609,83.765
134.023,256.600,49.609,83.765
136.367,255.298,49.609,83.765
134.023,256.600,49.609,83.765
136.367,255.298,49.609,83.765
134.023,256.600,49.609,83.765
136.367,255.298,49.609,83.765
134.023,256.600,49.609,83.765
136.367,255.298,49.609,83.765
134.023,256.600,49.609,83.765
136.367,255.298,49.609,83.765
134.023,256.600,49.609,83.765
136.367,255.298,49.609,83.765
134.023,256.600,49.609,83.765
136.367,255.298,49.609,83.765
134.023,256.600,49.609,83.765
136.367,255.298,49.609,83.765
134.023,256.600,49.609,83.765
136.367,255.298,49.609,83.765
134.023,256.600,49.609,83.765
136.367,255.298,49.609,83.765
134.023,256.600,49.609,83.765
136.367,255.298,49.609,83.765
134.023,256.600,49.609,83.765
136.367,255.298,49.609,83.765
134.023,256.600,49.609,83.765
136.367,255.298,49.609,83.765
134.023,256.600,49.609,83.765
136.367,255.298,49.609,83.765
134.023,256.600,49.609,83.765
136.367,255.298,49.609,83.765
134.023,256.600,49.609,83.765
136.367,255.298,49.609,83.765
134.023,256.600,49.609,83.765
136.367,255.298,49.609,83.765
134.023,256.600,49.609,83.765
136.367,255.298,49.609,83.765
134.023,256.600,49.609,83.765
136.367,255.298,49.609,83.765
134.023,256.600,49.609,83.765
136.367,255.298,49.609,83.765
134.023,256.600,49.609,83.765
136.367,255.298,49.609,83.765
134.023,256.600,49.609,83.765
136.367,255.298,49.609,83.765
134.023,256.600,49.609,83.765
136.367,255.298,49.609,83.765
134.023,256.600,49.609,83.765
136.887,254.777,49.609,83.765
134.023,255.559,49.609,83.765
135.325,256.340,49.609,83.765
132.982,257.121,49.609,83.765
135.325,254.777,49.609,83.765
132.982,256.600,49.609,83.765
135.325,255.298,49.609,83.765
132.982,257.121,49.609,83.765
135.325,254.777,49.609,83.765
132.982,256.600,49.609,83.765
135.846,255.298,49.609,83.765
133.502,256.600,49.609,83.765
136.367,255.298,49.609,83.765
134.023,256.600,49.609,83.765
136.367,255.298,49.609,83.765
134.023,256.600,49.609,83.765
131.680,257.902,49.609,83.765
134.544,255.558,49.609,83.765
132.721,257.381,49.609,83.765
135.065,255.038,49.609,83.765
132.721,256.860,49.609,83.765
135.065,254.517,49.609,83.765
132.721,256.860,49.609,83.765
135.065,254.517,49.609,83.765
132.721,256.860,49.609,83.765
135.065,254.517,49.609,83.765
132.721,256.860,49.609,83.765
135.065,254.517,49.609,83.765
132.721,256.860,49.609,83.765
135.065,254.517,49.609,83.765
132.721,256.860,49.609,83.765
136.011,254.993,48.551,81.979
134.809,257.586,47.515,80.231
138.441,256.278,46.502,78.520
136.244,257.987,46.502,78.520
133.451,258.384,47.531,80.257
136.694,255.640,47.531,80.257
133.838,257.082,48.583,82.033
135.682,255.910,49.658,83.848
132.158,255.793,50.756,85.703
134.637,252.911,51.879,87.599
130.955,254.484,53.027,89.537
134.017,253.093,53.027,89.537
129.677,254.701,54.200,91.518
130.553,253.393,55.399,93.543
132.545,252.429,54.218,91.548
130.106,254.776,53.062,89.596
133.087,253.316,51.930,87.685
132.270,255.224,51.930,87.685
135.268,253.316,51.930,87.685
132.270,255.224,51.930,87.685
135.268,253.316,51.930,87.685
132.270,255.224,51.930,87.685
134.723,253.316,51.930,87.685
131.725,255.224,51.930,87.685
134.178,253.316,51.930,87.685
131.179,255.769,51.930,87.685
133.633,253.316,51.930,87.685
131.179,255.769,51.930,87.685
133.633,253.316,51.930,87.685
130.634,255.769,51.930,87.685
133.633,253.316,51.930,87.685
131.179,255.769,51.930,87.685
134.178,253.316,51.930,87.685
131.179,255.769,51.930,87.685
134.178,253.316,51.930,87.685
131.179,255.769,51.930,87.685
134.178,253.316,51.930,87.685
131.179,255.769,51.930,87.685
134.178,253.316,51.930,87.685
131.179,255.769,51.930,87.685
133.633,253.316,51.930,87.685
130.634,255.769,51.930,87.685
133.087,253.316,51.930,87.685
130.634,255.769,51.930,87.685
133.633,253.316,51.930,87.685
130.634,255.769,51.930,87.685
133.087,253.316,51.930,87.685
130.634,255.769,51.930,87.685
133.087,253.316,51.930,87.685
130.634,255.769,51.930,87.685
133.087,253.316,51.930,87.685
130.634,255.769,51.930,87.685
133.087,253.316,51.930,87.685
130.634,255.769,51.930,87.685
126.546,257.677,51.930,87.685
123.159,261.502,50.823,85.815
182.646,301.249,50.823,85.815
183.980,300.982,50.823,85.815
184.780,300.715,50.823,85.815
183.980,300.449,50.823,85.815
184.246,301.782,50.823,85.815
183.503,300.898,49.739,83.985
184.808,301.681,49.739,83.985
184.583,302.325,48.678,82.194
185.861,302.069,48.678,82.194
184.072,302.325,48.678,82.194
185.350,302.069,48.678,82.194
184.583,302.325,48.678,82.194
185.861,302.069,48.678,82.194
184.072,302.325,48.678,82.194
185.350,302.069,48.678,82.194
185.094,301.814,48.678,82.194
184.328,303.091,48.678,82.194
185.605,301.814,48.678,82.194
184.839,303.091,48.678,82.194
184.127,302.736,47.640,80.442
186.377,303.987,47.640,80.442
184.127,302.736,47.640,80.442
186.377,303.987,47.640,80.442
184.127,302.736,47.640,80.442
186.377,303.987,47.640,80.442
184.127,302.736,47.640,80.442
186.377,303.987,47.640,80.442
184.127,302.736,47.640,80.442
186.377,303.987,47.640,80.442
184.127,302.736,47.640,80.442
186.377,303.987,47.640,80.442
184.127,302.736,47.640,80.442
186.377,303.987,47.640,80.442
184.127,302.736,47.640,80.442
186.377,303.987,47.640,80.442
184.127,302.736,47.640,80.442
186.377,303.987,47.640,80.442
184.127,302.736,47.640,80.442
186.377,303.987,47.640,80.442
184.127,302.736,47.640,80.442
186.377,303.987,47.640,80.442
184.127,302.736,47.640,80.442
186.377,303.987,47.640,80.442
184.627,302.736,47.640,80.442
185.877,303.987,47.640,80.442
185.127,302.736,47.640,80.442
186.377,303.987,47.640,80.442
184.627,302.736,47.640,80.442
185.877,303.987,47.640,80.442
184.627,302.736,47.640,80.442
185.377,303.987,47.640,80.442
184.127,302.736,47.640,80.442
186.377,303.987,47.640,80.442
184.127,302.736,47.640,80.442
186.377,303.987,47.640,80.442
184.127,302.736,47.640,80.442
186.377,303.987,47.640,80.442
184.127,302.736,47.640,80.442
186.377,303.987,47.640,80.442
184.127,302.736,47.640,80.442
186.377,303.987,47.640,80.442
184.127,302.736,47.640,80.442
186.377,303.987,47.640,80.442
184.127,302.736,47.640,80.442
186.377,303.987,47.640,80.442
184.127,302.736,47.640,80.442
186.377,303.987,47.640,80.442
184.127,302.736,47.640,80.442
186.377,303.987,47.640,80.442
184.127,303.236,47.640,80.442
185.877,302.986,47.640,80.442
184.627,303.236,47.640,80.442
185.377,302.486,47.640,80.442
183.627,304.237,47.640,80.442
185.877,302.486,47.640,80.442
184.627,304.237,47.640,80.442
185.877,302.486,47.640,80.442
184.627,303.737,47.640,80.442
185.877,302.486,47.640,80.442
184.627,303.737,47.640,80.442
187.377,305.987,47.640,80.442
185.127,306.237,47.640,80.442
136.709,257.205,46.624,78.726
133.400,257.603,47.656,80.468
130.018,259.049,48.710,82.248
133.342,259.816,48.710,82.248
136.782,260.763,49.788,84.068
138.671,261.730,50.889,85.928
160.555,231.127,52.015,87.829
165.743,234.677,52.015,87.829
162.051,237.954,53.166,89.772
157.700,241.883,54.343,91.759
152.659,245.898,55.545,93.789
148.113,250.608,56.774,95.864
148.412,256.658,58.030,97.985
151.246,263.475,59.314,100.153
154.789,269.796,60.626,102.369
156.430,274.276,61.968,104.634
158.106,275.480,63.339,106.949
158.440,276.712,64.740,109.315
159.487,277.265,66.172,111.733
162.613,276.223,66.172,111.733
165.845,277.510,67.636,114.206
169.885,275.141,69.133,116.732
174.014,272.720,70.662,119.315
178.836,272.350,70.662,119.315
182.174,270.495,70.662,119.315
184.770,269.382,70.662,119.315
188.108,269.012,70.662,119.315
192.188,268.641,70.662,119.315
194.784,268.270,70.662,119.315
200.347,266.415,70.662,119.315
205.911,263.819,70.662,119.315
210.732,261.965,70.662,119.315
214.812,259.368,70.662,119.315
221.117,256.772,70.662,119.315
229.648,253.434,70.662,119.315
241.887,251.580,70.662,119.315
254.868,251.209,70.662,119.315
268.591,250.096,70.662,119.315
283.056,250.467,70.662,119.315
298.051,254.149,72.226,121.955
311.320,253.012,72.226,121.955
325.347,255.666,72.226,121.955
340.890,256.045,72.226,121.955
360.936,255.089,73.824,124.653
376.048,253.927,73.824,124.653
384.185,251.989,73.824,124.653
397.747,249.277,73.824,124.653
410.534,245.789,73.824,124.653
420.222,242.302,73.824,124.653
433.784,238.040,73.824,124.653
446.571,233.777,73.824,124.653
455.201,231.745,72.249,121.995
461.648,230.608,72.249,121.995
467.336,227.195,72.249,121.995
473.024,223.023,72.249,121.995
476.437,217.335,72.249,121.995
479.092,210.888,72.249,121.995
477.954,202.166,72.249,121.995
476.897,189.943,70.709,119.393
472.815,180.664,70.709,119.393
465.763,166.190,70.709,119.393
457.227,152.458,70.709,119.393
447.206,134.272,70.709,119.393
434.959,118.313,70.709,119.393
416.849,99.665,72.273,122.035
401.296,82.594,72.273,122.035
382.708,66.283,72.273,122.035
365.637,50.729,72.273,122.035
347.808,35.176,72.273,122.035
340.600,21.140,72.273,122.035
325.239,13.887,73.872,124.735
308.566,8.071,73.872,124.735
306.627,4.581,73.872,124.735
310.117,2.642,73.872,124.735
307.403,1.479,73.872,124.735
300.811,2.642,73.872,124.735
298.097,0.703,73.872,124.735
299.260,1.867,73.872,124.735
298.097,1.479,73.872,124.735
299.260,2.642,73.872,124.735
297.321,0.703,73.872,124.735
298.485,1.867,73.872,124.735
298.872,1.479,73.872,124.735
300.036,2.642,73.872,124.735
298.872,0.703,73.872,124.735
300.036,1.867,73.872,124.735
298.097,1.479,73.872,124.735
299.260,2.642,73.872,124.735
297.321,0.703,73.872,124.735
298.516,2.140,75.507,127.495
299.705,0.158,75.507,127.495
302.570,1.626,77.177,130.316
298.924,-0.400,77.177,130.316
301.853,0.260,78.885,133.199
303.095,-1.810,78.885,133.199
305.165,-0.568,78.885,133.199
306.407,-1.810,78.885,133.199
303.509,-0.568,78.885,133.199
305.579,-0.982,78.885,133.199
308.478,-0.568,78.885,133.199
316.626,0.966,80.630,136.146
326.360,-0.304,80.630,136.146
331.015,-0.727,80.630,136.146
337.363,-0.304,80.630,136.146
340.326,-1.574,80.630,136.146
339.903,-0.304,80.630,136.146
345.250,-0.892,78.911,133.242
342.350,-0.478,78.911,133.242
348.381,0.544,77.228,130.401
347.165,0.138,77.228,130.401
345.139,-0.267,77.228,130.401
343.923,0.949,77.228,130.401
349.044,1.167,75.581,127.620
347.060,1.564,75.581,127.620
345.077,1.167,75.581,127.620
343.886,2.358,75.581,127.620
342.696,1.961,75.581,127.620
339.126,2.358,75.581,127.620
335.556,1.167,75.581,127.620
331.985,3.151,75.581,127.620
336.349,1.961,75.581,127.620
335.952,1.564,75.581,127.620
335.556,1.167,75.581,127.620
333.572,2.358,75.581,127.620
329.032,0.534,77.253,130.444
327.815,0.129,77.253,130.444
326.599,1.345,77.253,130.444
323.760,0.129,77.253,130.444
330.654,1.345,77.253,130.444
327.696,0.323,78.962,133.330
327.281,-0.092,78.962,133.330
326.867,-0.506,78.962,133.330
323.843,-0.691,80.709,136.280
320.753,-1.759,82.495,139.295
318.588,-3.058,82.495,139.295
315.429,-3.251,84.320,142.377
320.297,-3.694,84.320,142.377
318.970,-4.137,84.320,142.377
315.871,-4.579,84.320,142.377
313.659,-3.251,84.320,142.377
319.412,-3.694,84.320,142.377
317.199,-4.137,84.320,142.377
314.986,-4.579,84.320,142.377
321.625,-3.251,84.320,142.377
320.297,-3.694,84.320,142.377
319.855,-4.137,84.320,142.377
319.412,-4.579,84.320,142.377
318.084,-3.251,84.320,142.377
315.872,-3.694,84.320,142.377
313.659,-4.137,84.320,142.377
319.412,-5.464,84.320,142.377
323.395,-3.251,84.320,142.377
319.248,-5.286,86.186,145.527
317.891,-5.738,86.186,145.527
315.629,-5.286,86.186,145.527
312.329,-5.487,88.093,148.747
310.017,-6.875,88.093,148.747
316.028,-4.563,88.093,148.747
313.716,-6.875,88.093,148.747
308.424,-6.122,90.042,152.038
313.623,-8.485,90.042,152.038
308.214,-7.715,92.034,155.402
310.629,-9.164,92.034,155.402
306.282,-7.715,92.034,155.402
309.663,-8.198,92.034,155.402
306.282,-8.681,92.034,155.402
310.629,-10.130,92.034,155.402
306.282,-7.715,92.034,155.402
310.629,-9.164,92.034,155.402
306.282,-7.715,92.034,155.402
309.663,-8.198,92.034,155.402
307.248,-8.681,92.034,155.402
310.629,-10.130,92.034,155.402
306.282,-7.715,92.034,155.402
310.629,-8.198,92.034,155.402
308.214,-8.681,92.034,155.402
309.663,-10.130,92.034,155.402
304.134,-7.339,94.070,158.840
308.578,-9.807,94.070,158.840
307.097,-10.301,94.070,158.840
306.603,-8.820,94.070,158.840
303.147,-10.301,94.070,158.840
308.578,-8.820,94.070,158.840
307.097,-11.289,94.070,158.840
303.641,-7.832,94.070,158.840
308.084,-10.301,94.070,158.840
305.616,-8.820,94.070,158.840
303.147,-10.301,94.070,158.840
308.578,-8.820,94.070,158.840
307.097,-11.289,94.070,158.840
303.641,-7.832,94.070,158.840
308.084,-10.301,94.070,158.840
306.603,-8.820,94.070,158.840
303.147,-10.301,94.070,158.840
308.578,-8.820,94.070,158.840
307.097,-11.289,94.070,158.840
303.641,-7.832,94.070,158.840
308.084,-10.301,94.070,158.840
307.591,-8.820,94.070,158.840
306.109,-11.289,94.070,158.840
303.641,-7.832,94.070,158.840
308.084,-10.301,94.070,158.840
307.591,-8.820,94.070,158.840
306.109,-11.289,94.070,158.840
305.616,-7.832,94.070,158.840
307.097,-10.301,94.070,158.840
305.616,-8.820,94.070,158.840
306.109,-11.289,94.070,158.840
304.628,-7.832,94.070,158.840
308.084,-10.301,94.070,158.840
306.603,-8.820,94.070,158.840
304.134,-10.301,94.070,158.840
308.578,-8.820,94.070,158.840
307.097,-11.289,94.070,158.840
303.641,-7.832,94.070,158.840
308.084,-10.301,94.070,158.840
306.603,-8.820,94.070,158.840
304.134,-10.301,94.070,158.840
308.578,-8.820,94.070,158.840
307.097,-11.289,94.070,158.840
303.641,-7.832,94.070,158.840
308.084,-10.301,94.070,158.840
307.591,-8.820,94.070,158.840
305.122,-10.301,94.070,158.840
307.591,-8.820,94.070,158.840
306.109,-10.301,94.070,158.840
308.578,-8.820,94.070,158.840
308.084,-11.289,94.070,158.840
304.628,-7.832,94.070,158.840
308.084,-10.301,94.070,158.840
307.591,-8.820,94.070,158.840
306.109,-11.289,94.070,158.840
306.603,-7.832,94.070,158.840
304.134,-10.301,94.070,158.840
308.578,-8.820,94.070,158.840
308.084,-11.289,94.070,158.840
305.616,-7.832,94.070,158.840
306.109,-10.301,94.070,158.840
308.578,-8.820,94.070,158.840
308.084,-11.289,94.070,158.840
305.616,-7.832,94.070,158.840
309.072,-10.301,94.070,158.840
310.553,-8.820,94.070,158.840
305.122,-10.301,94.070,158.840
308.578,-8.820,94.070,158.840
308.084,-11.289,94.070,158.840
304.628,-7.832,94.070,158.840
309.072,-10.301,94.070,158.840
311.541,-8.820,94.070,158.840
306.109,-11.289,94.070,158.840
308.578,-7.832,94.070,158.840
308.084,-10.301,94.070,158.840
310.553,-8.820,94.070,158.840
306.109,-11.289,94.070,158.840
308.578,-7.832,94.070,158.840
308.084,-10.301,94.070,158.840
310.553,-8.820,94.070,158.840
306.109,-11.289,94.070,158.840
309.566,-8.820,94.070,158.840
308.085,-11.289,94.070,158.840
310.553,-8.820,94.070,158.840
306.110,-11.289,94.070,158.840
309.566,-8.820,94.070,158.840
309.072,-11.289,94.070,158.840
312.528,-8.820,94.070,158.840
308.085,-11.289,94.070,158.840
311.541,-8.820,94.070,158.840
307.097,-11.289,94.070,158.840
309.642,-9.460,96.152,162.354
304.913,-12.827,98.279,165.946
308.524,-11.279,98.279,165.946
305.945,-13.859,98.279,165.946
309.556,-11.279,98.279,165.946
305.945,-13.859,98.279,165.946
308.524,-11.279,98.279,165.946
305.945,-13.859,98.279,165.946
309.556,-11.279,98.279,165.946
305.945,-13.859,98.279,165.946
309.556,-11.279,98.279,165.946
305.945,-13.859,98.279,165.946
309.556,-11.279,98.279,165.946
305.945,-13.859,98.279,165.946
309.556,-11.279,98.279,165.946
305.945,-13.859,98.279,165.946
308.524,-11.279,98.279,165.946
305.945,-13.859,98.279,165.946
309.556,-11.279,98.279,165.946
305.945,-13.859,98.279,165.946
309.556,-11.279,98.279,165.946
305.945,-13.859,98.279,165.946
309.556,-11.279,98.279,165.946
305.945,-13.859,98.279,165.946
309.556,-11.279,98.279,165.946
305.945,-13.859,98.279,165.946
309.556,-11.279,98.279,165.946
305.945,-13.859,98.279,165.946
309.556,-11.279,98.279,165.946
306.977,-13.859,98.279,165.946
307.495,-11.948,100.453,169.618
305.913,-14.584,100.453,169.618
308.550,-13.003,100.453,169.618
309.077,-14.584,100.453,169.618
311.713,-13.003,100.453,169.618
314.350,-14.584,100.453,169.618
313.822,-11.948,100.453,169.618
316.459,-14.584,100.453,169.618
312.768,-11.948,100.453,169.618
316.459,-14.584,100.453,169.618
311.713,-11.948,100.453,169.618
314.350,-14.584,100.453,169.618
311.713,-11.948,100.453,169.618
314.350,-14.584,100.453,169.618
309.604,-10.894,100.453,169.618
311.186,-13.530,100.453,169.618
311.713,-11.948,100.453,169.618
310.131,-12.475,100.453,169.618
310.661,-12.711,102.676,173.371
305.611,-14.069,104.948,177.206
307.264,-14.620,104.948,177.206
307.818,-14.866,107.270,181.127
307.254,-15.429,107.270,181.127
307.818,-14.866,107.270,181.127
308.381,-15.429,107.270,181.127
306.691,-14.866,107.270,181.127
308.381,-15.429,107.270,181.127
308.944,-13.740,107.270,181.127
308.381,-14.303,107.270,181.127
310.070,-13.740,107.270,181.127
310.633,-13.177,107.270,181.127
313.535,-13.428,109.643,185.134
314.150,-14.228,107.305,181.186
316.966,-12.538,107.305,181.186
315.276,-11.975,107.305,181.186
321.306,-13.843,105.016,177.323
320.755,-11.087,105.016,177.323
326.656,-11.853,102.777,173.541
325.038,-10.234,102.777,173.541
328.814,-11.853,102.777,173.541
328.274,-10.234,102.777,173.541
330.972,-11.853,102.777,173.541
327.036,-9.855,105.051,177.381
330.896,-13.714,105.051,177.381
328.139,-9.855,105.051,177.381
327.588,-12.611,105.051,177.381
325.933,-9.855,105.051,177.381
331.999,-14.817,105.051,177.381
327.036,-10.957,105.051,177.381
326.485,-12.611,105.051,177.381
329.242,-12.060,105.051,177.381
324.279,-11.509,105.051,177.381
322.625,-10.957,105.051,177.381
328.690,-14.817,105.051,177.381
324.831,-12.060,105.051,177.381
319.664,-12.306,107.375,181.305
312.044,-11.388,109.751,185.317
319.533,-15.421,109.751,185.317
313.196,-12.540,109.751,185.317
319.533,-15.421,109.751,185.317
313.196,-12.540,109.751,185.317
322.695,-15.562,107.410,181.365
316.243,-13.473,109.787,185.377
308.452,-12.535,112.216,189.479
314.931,-17.836,112.216,189.479
308.452,-13.713,112.216,189.479
314.931,-17.836,112.216,189.479
307.274,-13.713,112.216,189.479
312.575,-16.658,112.216,189.479
304.611,-14.476,114.699,193.671
311.234,-16.283,114.699,193.671
303.094,-15.302,117.236,197.956
307.402,-19.609,117.236,197.956
308.017,-17.763,117.236,197.956
303.710,-17.148,117.236,197.956
310.478,-18.994,117.236,197.956
302.159,-17.992,119.830,202.336
311.318,-21.290,117.275,198.021
309.471,-19.444,117.275,198.021
307.624,-21.290,117.275,198.021
314.395,-21.906,117.275,198.021
317.473,-20.059,117.275,198.021
314.395,-20.675,117.275,198.021
319.935,-20.059,117.275,198.021
315.626,-19.444,117.275,198.021
319.935,-22.522,117.275,198.021
330.085,-21.003,114.774,193.798
329.567,-19.518,112.326,189.665
337.016,-18.064,109.931,185.621
331.823,-16.333,109.931,185.621
339.324,-19.218,109.931,185.621
330.325,-19.475,112.363,189.728
326.023,-22.186,114.849,193.925
334.134,-23.706,117.390,198.216
307.904,-25.259,119.987,202.601
297.197,-25.889,119.987,202.601
287.751,-25.259,119.987,202.601
280.823,-25.889,119.987,202.601
282.712,-25.259,119.987,202.601
282.082,-25.889,119.987,202.601
285.231,-24.000,119.987,202.601
287.121,-24.629,119.987,202.601
289.010,-25.259,119.987,202.601
290.899,-24.629,119.987,202.601
295.308,-26.519,119.987,202.601
297.197,-25.889,119.987,202.601
290.270,-24.000,119.987,202.601
293.419,-25.889,119.987,202.601
290.270,-24.000,119.987,202.601
293.419,-24.629,119.987,202.601
294.048,-25.259,119.987,202.601
294.678,-24.629,119.987,202.601
295.308,-26.519,119.987,202.601
294.678,-24.629,119.987,202.601
295.308,-25.259,119.987,202.601
295.938,-24.629,119.987,202.601
295.308,-26.519,119.987,202.601
293.419,-24.629,119.987,202.601
295.308,-25.259,119.987,202.601
294.678,-24.629,119.987,202.601
295.308,-26.519,119.987,202.601
292.159,-24.629,119.987,202.601
296.568,-25.259,119.987,202.601
303.735,-24.234,122.642,207.084
295.366,-26.165,122.642,207.084
297.297,-24.234,122.642,207.084
294.079,-26.165,122.642,207.084
297.297,-25.521,122.642,207.084
301.803,-23.590,122.642,207.084
305.022,-21.659,122.642,207.084
301.662,-21.946,125.355,211.666
301.004,-23.920,125.355,211.666
297.569,-24.213,128.129,216.349
296.897,-24.886,128.129,216.349
296.177,-25.186,130.964,221.135
295.490,-25.873,130.964,221.135
294.802,-25.186,130.964,221.135
289.787,-25.493,133.861,226.028
287.578,-27.264,136.823,231.029
286.809,-27.585,139.850,236.141
286.075,-31.255,139.850,236.141
286.809,-29.053,139.850,236.141
287.543,-31.255,139.850,236.141
282.405,-30.521,139.850,236.141
284.607,-28.319,139.850,236.141
282.561,-30.754,136.868,231.105
283.279,-28.598,136.868,231.105
290.970,-30.981,133.949,226.176
301.208,-31.958,131.093,221.353
308.777,-31.270,131.093,221.353
314.817,-32.226,128.297,216.633
310.103,-28.859,128.297,216.633
308.226,-27.198,125.561,212.013
307.659,-25.572,122.884,207.492
304.434,-23.637,122.884,207.492
303.789,-24.282,122.884,207.492
303.144,-26.217,122.884,207.492
298.629,-26.862,122.884,207.492
300.561,-25.272,120.263,203.067
298.667,-24.640,120.263,203.067
300.561,-25.272,120.263,203.067
297.405,-24.640,120.263,203.067
298.036,-25.272,120.263,203.067
296.142,-23.378,120.263,203.067
299.299,-26.534,120.263,203.067
293.618,-23.378,120.263,203.067
297.942,-24.255,117.698,198.736
292.153,-21.967,120.302,203.133
295.311,-26.387,120.302,203.133
293.416,-24.493,120.302,203.133
300.177,-25.370,117.737,198.802
299.559,-22.280,117.737,198.802
302.648,-21.662,117.737,198.802
304.502,-23.516,117.737,198.802
303.884,-21.662,117.737,198.802
303.266,-22.280,117.737,198.802
302.648,-20.426,117.737,198.802
299.559,-22.280,117.737,198.802
296.469,-21.662,117.737,198.802
294.615,-23.516,117.737,198.802
291.525,-22.898,117.737,198.802
288.435,-23.516,117.737,198.802
291.525,-24.134,117.737,198.802
290.864,-21.845,120.342,203.200
294.022,-25.003,120.342,203.200
292.127,-25.635,120.342,203.200
294.022,-23.740,120.342,203.200
297.131,-23.400,117.776,198.867
294.041,-24.018,117.776,198.867
297.131,-24.636,117.776,198.867
292.804,-22.781,117.776,198.867
295.895,-23.400,117.776,198.867
294.041,-24.018,117.776,198.867
295.895,-23.400,117.776,198.867
294.041,-24.018,117.776,198.867
295.895,-23.400,117.776,198.867
292.804,-24.018,117.776,198.867
295.895,-23.400,117.776,198.867
294.041,-24.018,117.776,198.867
297.131,-24.636,117.776,198.867
292.804,-22.781,117.776,198.867
295.895,-24.636,117.776,198.867
292.804,-22.781,117.776,198.867
295.895,-24.636,117.776,198.867
292.804,-22.781,117.776,198.867
295.895,-24.636,117.776,198.867
292.804,-22.781,117.776,198.867
295.895,-24.636,117.776,198.867
292.804,-22.781,117.776,198.867
295.895,-24.636,117.776,198.867
292.804,-22.781,117.776,198.867
295.895,-24.636,117.776,198.867
292.804,-22.781,117.776,198.867
295.895,-24.636,117.776,198.867
292.804,-22.781,117.776,198.867
295.895,-23.400,117.776,198.867
294.041,-24.018,117.776,198.867
297.131,-24.636,117.776,198.867
291.568,-22.781,117.776,198.867
294.659,-23.400,117.776,198.867
295.277,-24.018,117.776,198.867
292.186,-23.400,117.776,198.867
295.277,-24.018,117.776,198.867
292.186,-23.400,117.776,198.867
295.277,-24.018,117.776,198.867
292.186,-23.400,117.776,198.867
295.277,-25.254,117.776,198.867
292.186,-23.400,117.776,198.867
295.277,-24.018,117.776,198.867
292.186,-23.400,117.776,198.867
295.277,-24.018,117.776,198.867
292.186,-23.400,117.776,198.867
295.277,-24.018,117.776,198.867
293.422,-23.400,117.776,198.867
296.513,-25.254,117.776,198.867
292.186,-23.400,117.776,198.867
295.277,-24.018,117.776,198.867
292.186,-23.400,117.776,198.867
295.277,-25.254,117.776,198.867
292.186,-23.400,117.776,198.867
295.277,-24.018,117.776,198.867
292.186,-23.400,117.776,198.867
295.277,-24.018,117.776,198.867
292.186,-23.400,117.776,198.867
295.277,-24.018,117.776,198.867
293.422,-23.400,117.776,198.867
296.513,-25.254,117.776,198.867
292.186,-23.400,117.776,198.867
295.277,-24.018,117.776,198.867
292.186,-23.400,117.776,198.867
295.277,-24.018,117.776,198.867
292.186,-23.400,117.776,198.867
295.277,-24.018,117.776,198.867
292.186,-23.400,117.776,198.867
295.277,-24.018,117.776,198.867
292.186,-23.400,117.776,198.867
295.277,-24.018,117.776,198.867
292.186,-23.400,117.776,198.867
295.277,-24.018,117.776,198.867
292.186,-23.400,117.776,198.867
295.277,-24.018,117.776,198.867
292.186,-23.400,117.776,198.867
295.277,-24.018,117.776,198.867
292.186,-23.400,117.776,198.867
295.277,-24.018,117.776,198.867
292.186,-23.400,117.776,198.867
295.277,-24.018,117.776,198.867
292.186,-23.400,117.776,198.867
295.277,-24.018,117.776,198.867
293.422,-23.400,117.776,198.867
296.513,-25.254,117.776,198.867
293.422,-23.400,117.776,198.867
296.513,-24.018,117.776,198.867
294.659,-23.400,117.776,198.867
295.277,-24.018,117.776,198.867
293.422,-23.400,117.776,198.867
296.513,-24.018,117.776,198.867
294.659,-23.400,117.776,198.867
295.277,-24.018,117.776,198.867
292.186,-23.400,117.776,198.867
295.277,-24.018,117.776,198.867
292.186,-23.400,117.776,198.867
295.277,-24.018,117.776,198.867
292.186,-23.400,117.776,198.867
294.041,-24.018,117.776,198.867
295.895,-23.400,117.776,198.867
291.568,-22.781,117.776,198.867
294.659,-23.400,117.776,198.867
290.331,-22.781,117.776,198.867
293.422,-22.163,117.776,198.867
296.513,-24.018,117.776,198.867
290.950,-23.400,117.776,198.867
292.804,-22.781,117.776,198.867
294.659,-23.400,117.776,198.867
287.859,-22.781,117.776,198.867
292.186,-23.400,117.776,198.867
286.622,-22.781,117.776,198.867
292.186,-22.163,117.776,198.867
286.622,-22.781,117.776,198.867
292.186,-22.163,117.776,198.867
285.386,-22.781,117.776,198.867
290.950,-22.163,117.776,198.867
285.386,-21.545,117.776,198.867
290.950,-22.163,117.776,198.867
285.386,-21.545,117.776,198.867
289.713,-22.163,117.776,198.867
284.150,-21.545,117.776,198.867
289.713,-22.163,117.776,198.867
284.150,-21.545,117.776,198.867
289.713,-22.163,117.776,198.867
284.150,-21.545,117.776,198.867
289.713,-22.163,117.776,198.867
284.150,-21.545,117.776,198.867
289.713,-22.163,117.776,198.867
285.386,-21.545,117.776,198.867
290.950,-22.163,117.776,198.867
292.804,-22.781,117.776,198.867
293.422,-23.400,117.776,198.867
295.277,-24.018,117.776,198.867
288.477,-22.163,117.776,198.867
292.804,-22.781,117.776,198.867
294.659,-23.400,117.776,198.867
289.095,-22.781,117.776,198.867
292.186,-22.163,117.776,198.867
295.277,-24.018,117.776,198.867
288.477,-22.163,117.776,198.867
291.568,-22.781,117.776,198.867
293.423,-22.163,117.776,198.867
295.277,-24.018,117.776,198.867
287.241,-22.163,117.776,198.867
291.568,-22.781,117.776,198.867
287.241,-22.163,117.776,198.867
291.568,-22.781,117.776,198.867
287.241,-22.163,117.776,198.867
291.568,-22.781,117.776,198.867
287.241,-22.163,117.776,198.867
291.568,-24.018,117.776,198.867
290.906,-21.728,120.381,203.267
292.802,-24.888,120.381,203.267
287.115,-25.519,120.381,203.267
287.747,-23.624,120.381,203.267
285.852,-25.519,120.381,203.267
287.747,-24.888,120.381,203.267
285.852,-25.519,120.381,203.267
287.747,-24.888,120.381,203.267
287.115,-25.519,120.381,203.267
286.483,-23.624,120.381,203.267
287.115,-25.519,120.381,203.267
289.011,-23.624,120.381,203.267
290.906,-25.519,120.381,203.267
292.802,-23.624,120.381,203.267
295.913,-23.284,117.814,198.932
296.531,-21.428,117.814,198.932
298.386,-22.047,117.814,198.932
300.241,-20.192,117.814,198.932
302.096,-19.573,117.814,198.932
305.188,-20.192,117.814,198.932
308.280,-20.810,117.814,198.932
312.609,-20.192,117.814,198.932
314.464,-20.810,117.814,198.932
317.556,-21.428,117.814,198.932
318.174,-24.520,117.814,198.932
313.846,-22.665,117.814,198.932
318.174,-26.994,117.814,198.932
316.319,-23.902,117.814,198.932
323.121,-26.994,117.814,198.932
320.030,-23.902,117.814,198.932
328.069,-25.757,117.814,198.932
322.503,-22.665,117.814,198.932
331.779,-24.520,117.814,198.932
322.503,-22.665,117.814,198.932
333.016,-24.520,117.814,198.932
323.740,-23.902,117.814,198.932
333.937,-23.569,115.302,194.690
324.859,-21.753,115.302,194.690
323.043,-23.569,115.302,194.690
312.349,-22.583,117.853,198.997
305.545,-25.676,117.853,198.997
302.316,-24.669,120.460,203.400
304.212,-27.830,120.460,203.400
303.536,-25.488,123.125,207.900
306.767,-27.427,123.125,207.900
298.366,-28.073,123.125,207.900
299.012,-26.134,123.125,207.900
302.194,-27.032,120.500,203.467
296.501,-25.135,120.500,203.467
299.664,-25.767,120.500,203.467
299.031,-25.135,120.500,203.467
295.869,-25.767,120.500,203.467
295.236,-25.135,120.500,203.467
297.134,-25.767,120.500,203.467
296.501,-23.870,120.500,203.467
294.604,-27.032,120.500,203.467
291.441,-23.870,120.500,203.467
295.869,-27.032,120.500,203.467
291.441,-23.870,120.500,203.467
293.339,-25.767,120.500,203.467
290.176,-23.870,120.500,203.467
293.339,-25.767,120.500,203.467
292.706,-23.870,120.500,203.467
290.809,-25.767,120.500,203.467
290.176,-23.870,120.500,203.467
289.544,-25.767,120.500,203.467
290.176,-23.870,120.500,203.467
290.809,-25.767,120.500,203.467
287.647,-23.870,120.500,203.467
289.544,-24.502,120.500,203.467
288.911,-25.135,120.500,203.467
289.544,-23.237,120.500,203.467
