256.000,152.000,73.000,210.000
256.541,153.622,73.000,210.000
257.081,154.162,73.000,210.000
257.622,153.622,73.000,210.000
257.081,154.162,73.000,210.000
257.622,153.622,73.000,210.000
257.081,154.162,73.000,210.000
257.622,153.622,73.000,210.000
257.081,154.162,73.000,210.000
257.622,153.622,73.000,210.000
257.081,154.162,73.000,210.000
257.622,153.622,73.000,210.000
257.081,154.162,73.000,210.000
256.541,153.622,73.000,210.000
256.000,154.162,73.000,210.000
256.541,153.622,73.000,210.000
257.081,154.162,73.000,210.000
256.541,153.622,73.000,210.000
256.000,154.162,73.000,210.000
256.541,153.622,73.000,210.000
256.000,154.162,73.000,210.000
256.541,153.622,73.000,210.000
256.000,154.162,73.000,210.000
256.541,153.622,73.000,210.000
256.000,154.162,73.000,210.000
256.541,153.622,73.000,210.000
256.000,154.162,73.000,210.000
256.541,153.622,73.000,210.000
256.000,154.162,73.000,210.000
256.541,153.622,73.000,210.000
256.000,154.162,73.000,210.000
256.541,153.622,73.000,210.000
256.000,154.162,73.000,210.000
256.541,153.622,73.000,210.000
256.000,154.162,73.000,210.000
256.541,153.622,73.000,210.000
256.000,154.162,73.000,210.000
256.541,153.622,73.000,210.000
256.000,154.162,73.000,210.000
256.541,153.622,73.000,210.000
256.000,154.162,73.000,210.000
256.541,153.622,73.000,210.000
256.000,154.162,73.000,210.000
256.541,153.622,73.000,210.000
256.000,154.162,73.000,210.000
256.541,153.622,73.000,210.000
256.000,154.162,73.000,210.000
256.541,153.622,73.000,210.000
256.000,154.162,73.000,210.000
256.541,153.622,73.000,210.000
256.000,154.162,73.000,210.000
256.541,153.622,73.000,210.000
256.000,154.162,73.000,210.000
256.541,153.622,73.000,210.000
256.000,154.162,73.000,210.000
256.541,153.622,73.000,210.000
256.000,154.162,73.000,210.000
256.541,153.622,73.000,210.000
256.000,154.162,73.000,210.000
256.541,153.622,73.000,210.000
256.000,154.162,73.000,210.000
256.541,153.622,73.000,210.000
256.000,154.162,73.000,210.000
256.541,153.622,73.000,210.000
256.000,154.162,73.000,210.000
256.541,153.622,73.000,210.000
256.000,154.162,73.000,210.000
256.541,153.622,73.000,210.000
256.000,154.162,73.000,210.000
256.541,153.622,73.000,210.000
256.000,154.162,73.000,210.000
256.541,153.622,73.000,210.000
256.000,154.162,73.000,210.000
256.541,153.622,73.000,210.000
256.000,154.162,73.000,210.000
256.541,153.622,73.000,210.000
256.000,154.162,73.000,210.000
256.541,153.622,73.000,210.000
256.000,154.162,73.000,210.000
256.541,153.622,73.000,210.000
256.000,154.162,73.000,210.000
256.541,154.703,73.000,210.000
256.000,155.243,73.000,210.000
256.541,154.703,73.000,210.000
256.000,155.243,73.000,210.000
256.541,154.703,73.000,210.000
256.000,155.243,73.000,210.000
256.541,154.703,73.000,210.000
256.000,155.243,73.000,210.000
256.541,154.703,73.000,210.000
256.000,155.243,73.000,210.000
256.541,153.622,73.000,210.000
256.000,154.162,73.000,210.000
256.541,153.622,73.000,210.000
256.000,154.162,73.000,210.000
256.541,153.622,73.000,210.000
256.000,154.162,73.000,210.000
256.541,153.622,73.000,210.000
256.000,154.162,73.000,210.000
255.459,153.622,73.000,210.000
256.000,154.162,73.000,210.000
255.459,153.622,73.000,210.000
256.000,154.162,73.000,210.000
255.459,153.622,73.000,210.000
256.000,154.162,73.000,210.000
255.459,153.622,73.000,210.000
256.000,154.162,73.000,210.000
255.459,153.622,73.000,210.000
256.000,154.162,73.000,210.000
256.541,153.622,73.000,210.000
257.081,154.162,73.000,210.000
257.622,153.622,73.000,210.000
257.081,154.162,73.000,210.000
257.622,152.541,73.000,210.000
258.162,153.081,73.000,210.000
258.703,152.541,73.000,210.000
258.162,153.081,73.000,210.000
257.622,152.541,73.000,210.000
257.081,153.081,73.000,210.000
257.622,153.622,73.000,210.000
257.081,153.081,73.000,210.000
257.622,153.622,73.000,210.000
257.081,154.162,73.000,210.000
257.622,153.622,73.000,210.000
257.081,153.081,73.000,210.000
257.622,153.622,73.000,210.000
257.081,153.081,73.000,210.000
257.622,152.541,73.000,210.000
258.162,153.081,73.000,210.000
258.703,153.622,73.000,210.000
258.162,154.162,73.000,210.000
258.703,153.622,73.000,210.000
258.162,154.162,73.000,210.000
258.703,153.622,73.000,210.000
258.162,154.162,73.000,210.000
258.703,153.622,73.000,210.000
258.162,154.162,73.000,210.000
258.703,153.622,73.000,210.000
258.162,154.162,73.000,210.000
258.703,153.622,73.000,210.000
258.162,154.162,73.000,210.000
258.703,153.622,73.000,210.000
258.162,154.162,73.000,210.000
258.703,153.622,73.000,210.000
258.162,154.162,73.000,210.000
258.703,153.622,73.000,210.000
258.162,154.162,73.000,210.000
258.703,153.622,73.000,210.000
258.162,154.162,73.000,210.000
258.703,153.622,73.000,210.000
258.162,154.162,73.000,210.000
258.703,153.622,73.000,210.000
258.162,154.162,73.000,210.000
258.703,153.622,73.000,210.000
258.162,154.162,73.000,210.000
258.703,153.622,73.000,210.000
258.162,154.162,73.000,210.000
258.703,153.622,73.000,210.000
258.162,154.162,73.000,210.000
258.703,153.622,73.000,210.000
258.162,154.162,73.000,210.000
258.703,153.622,73.000,210.000
258.162,154.162,73.000,210.000
258.703,153.622,73.000,210.000
258.162,154.162,73.000,210.000
258.703,153.622,73.000,210.000
258.162,154.162,73.000,210.000
258.703,153.622,73.000,210.000
258.162,154.162,73.000,210.000
258.703,153.622,73.000,210.000
258.162,154.162,73.000,210.000
258.703,153.622,73.000,210.000
258.162,153.081,73.000,210.000
258.703,153.622,73.000,210.000
258.162,154.162,73.000,210.000
258.703,153.622,73.000,210.000
258.162,154.162,73.000,210.000
258.703,153.622,73.000,210.000
258.162,154.162,73.000,210.000
258.703,153.622,73.000,210.000
258.162,154.162,73.000,210.000
258.703,153.622,73.000,210.000
258.162,154.162,73.000,210.000
258.703,153.622,73.000,210.000
258.162,154.162,73.000,210.000
258.703,153.622,73.000,210.000
258.162,154.162,73.000,210.000
258.703,153.622,73.000,210.000
258.162,154.162,73.000,210.000
258.703,153.622,73.000,210.000
258.162,154.162,73.000,210.000
258.703,153.622,73.000,210.000
258.162,154.162,73.000,210.000
258.703,153.622,73.000,210.000
258.162,154.162,73.000,210.000
258.703,153.622,73.000,210.000
258.162,154.162,73.000,210.000
258.703,153.622,73.000,210.000
258.162,154.162,73.000,210.000
257.622,153.622,73.000,210.000
257.081,154.162,73.000,210.000
257.622,153.622,73.000,210.000
257.081,154.162,73.000,210.000
257.622,153.622,73.000,210.000
258.162,154.162,73.000,210.000
258.703,153.622,73.000,210.000
258.162,154.162,73.000,210.000
258.703,153.622,73.000,210.000
258.162,154.162,73.000,210.000
257.622,153.622,73.000,210.000
257.081,154.162,73.000,210.000
257.622,152.541,73.000,210.000
257.081,153.081,73.000,210.000
257.622,152.541,73.000,210.000
258.162,153.081,73.000,210.000
258.703,152.541,73.000,210.000
258.162,153.081,73.000,210.000
258.703,152.541,73.000,210.000
258.162,153.081,73.000,210.000
258.703,152.541,73.000,210.000
258.162,153.081,73.000,210.000
257.622,152.541,73.000,210.000
257.081,153.081,73.000,210.000
257.338,154.799,71.443,205.522
256.809,154.270,71.443,205.522
255.222,154.799,71.443,205.522
255.751,153.212,71.443,205.522
256.280,153.741,71.443,205.522
255.751,153.212,71.443,205.522
256.280,153.741,71.443,205.522
255.751,153.212,71.443,205.522
256.280,153.741,71.443,205.522
255.751,153.212,71.443,205.522
256.280,153.741,71.443,205.522
255.751,153.212,71.443,205.522
256.280,153.741,71.443,205.522
255.751,153.212,71.443,205.522
256.280,153.741,71.443,205.522
255.751,153.212,71.443,205.522
256.280,153.741,71.443,205.522
255.751,153.212,71.443,205.522
256.280,153.741,71.443,205.522
255.751,153.212,71.443,205.522
256.280,153.741,71.443,205.522
255.751,153.212,71.443,205.522
256.280,153.741,71.443,205.522
255.751,154.270,71.443,205.522
256.280,154.799,71.443,205.522
255.751,154.270,71.443,205.522
256.280,154.799,71.443,205.522
255.751,154.270,71.443,205.522
256.280,154.799,71.443,205.522
255.751,154.270,71.443,205.522
256.280,154.799,71.443,205.522
255.751,154.270,71.443,205.522
256.280,154.799,71.443,205.522
255.751,154.270,71.443,205.522
256.280,154.799,71.443,205.522
255.751,154.270,71.443,205.522
256.280,154.799,71.443,205.522
255.751,154.270,71.443,205.522
256.280,154.799,71.443,205.522
255.751,154.270,71.443,205.522
256.280,154.799,71.443,205.522
255.751,154.270,71.443,205.522
256.280,154.799,71.443,205.522
255.751,154.270,71.443,205.522
256.280,154.799,71.443,205.522
255.751,154.270,71.443,205.522
256.280,154.799,71.443,205.522
255.751,154.270,71.443,205.522
256.280,154.799,71.443,205.522
255.751,154.270,71.443,205.522
256.280,154.799,71.443,205.522
255.751,155.328,71.443,205.522
256.280,154.799,71.443,205.522
255.751,155.328,71.443,205.522
255.222,154.799,71.443,205.522
254.693,154.270,71.443,205.522
255.222,154.799,71.443,205.522
254.693,153.212,71.443,205.522
255.222,152.683,71.443,205.522
256.494,154.365,69.920,201.139
257.012,153.847,69.920,201.139
256.494,154.365,69.920,201.139
257.012,153.847,69.920,201.139
256.494,154.365,69.920,201.139
257.012,153.847,69.920,201.139
256.494,154.365,69.920,201.139
257.012,153.847,69.920,201.139
256.494,154.365,69.920,201.139
257.012,153.847,69.920,201.139
256.494,154.365,69.920,201.139
258.047,154.883,69.920,201.139
257.530,155.400,69.920,201.139
257.012,154.883,69.920,201.139
256.494,155.400,69.920,201.139
257.012,154.883,69.920,201.139
256.494,155.400,69.920,201.139
257.012,154.883,69.920,201.139
257.530,155.400,69.920,201.139
258.047,154.883,69.920,201.139
257.530,155.400,69.920,201.139
258.047,154.883,69.920,201.139
257.530,155.400,69.920,201.139
258.047,154.883,69.920,201.139
257.530,155.400,69.920,201.139
258.047,154.883,69.920,201.139
257.530,155.400,69.920,201.139
258.047,154.883,69.920,201.139
257.530,155.400,69.920,201.139
257.012,154.883,69.920,201.139
256.494,155.400,69.920,201.139
255.743,155.050,68.429,196.850
255.984,156.660,66.969,192.652
257.176,157.281,65.541,188.543
256.691,156.796,65.541,188.543
257.176,156.310,65.541,188.543
256.691,155.825,65.541,188.543
256.205,154.369,65.541,188.543
256.691,153.884,65.541,188.543
256.205,152.428,65.541,188.543
255.720,151.943,65.541,188.543
255.235,150.487,65.541,188.543
253.779,150.972,65.541,188.543
253.294,149.516,65.541,188.543
251.838,151.943,65.541,188.543
252.323,152.428,65.541,188.543
252.554,155.842,64.144,184.523
253.696,157.351,62.776,180.588
253.021,158.829,61.437,176.736
253.238,159.398,60.127,172.968
250.121,158.062,60.127,172.968
247.895,155.836,60.127,172.968
244.779,155.391,60.127,172.968
242.728,153.939,61.457,176.794
238.633,152.574,61.457,176.794
235.592,151.091,62.817,180.706
235.380,153.435,64.207,184.704
362.315,136.795,64.207,184.704
358.987,137.271,64.207,184.704
360.413,138.697,64.207,184.704
360.888,136.320,64.207,184.704
361.364,138.697,64.207,184.704
358.987,136.320,64.207,184.704
360.413,139.648,64.207,184.704
359.938,137.271,64.207,184.704
360.413,137.746,64.207,184.704
359.938,136.320,64.207,184.704
360.413,138.697,64.207,184.704
360.888,137.271,64.207,184.704
361.364,138.697,64.207,184.704
360.888,136.320,64.207,184.704
361.364,138.697,64.207,184.704
359.938,137.271,64.207,184.704
360.413,138.697,64.207,184.704
360.888,136.320,64.207,184.704
362.315,139.648,64.207,184.704
359.938,137.271,64.207,184.704
361.364,138.697,64.207,184.704
360.888,136.320,64.207,184.704
362.315,138.697,64.207,184.704
359.938,137.271,64.207,184.704
361.364,138.697,64.207,184.704
360.888,137.271,64.207,184.704
362.315,138.697,64.207,184.704
360.888,137.271,64.207,184.704
363.266,139.648,64.207,184.704
359.938,138.221,64.207,184.704
361.364,138.697,64.207,184.704
361.839,137.271,64.207,184.704
362.315,138.697,64.207,184.704
359.938,137.271,64.207,184.704
361.364,139.648,64.207,184.704
360.888,139.172,64.207,184.704
362.315,138.697,64.207,184.704
360.888,137.271,64.207,184.704
363.266,140.599,64.207,184.704
360.888,138.221,64.207,184.704
363.266,139.648,64.207,184.704
360.888,139.172,64.207,184.704
362.315,139.648,64.207,184.704
360.888,139.172,64.207,184.704
363.266,139.648,64.207,184.704
360.888,139.172,64.207,184.704
363.266,139.648,64.207,184.704
360.888,139.172,64.207,184.704
363.266,139.648,64.207,184.704
360.888,139.172,64.207,184.704
363.266,138.697,64.207,184.704
360.888,138.221,64.207,184.704
362.315,139.648,64.207,184.704
360.888,139.172,64.207,184.704
363.266,140.599,64.207,184.704
359.938,138.221,64.207,184.704
362.315,139.648,64.207,184.704
360.888,138.221,64.207,184.704
363.265,139.648,64.207,184.704
359.938,139.172,64.207,184.704
361.364,139.648,64.207,184.704
360.888,140.123,64.207,184.704
362.315,139.648,64.207,184.704
360.888,139.172,64.207,184.704
362.315,139.648,64.207,184.704
360.888,139.172,64.207,184.704
363.265,140.599,64.207,184.704
359.938,138.221,64.207,184.704
362.315,139.648,64.207,184.704
360.888,139.172,64.207,184.704
362.315,139.648,64.207,184.704
359.938,139.172,64.207,184.704
361.364,139.648,64.207,184.704
360.888,140.123,64.207,184.704
362.315,138.697,64.207,184.704
360.888,138.221,64.207,184.704
363.265,139.648,64.207,184.704
359.938,139.172,64.207,184.704
361.364,139.648,64.207,184.704
360.888,139.172,64.207,184.704
362.315,139.648,64.207,184.704
359.938,139.172,64.207,184.704
361.364,139.648,64.207,184.704
360.888,140.123,64.207,184.704
362.315,139.648,64.207,184.704
359.938,139.172,64.207,184.704
361.364,138.697,64.207,184.704
360.889,138.221,64.207,184.704
362.315,139.648,64.207,184.704
359.938,140.123,64.207,184.704
361.364,139.648,64.207,184.704
359.938,140.123,64.207,184.704
360.413,138.697,64.207,184.704
362.169,138.133,65.627,188.791
359.739,135.704,65.627,188.791
361.844,139.122,64.228,184.765
363.271,139.597,64.228,184.765
361.664,139.276,62.858,180.825
363.991,141.603,62.858,180.825
363.526,139.276,62.858,180.825
364.922,140.672,62.858,180.825
362.595,138.345,62.858,180.825
365.508,140.721,61.518,176.968
363.230,140.266,61.518,176.968
366.082,141.714,60.206,173.195
364.744,142.160,60.206,173.195
366.082,143.497,60.206,173.195
363.853,142.160,60.206,173.195
365.784,143.577,58.922,169.501
364.475,143.140,58.922,169.501
366.656,145.322,58.922,169.501
365.182,144.185,57.665,165.886
367.854,147.189,56.436,162.349
365.765,146.771,56.436,162.349
369.186,149.710,55.232,158.887
367.016,150.222,54.054,155.498
370.293,153.809,52.901,152.182
367.551,151.850,52.901,152.182
370.293,153.025,52.901,152.182
367.551,151.850,52.901,152.182
370.293,152.242,52.901,152.182
367.551,151.067,52.901,152.182
370.293,152.242,52.901,152.182
368.334,151.067,52.901,152.182
368.726,152.242,52.901,152.182
368.334,151.850,52.901,152.182
367.159,151.459,52.901,152.182
369.118,151.850,52.901,152.182
264.533,171.044,52.901,152.182
264.924,171.436,52.901,152.182
265.316,171.044,52.901,152.182
264.141,171.436,52.901,152.182
263.962,170.971,54.072,155.549
263.562,169.770,54.072,155.549
263.161,170.170,54.072,155.549
264.363,170.571,54.072,155.549
264.763,170.971,54.072,155.549
263.562,169.770,54.072,155.549
263.962,170.170,54.072,155.549
264.363,170.571,54.072,155.549
264.763,170.971,54.072,155.549
264.363,169.770,54.072,155.549
264.763,170.170,54.072,155.549
264.363,170.571,54.072,155.549
264.763,170.971,54.072,155.549
263.562,169.770,54.072,155.549
263.962,170.170,54.072,155.549
264.362,170.571,54.072,155.549
264.763,170.971,54.072,155.549
263.562,170.571,54.072,155.549
263.161,170.971,54.072,155.549
264.362,170.571,54.072,155.549
263.962,170.971,54.072,155.549
263.562,169.770,54.072,155.549
263.161,169.370,54.072,155.549
264.363,169.770,54.072,155.549
263.962,169.370,54.072,155.549
263.562,169.770,54.072,155.549
263.962,169.370,54.072,155.549
265.163,169.770,54.072,155.549
266.364,169.370,54.072,155.549
265.964,169.770,54.072,155.549
268.470,171.043,52.919,152.232
269.646,172.218,52.919,152.232
269.254,171.043,52.919,152.232
266.511,165.165,52.919,152.232
272.388,160.855,52.919,152.232
377.008,154.978,52.919,152.232
373.481,153.019,52.919,152.232
378.575,156.545,52.919,152.232
384.049,162.323,51.790,148.986
386.733,167.308,51.790,148.986
384.967,166.853,52.936,152.282
275.803,171.268,54.107,155.651
264.986,170.067,54.107,155.651
262.983,171.268,54.107,155.651
263.383,170.067,54.107,155.651
263.784,170.467,54.107,155.651
264.185,170.067,54.107,155.651
262.983,170.467,54.107,155.651
263.383,170.067,54.107,155.651
262.983,170.467,54.107,155.651
262.582,170.067,54.107,155.651
263.784,170.467,54.107,155.651
263.383,170.067,54.107,155.651
262.983,170.467,54.107,155.651
262.582,170.067,54.107,155.651
263.784,170.467,54.107,155.651
263.383,170.067,54.107,155.651
262.983,170.467,54.107,155.651
262.582,170.067,54.107,155.651
263.784,170.467,54.107,155.651
263.383,170.067,54.107,155.651
262.983,170.467,54.107,155.651
262.582,170.067,54.107,155.651
263.784,170.467,54.107,155.651
263.383,170.067,54.107,155.651
262.983,170.467,54.107,155.651
262.582,170.067,54.107,155.651
263.784,170.467,54.107,155.651
263.383,170.067,54.107,155.651
262.983,170.467,54.107,155.651
262.582,170.067,54.107,155.651
263.784,170.467,54.107,155.651
263.383,170.067,54.107,155.651
262.983,170.467,54.107,155.651
262.582,170.067,54.107,155.651
263.784,171.268,54.107,155.651
263.383,170.067,54.107,155.651
262.983,171.268,54.107,155.651
262.582,170.067,54.107,155.651
263.784,170.467,54.107,155.651
263.383,170.067,54.107,155.651
262.983,170.467,54.107,155.651
262.582,170.868,54.107,155.651
263.784,171.268,54.107,155.651
264.185,170.868,54.107,155.651
263.784,171.268,54.107,155.651
264.185,170.868,54.107,155.651
263.784,171.268,54.107,155.651
264.185,170.868,54.107,155.651
263.784,171.268,54.107,155.651
264.986,171.669,54.107,155.651
263.784,172.070,54.107,155.651
264.986,171.669,54.107,155.651
263.784,171.268,54.107,155.651
264.986,170.868,54.107,155.651
263.784,171.268,54.107,155.651
264.986,170.868,54.107,155.651
263.784,171.268,54.107,155.651
264.986,170.868,54.107,155.651
263.784,172.070,54.107,155.651
264.185,172.470,54.107,155.651
263.170,171.164,55.305,159.095
262.761,169.936,55.305,159.095
263.989,171.164,55.305,159.095
262.761,169.936,55.305,159.095
263.170,170.345,55.305,159.095
262.761,169.936,55.305,159.095
263.170,170.345,55.305,159.095
262.761,169.936,55.305,159.095
263.170,170.345,55.305,159.095
262.761,169.117,55.305,159.095
263.170,168.707,55.305,159.095
262.761,169.117,55.305,159.095
263.170,168.707,55.305,159.095
262.761,169.117,55.305,159.095
263.170,168.707,55.305,159.095
261.942,169.117,55.305,159.095
261.533,168.707,55.305,159.095
262.761,169.117,55.305,159.095
262.352,169.526,55.305,159.095
261.942,169.936,55.305,159.095
261.533,170.345,55.305,159.095
262.761,169.117,55.305,159.095
262.352,169.526,55.305,159.095
261.942,169.936,55.305,159.095
261.533,170.345,55.305,159.095
262.761,169.936,55.305,159.095
263.171,170.345,55.305,159.095
261.942,169.117,55.305,159.095
262.352,168.707,55.305,159.095
262.761,169.117,55.305,159.095
262.352,169.526,55.305,159.095
261.123,165.841,55.305,159.095
258.257,162.155,55.305,159.095
254.671,165.069,56.528,162.615
266.809,167.161,56.528,162.615
264.716,168.417,56.528,162.615
263.461,168.836,56.528,162.615
263.042,167.580,56.528,162.615
261.786,168.836,56.528,162.615
261.368,166.743,56.528,162.615
261.786,167.161,56.528,162.615
261.368,167.580,56.528,162.615
261.786,168.836,56.528,162.615
261.368,166.743,56.528,162.615
262.623,167.999,56.528,162.615
262.205,167.580,56.528,162.615
262.623,167.999,56.528,162.615
263.042,167.580,56.528,162.615
261.786,167.999,56.528,162.615
261.368,167.580,56.528,162.615
262.623,167.999,56.528,162.615
262.205,167.580,56.528,162.615
261.786,167.999,56.528,162.615
261.368,167.580,56.528,162.615
262.623,168.836,56.528,162.615
262.205,167.580,56.528,162.615
261.786,168.836,56.528,162.615
261.368,167.580,56.528,162.615
262.623,167.999,56.528,162.615
262.205,167.580,56.528,162.615
262.623,168.836,56.528,162.615
262.205,167.580,56.528,162.615
261.786,168.836,56.528,162.615
261.368,166.743,56.528,162.615
261.786,167.161,56.528,162.615
261.368,168.417,56.528,162.615
261.786,168.836,56.528,162.615
261.368,168.417,56.528,162.615
262.624,168.836,56.528,162.615
263.042,168.417,56.528,162.615
261.786,169.673,56.528,162.615
262.205,170.091,56.528,162.615
262.623,168.836,56.528,162.615
263.042,168.417,56.528,162.615
262.623,169.673,56.528,162.615
263.042,169.254,56.528,162.615
261.786,168.836,56.528,162.615
262.205,168.417,56.528,162.615
262.623,169.673,56.528,162.615
263.042,169.254,56.528,162.615
262.623,169.673,56.528,162.615
263.042,170.091,56.528,162.615
262.623,168.836,56.528,162.615
263.042,169.254,56.528,162.615
262.623,169.673,56.528,162.615
263.042,170.091,56.528,162.615
262.623,168.836,56.528,162.615
263.042,168.417,56.528,162.615
262.623,169.673,56.528,162.615
263.042,170.091,56.528,162.615
262.623,168.836,56.528,162.615
263.042,169.254,56.528,162.615
262.623,169.673,56.528,162.615
263.042,170.091,56.528,162.615
262.623,168.836,56.528,162.615
263.042,168.417,56.528,162.615
262.623,169.673,56.528,162.615
263.042,169.254,56.528,162.615
262.623,169.673,56.528,162.615
263.042,169.254,56.528,162.615
262.623,169.673,56.528,162.615
263.042,169.254,56.528,162.615
262.623,168.836,56.528,162.615
263.042,168.417,56.528,162.615
262.623,168.836,56.528,162.615
263.042,168.417,56.528,162.615
261.786,168.836,56.528,162.615
261.368,167.580,56.528,162.615
262.623,168.836,56.528,162.615
262.205,167.580,56.528,162.615
261.786,168.836,56.528,162.615
261.368,167.580,56.528,162.615
261.786,168.836,56.528,162.615
261.368,167.580,56.528,162.615
261.786,168.836,56.528,162.615
261.368,167.580,56.528,162.615
261.786,168.836,56.528,162.615
261.368,167.580,56.528,162.615
261.786,168.836,56.528,162.615
261.368,167.580,56.528,162.615
261.786,168.836,56.528,162.615
261.368,167.580,56.528,162.615
261.786,168.836,56.528,162.615
261.368,167.580,56.528,162.615
261.786,168.836,56.528,162.615
261.368,167.580,56.528,162.615
261.786,168.836,56.528,162.615
261.368,167.580,56.528,162.615
262.623,168.836,56.528,162.615
262.205,167.580,56.528,162.615
261.786,168.836,56.528,162.615
261.368,167.580,56.528,162.615
262.624,168.836,56.528,162.615
262.205,167.580,56.528,162.615
261.786,168.836,56.528,162.615
261.368,167.580,56.528,162.615
262.624,168.836,56.528,162.615
262.205,167.580,56.528,162.615
262.624,168.836,56.528,162.615
262.205,167.580,56.528,162.615
261.786,168.836,56.528,162.615
261.368,167.580,56.528,162.615
262.624,168.836,56.528,162.615
262.205,167.580,56.528,162.615
261.786,168.836,56.528,162.615
261.368,167.580,56.528,162.615
262.624,168.836,56.528,162.615
262.205,167.580,56.528,162.615
260.949,168.836,56.528,162.615
258.857,166.743,56.528,162.615
256.764,167.161,56.528,162.615
253.834,166.743,56.528,162.615
252.578,164.650,56.528,162.615
255.861,157.206,57.779,166.213
263.134,151.644,57.779,166.213
259.284,150.361,57.779,166.213
257.013,153.370,56.547,162.668
265.806,161.325,56.547,162.668
267.899,168.443,56.547,162.668
268.318,171.374,56.547,162.668
268.517,173.512,55.341,159.200
266.469,173.102,55.341,159.200
264.420,170.234,55.341,159.200
264.830,169.824,55.341,159.200
266.059,170.234,55.341,159.200
263.191,168.185,55.341,159.200
262.781,168.595,55.341,159.200
263.191,169.005,55.341,159.200
261.961,168.595,55.341,159.200
262.371,169.005,55.341,159.200
262.781,168.595,55.341,159.200
263.190,169.005,55.341,159.200
261.961,169.414,55.341,159.200
262.371,169.824,55.341,159.200
262.781,170.234,55.341,159.200
263.190,169.005,55.341,159.200
261.961,169.414,55.341,159.200
262.371,169.824,55.341,159.200
262.781,170.234,55.341,159.200
263.190,169.005,55.341,159.200
262.781,169.414,55.341,159.200
263.190,169.824,55.341,159.200
262.781,170.234,55.341,159.200
263.190,169.005,55.341,159.200
261.961,169.414,55.341,159.200
262.371,169.824,55.341,159.200
262.781,170.234,55.341,159.200
262.371,169.005,55.341,159.200
262.781,168.595,55.341,159.200
263.190,169.005,55.341,159.200
262.781,169.414,55.341,159.200
264.010,169.824,55.341,159.200
264.420,170.234,55.341,159.200
264.829,169.824,55.341,159.200
264.420,171.873,55.341,159.200
264.010,172.283,55.341,159.200
265.239,172.692,55.341,159.200
269.384,174.785,54.161,155.805
270.587,176.790,54.161,155.805
270.778,172.653,53.006,152.482
267.246,162.841,53.006,152.482
372.036,153.814,53.006,152.482
369.954,154.305,51.875,149.230
373.411,154.690,51.875,149.230
475.198,159.683,51.875,149.230
470.205,160.835,51.875,149.230
469.821,161.219,51.875,149.230
470.973,158.531,51.875,149.230
471.357,159.683,51.875,149.230
470.973,160.067,51.875,149.230
472.126,158.147,51.875,149.230
474.046,160.067,51.875,149.230
475.198,161.988,51.875,149.230
476.351,164.676,51.875,149.230
479.039,167.365,51.875,149.230
481.444,198.944,50.769,146.048
484.392,201.619,51.892,149.279
475.447,232.257,53.040,152.582
483.417,235.051,54.214,155.958
500.725,231.244,55.413,159.408
518.321,235.712,54.232,156.009
531.573,232.901,54.232,156.009
541.611,230.893,54.232,156.009
470.536,159.818,54.232,156.009
469.332,161.023,54.232,156.009
470.536,159.818,54.232,156.009
471.741,157.810,54.232,156.009
472.143,158.212,54.232,156.009
471.741,157.810,54.232,156.009
470.536,157.409,54.232,156.009
470.938,158.613,54.232,156.009
470.536,156.606,54.232,156.009
470.135,157.810,54.232,156.009
470.536,158.212,54.232,156.009
469.332,158.613,54.232,156.009
471.340,157.409,54.232,156.009
470.135,158.613,54.232,156.009
469.733,157.409,54.232,156.009
469.332,158.613,54.232,156.009
469.733,157.409,54.232,156.009
468.529,158.613,54.232,156.009
468.930,158.212,54.232,156.009
469.332,159.417,54.232,156.009
469.733,159.015,54.232,156.009
468.529,157.810,54.232,156.009
468.930,159.015,54.232,156.009
469.332,158.613,54.232,156.009
469.733,158.212,54.232,156.009
468.529,158.613,54.232,156.009
468.930,158.212,54.232,156.009
468.529,159.417,54.232,156.009
468.127,159.015,54.232,156.009
469.092,157.969,53.075,152.682
470.271,159.148,53.075,152.682
469.092,159.541,53.075,152.682
469.485,159.934,53.075,152.682
468.306,159.541,53.075,152.682
470.271,159.934,53.075,152.682
469.878,159.541,53.075,152.682
468.699,159.934,53.075,152.682
469.092,158.755,53.075,152.682
469.485,159.148,53.075,152.682
468.306,158.755,53.075,152.682
470.271,158.362,53.075,152.682
469.878,158.755,53.075,152.682
468.699,158.362,53.075,152.682
469.878,159.541,53.075,152.682
469.485,159.934,53.075,152.682
468.307,158.755,53.075,152.682
469.485,159.934,53.075,152.682
467.521,159.541,53.075,152.682
468.699,159.934,53.075,152.682
469.092,159.541,53.075,152.682
470.271,160.720,53.075,152.682
469.878,159.541,53.075,152.682
469.485,160.720,53.075,152.682
469.092,159.541,53.075,152.682
470.271,160.720,53.075,152.682
469.878,158.755,53.075,152.682
468.700,159.148,53.075,152.682
468.307,159.541,53.075,152.682
469.486,159.934,53.075,152.682
468.307,158.755,53.075,152.682
471.057,159.934,53.075,152.682
469.879,160.327,53.075,152.682
470.271,160.720,53.075,152.682
469.879,159.541,53.075,152.682
469.486,160.720,53.075,152.682
469.093,159.541,53.075,152.682
470.272,160.720,53.075,152.682
469.879,157.969,53.075,152.682
468.700,159.148,53.075,152.682
469.093,159.541,53.075,152.682
469.486,159.934,53.075,152.682
469.093,158.755,53.075,152.682
470.272,159.148,53.075,152.682
470.664,159.541,53.075,152.682
468.700,159.148,53.075,152.682
469.879,157.183,53.075,152.682
472.145,156.717,54.249,156.060
471.129,157.075,55.450,159.513
465.830,153.180,56.677,163.042
462.053,151.082,56.677,163.042
465.830,152.341,56.677,163.042
469.606,151.921,56.677,163.042
473.383,150.662,56.677,163.042
477.160,148.564,56.677,163.042
477.580,148.984,56.677,163.042
477.388,147.615,57.931,166.650
480.391,147.186,57.931,166.650
477.525,145.788,59.212,170.337
477.086,147.980,59.212,170.337
480.156,147.542,59.212,170.337
477.086,150.611,59.212,170.337
474.894,153.680,59.212,170.337
475.333,154.118,59.212,170.337
478.402,154.557,59.212,170.337
474.456,154.995,59.212,170.337
477.525,155.433,59.212,170.337
474.456,154.995,59.212,170.337
478.402,155.433,59.212,170.337
475.333,155.872,59.212,170.337
479.279,155.433,59.212,170.337
474.456,154.118,59.212,170.337
478.402,154.557,59.212,170.337
473.579,153.241,59.212,170.337
478.402,154.557,59.212,170.337
474.456,154.118,59.212,170.337
479.279,154.557,59.212,170.337
473.579,153.241,59.212,170.337
470.510,151.926,59.212,170.337
475.333,153.241,59.212,170.337
478.402,155.433,59.212,170.337
480.594,158.502,59.212,170.337
483.123,159.802,60.522,174.105
485.708,162.061,61.861,177.957
486.449,162.468,63.230,181.895
482.350,157.056,64.629,185.919
482.828,157.534,64.629,185.919
484.264,158.013,64.629,185.919
482.828,158.491,64.629,185.919
486.178,160.884,64.629,185.919
486.657,155.620,64.629,185.919
486.438,158.032,66.059,190.033
487.230,159.482,67.521,194.237
488.039,159.926,69.014,198.535
489.926,160.381,70.541,202.927
494.023,163.013,72.102,207.417
483.879,152.870,72.102,207.417
488.067,156.668,73.697,212.006
510.440,167.036,73.697,212.006
519.249,169.786,75.328,216.697
516.680,163.338,76.995,221.491
515.237,157.930,78.698,226.392
512.552,157.240,80.439,231.401
510.766,156.644,80.439,231.401
516.126,153.666,80.439,231.401
509.574,157.835,80.439,231.401
504.214,153.666,80.439,231.401
510.766,160.218,80.439,231.401
505.405,157.240,80.439,231.401
513.148,159.026,80.439,231.401
505.405,159.622,80.439,231.401
513.148,156.644,80.439,231.401
507.788,160.813,80.439,231.401
501.236,154.262,80.439,231.401
508.408,160.747,78.724,226.466
500.831,153.170,78.724,226.466
509.574,159.582,78.724,226.466
517.152,161.330,78.724,226.466
515.182,165.431,77.045,221.636
522.052,169.443,75.402,216.910
517.027,167.768,75.402,216.910
513.119,166.094,75.402,216.910
508.094,163.302,75.402,216.910
496.522,156.467,73.794,212.284
484.142,148.724,72.220,207.757
486.816,152.467,72.220,207.757
481.916,149.013,70.680,203.327
484.533,152.676,70.680,203.327
482.765,149.295,69.173,198.991
483.996,153.885,67.698,194.747
482.302,151.614,66.254,190.594
483.481,156.010,64.841,186.530
483.001,157.451,64.841,186.530
483.481,157.931,64.841,186.530
483.001,158.411,64.841,186.530
482.521,155.050,64.841,186.530
483.675,158.427,63.459,182.552
484.145,159.837,63.459,182.552
481.796,154.668,63.459,182.552
483.205,157.957,63.459,182.552
484.615,159.367,63.459,182.552
481.326,156.078,63.459,182.552
483.675,158.427,63.459,182.552
483.205,158.897,63.459,182.552
483.675,159.367,63.459,182.552
483.205,159.837,63.459,182.552
481.796,154.668,63.459,182.552
482.265,157.957,63.459,182.552
483.675,158.427,63.459,182.552
482.265,158.897,63.459,182.552
483.675,159.367,63.459,182.552
483.205,159.837,63.459,182.552
481.796,154.668,63.459,182.552
482.265,157.957,63.459,182.552
483.675,159.367,63.459,182.552
483.205,159.837,63.459,182.552
481.796,154.668,63.459,182.552
483.205,157.957,63.459,182.552
483.675,159.367,63.459,182.552
482.265,159.837,63.459,182.552
481.796,154.668,63.459,182.552
482.265,157.957,63.459,182.552
483.675,159.367,63.459,182.552
483.205,159.837,63.459,182.552
481.796,154.668,63.459,182.552
483.205,157.957,63.459,182.552
483.675,156.548,63.459,182.552
483.205,157.957,63.459,182.552
482.735,154.668,63.459,182.552
482.265,157.018,63.459,182.552
483.675,157.488,63.459,182.552
481.326,157.957,63.459,182.552
481.549,155.828,62.105,178.659
482.009,158.127,62.105,178.659
481.549,158.587,62.105,178.659
481.768,154.730,60.781,174.849
483.119,156.980,60.781,174.849
481.768,157.430,60.781,174.849
481.318,157.880,60.781,174.849
481.768,159.230,60.781,174.849
480.418,159.680,60.781,174.849
483.569,156.530,60.781,174.849
487.619,156.980,60.781,174.849
524.271,149.735,59.485,171.120
504.877,154.697,60.801,174.906
488.220,157.848,60.801,174.906
486.870,159.199,60.801,174.906
485.519,159.649,60.801,174.906
484.379,160.049,62.146,178.776
485.760,160.509,62.146,178.776
488.060,160.970,62.146,178.776
486.680,156.828,62.146,178.776
488.060,159.129,62.146,178.776
487.600,160.509,62.146,178.776
488.060,161.890,62.146,178.776
487.600,157.748,62.146,178.776
488.060,159.129,62.146,178.776
494.489,154.382,60.821,174.964
490.436,157.535,60.821,174.964
491.787,159.786,60.821,174.964
490.436,161.137,60.821,174.964
490.886,162.489,60.821,174.964
488.496,157.843,59.524,171.233
489.556,161.793,58.254,167.581
489.124,163.087,58.254,167.581
490.161,159.469,57.012,164.007
488.895,161.580,57.012,164.007
491.537,163.735,55.796,160.510
491.950,164.149,55.796,160.510
493.190,164.562,55.796,160.510
491.124,162.496,55.796,160.510
490.711,163.735,55.796,160.510
491.950,164.149,55.796,160.510
492.363,162.909,55.796,160.510
491.124,163.322,55.796,160.510
491.537,162.083,55.796,160.510
492.777,163.322,55.796,160.510
492.363,163.735,55.796,160.510
491.950,164.975,55.796,160.510
491.537,161.257,55.796,160.510
491.124,162.496,55.796,160.510
490.711,162.909,55.796,160.510
491.124,163.322,55.796,160.510
490.711,163.735,55.796,160.510
491.950,164.149,55.796,160.510
491.537,161.257,55.796,160.510
490.298,162.496,55.796,160.510
489.885,163.735,55.796,160.510
491.124,164.149,55.796,160.510
489.885,162.909,55.796,160.510
491.950,163.322,55.796,160.510
491.537,163.735,55.796,160.510
491.950,164.149,55.796,160.510
492.363,160.430,55.796,160.510
491.950,161.670,55.796,160.510
493.190,162.909,55.796,160.510
491.950,160.843,55.796,160.510
492.363,162.083,55.796,160.510
491.950,163.322,55.796,160.510
491.537,164.562,55.796,160.510
491.124,163.322,55.796,160.510
491.537,163.735,55.796,160.510
494.919,161.863,54.606,157.087
496.132,163.885,54.606,157.087
497.345,165.098,54.606,157.087
496.941,165.502,54.606,157.087
497.913,162.890,53.442,153.737
498.101,165.674,52.302,150.458
497.714,166.835,52.302,150.458
499.392,164.334,51.187,147.250
499.013,166.987,51.187,147.250
498.462,166.000,50.095,144.110
498.833,167.854,50.095,144.110
497.721,165.258,50.095,144.110
498.833,164.887,50.095,144.110
498.462,163.032,50.095,144.110
498.833,164.887,50.095,144.110
499.946,166.000,50.095,144.110
499.575,169.338,50.095,144.110
498.462,176.386,50.095,144.110
494.382,181.949,50.095,144.110
491.699,186.704,49.027,141.037
488.432,190.697,49.027,141.037
481.534,194.690,49.027,141.037
468.103,196.505,49.027,141.037
452.493,191.786,49.027,141.037
433.253,186.341,49.027,141.037
423.452,163.471,49.027,141.037
419.459,150.039,49.027,141.037
421.274,156.936,49.027,141.037
423.089,161.656,49.027,141.037
423.262,160.710,47.981,138.029
423.431,161.839,46.958,135.085
424.267,162.274,45.957,132.205
423.927,162.615,45.957,132.205
424.947,162.274,45.957,132.205
425.765,163.356,44.977,129.385
427.431,164.355,44.977,129.385
426.305,163.488,44.018,126.626
426.631,164.466,44.018,126.626
425.653,164.792,44.018,126.626
425.979,165.117,44.018,126.626
426.305,165.443,44.018,126.626
426.631,165.117,44.018,126.626
426.305,165.443,44.018,126.626
427.283,165.117,44.018,126.626
426.957,165.443,44.018,126.626
425.979,164.466,44.018,126.626
426.305,164.140,44.018,126.626
427.283,165.117,44.018,126.626
426.305,164.140,44.018,126.626
427.283,165.117,44.018,126.626
426.957,165.443,44.018,126.626
425.979,164.466,44.018,126.626
426.305,164.792,44.018,126.626
427.283,165.769,44.018,126.626
426.305,165.443,44.018,126.626
425.979,165.117,44.018,126.626
426.305,165.443,44.018,126.626
425.979,164.466,44.018,126.626
426.305,164.792,44.018,126.626
426.631,165.117,44.018,126.626
426.305,166.095,44.018,126.626
427.283,166.421,44.018,126.626
426.810,164.944,43.079,123.926
426.491,165.901,43.079,123.926
426.172,166.220,43.079,123.926
427.129,165.263,43.079,123.926
426.810,164.944,43.079,123.926
426.491,165.901,43.079,123.926
426.172,166.220,43.079,123.926
427.129,165.263,43.079,123.926
427.448,165.582,43.079,123.926
427.600,165.981,42.160,121.283
427.288,166.293,42.160,121.283
428.224,166.605,42.160,121.283
427.912,166.918,42.160,121.283
426.975,165.981,42.160,121.283
427.912,166.293,42.160,121.283
427.600,165.981,42.160,121.283
427.912,166.918,42.160,121.283
427.600,165.981,42.160,121.283
427.288,165.045,42.160,121.283
428.848,165.357,42.160,121.283
429.599,167.553,41.261,118.697
429.744,167.935,40.381,116.165
429.445,167.038,40.381,116.165
429.146,167.337,40.381,116.165
430.441,168.864,39.520,113.688
429.564,167.986,39.520,113.688
429.856,168.278,39.520,113.688
429.996,169.773,38.677,111.264
430.855,169.486,38.677,111.264
429.996,168.627,38.677,111.264
430.282,169.486,38.677,111.264
429.423,169.200,38.677,111.264
430.282,169.486,38.677,111.264
429.423,169.200,38.677,111.264
430.282,169.486,38.677,111.264
429.996,169.773,38.677,111.264
430.282,170.059,38.677,111.264
428.850,169.773,38.677,111.264
430.282,171.205,38.677,111.264
428.850,170.345,38.677,111.264
430.282,171.205,38.677,111.264
429.423,171.491,38.677,111.264
430.282,172.350,38.677,111.264
429.314,171.604,37.853,108.891
430.716,171.884,37.853,108.891
429.314,171.044,37.853,108.891
430.155,171.324,37.853,108.891
428.193,169.362,37.853,108.891
426.231,167.400,37.853,108.891
429.875,169.923,37.853,108.891
430.155,170.203,37.853,108.891
428.754,168.801,37.853,108.891
427.913,168.521,37.853,108.891
427.072,167.120,37.853,108.891
429.907,169.091,37.045,106.569
429.509,169.434,36.255,104.296
429.119,169.770,35.482,102.072
432.283,173.138,34.726,99.895
431.414,172.468,33.985,97.765
433.959,175.693,33.260,95.680
432.652,175.052,32.551,93.640
434.626,177.677,31.857,91.643
433.374,177.972,31.177,89.689
436.154,180.486,30.513,87.776
435.390,180.333,29.862,85.904
437.201,181.888,29.225,84.072
438.555,183.827,28.602,82.279
437.431,183.276,27.992,80.525
438.468,184.312,27.992,80.525
437.017,183.276,27.992,80.525
435.980,182.654,27.992,80.525
438.260,184.105,27.992,80.525
436.809,182.654,27.992,80.525
438.675,184.519,27.992,80.525
437.575,183.979,27.395,78.807
437.372,183.777,27.395,78.807
437.981,184.385,27.395,78.807
439.400,185.399,27.395,78.807
437.981,184.791,27.395,78.807
439.641,185.436,26.811,77.127
438.649,185.237,26.811,77.127
438.053,184.642,26.811,77.127
439.840,186.031,26.811,77.127
438.847,185.039,26.811,77.127
439.443,185.237,26.811,77.127
438.450,185.039,26.811,77.127
438.252,184.840,26.811,77.127
438.847,186.230,26.811,77.127
438.252,184.840,26.811,77.127
438.847,186.230,26.811,77.127
438.252,184.840,26.811,77.127
438.847,186.230,26.811,77.127
438.649,184.840,26.811,77.127
439.641,186.230,26.811,77.127
438.649,185.237,26.811,77.127
439.244,185.436,26.811,77.127
438.649,185.634,26.811,77.127
439.891,186.648,26.239,75.482
438.920,186.454,26.239,75.482
439.891,187.036,26.239,75.482
438.920,186.065,26.239,75.482
439.891,186.648,26.239,75.482
440.086,187.231,26.239,75.482
439.503,186.259,26.239,75.482
439.308,186.454,26.239,75.482
440.280,187.036,26.239,75.482
439.308,185.676,26.239,75.482
440.280,187.036,26.239,75.482
439.308,185.676,26.239,75.482
440.280,187.036,26.239,75.482
438.143,186.065,26.239,75.482
445.331,199.471,26.239,75.482
452.902,206.497,26.820,77.152
445.157,223.773,26.820,77.152
444.164,225.561,26.820,77.152
444.363,226.156,26.820,77.152
444.164,226.752,26.820,77.152
444.363,226.156,26.820,77.152
444.562,226.752,26.820,77.152
444.760,225.759,26.820,77.152
443.370,225.958,26.820,77.152
444.613,225.441,26.248,75.507
445.080,225.309,25.688,73.897
445.538,226.280,25.140,72.321
446.096,227.211,25.140,72.321
448.144,227.770,25.140,72.321
447.213,227.956,25.140,72.321
447.399,228.142,25.140,72.321
448.330,227.583,25.140,72.321
447.771,227.397,25.140,72.321
448.702,226.467,25.140,72.321
447.845,227.018,25.696,73.921
447.654,227.209,25.696,73.921
447.464,227.399,25.696,73.921
448.796,227.209,25.696,73.921
447.464,227.399,25.696,73.921
448.415,227.209,25.696,73.921
448.225,227.399,25.696,73.921
447.654,227.589,25.696,73.921
447.845,225.877,25.696,73.921
448.796,226.448,25.696,73.921
450.508,227.779,25.696,73.921
452.982,227.970,25.696,73.921
453.172,228.541,25.696,73.921
452.982,228.350,25.696,73.921
452.791,229.682,25.696,73.921
453.362,230.253,25.696,73.921
453.933,231.585,25.696,73.921
454.241,232.149,26.265,75.556
454.824,230.010,26.265,75.556
453.463,226.704,26.265,75.556
443.934,223.008,26.265,75.556
433.238,217.758,26.265,75.556
426.042,213.674,26.265,75.556
416.513,211.534,26.265,75.556
403.094,213.285,26.265,75.556
382.425,222.336,26.846,77.228
354.287,236.536,27.440,78.937
333.766,241.209,27.440,78.937
338.032,243.038,27.440,78.937
283.785,188.790,27.440,78.937
283.581,191.431,27.440,78.937
283.785,192.447,27.440,78.937
284.394,191.837,27.440,78.937
284.191,191.634,27.440,78.937
285.207,191.837,27.440,78.937
285.004,192.041,27.440,78.937
284.800,192.244,27.440,78.937
284.597,192.447,27.440,78.937
284.394,192.650,27.440,78.937
284.191,191.228,27.440,78.937
285.207,192.650,27.440,78.937
285.003,191.228,27.440,78.937
284.800,192.650,27.440,78.937
284.597,191.228,27.440,78.937
284.394,192.650,27.440,78.937
284.191,191.228,27.440,78.937
285.613,192.244,27.440,78.937
284.597,192.447,27.440,78.937
284.394,193.056,27.440,78.937
284.597,192.041,27.440,78.937
284.394,192.650,27.440,78.937
284.597,191.634,27.440,78.937
284.800,192.244,27.440,78.937
284.597,192.853,27.440,78.937
284.394,191.837,27.440,78.937
284.191,192.447,27.440,78.937
284.800,193.056,27.440,78.937
284.191,191.634,27.440,78.937
283.988,191.431,27.440,78.937
285.410,194.072,27.440,78.937
253.511,196.714,27.440,78.937
252.495,194.885,27.440,78.937
251.886,193.869,27.440,78.937
283.378,191.228,27.440,78.937
283.988,191.837,27.440,78.937
284.597,191.228,27.440,78.937
283.988,192.244,27.440,78.937
284.597,192.041,27.440,78.937
283.988,191.431,27.440,78.937
284.597,192.447,27.440,78.937
283.988,191.837,27.440,78.937
284.597,191.228,27.440,78.937
284.394,192.244,27.440,78.937
283.784,192.041,27.440,78.937
284.394,191.837,27.440,78.937
283.784,191.228,27.440,78.937
284.800,192.244,27.440,78.937
284.191,192.041,27.440,78.937
284.800,191.431,27.440,78.937
284.597,192.447,27.440,78.937
283.988,192.244,27.440,78.937
284.597,191.634,27.440,78.937
283.988,191.025,27.440,78.937
284.597,192.041,27.440,78.937
283.988,191.431,27.440,78.937
284.597,192.447,27.440,78.937
284.394,192.244,27.440,78.937
284.191,192.041,27.440,78.937
285.207,191.431,27.440,78.937
284.597,192.447,27.440,78.937
283.987,191.431,27.440,78.937
284.597,191.228,27.440,78.937
276.267,189.806,27.440,78.937
254.933,195.698,27.440,78.937
250.667,196.307,27.440,78.937
269.545,191.429,28.047,80.683
286.782,192.052,28.047,80.683
283.667,193.090,28.047,80.683
283.044,191.221,28.047,80.683
284.082,190.598,28.047,80.683
284.290,191.221,28.047,80.683
284.498,191.014,28.047,80.683
283.875,192.052,28.047,80.683
284.498,191.844,28.047,80.683
283.875,191.221,28.047,80.683
284.498,190.598,28.047,80.683
284.290,191.221,28.047,80.683
285.328,190.598,28.047,80.683
285.121,191.221,28.047,80.683
284.913,190.598,28.047,80.683
284.705,191.221,28.047,80.683
284.498,190.598,28.047,80.683
284.290,191.221,28.047,80.683
285.328,191.014,28.047,80.683
285.121,192.052,28.047,80.683
284.913,191.844,28.047,80.683
284.705,191.637,28.047,80.683
284.498,191.429,28.047,80.683
284.290,191.221,28.047,80.683
284.913,191.014,28.047,80.683
284.705,192.052,28.047,80.683
284.498,191.844,28.047,80.683
284.290,191.637,28.047,80.683
286.159,191.014,28.047,80.683
287.197,192.052,28.047,80.683
288.651,192.260,28.047,80.683
289.690,190.806,28.047,80.683
292.389,191.014,28.047,80.683
295.504,189.560,28.047,80.683
298.619,187.276,28.047,80.683
302.981,185.822,28.047,80.683
307.757,203.474,28.047,80.683
311.703,203.682,28.047,80.683
316.064,203.474,28.047,80.683
320.010,202.851,28.047,80.683
322.911,203.511,27.449,78.963
325.553,204.527,27.449,78.963
328.195,204.730,27.449,78.963
331.244,206.153,27.449,78.963
332.516,207.975,26.864,77.279
331.460,210.141,26.291,75.631
324.647,211.503,26.291,75.631
323.284,210.530,26.291,75.631
321.532,211.893,26.291,75.631
319.780,213.255,26.291,75.631
316.471,212.671,26.291,75.631
312.772,214.813,26.291,75.631
310.631,215.397,26.291,75.631
307.322,215.202,26.291,75.631
305.570,197.877,26.291,75.631
303.818,196.903,26.291,75.631
301.287,198.266,26.291,75.631
302.650,198.461,26.291,75.631
302.965,198.230,26.872,77.304
301.970,198.429,26.872,77.304
302.065,197.527,26.299,75.656
301.870,198.111,26.299,75.656
302.065,198.696,26.299,75.656
301.091,198.890,26.299,75.656
307.128,194.801,26.299,75.656
308.491,194.217,26.299,75.656
309.710,191.833,25.738,74.042
309.519,187.830,25.738,74.042
308.566,188.021,25.738,74.042
305.326,208.794,25.738,74.042
300.943,208.985,25.738,74.042
302.658,204.982,25.738,74.042
307.804,201.362,25.738,74.042
312.187,198.884,25.738,74.042
313.902,196.406,25.738,74.042
311.806,196.597,25.738,74.042
308.185,196.406,25.738,74.042
306.089,197.359,25.738,74.042
305.517,197.169,25.738,74.042
308.757,195.835,25.738,74.042
310.091,196.788,25.738,74.042
310.663,197.359,25.738,74.042
311.234,197.931,25.738,74.042
314.093,197.741,25.738,74.042
315.427,197.550,25.738,74.042
316.380,197.359,25.738,74.042
315.808,197.931,25.738,74.042
314.474,196.978,25.738,74.042
322.669,197.550,25.738,74.042
320.954,198.122,25.738,74.042
320.677,196.523,25.190,72.463
321.610,196.710,25.190,72.463
321.796,197.642,25.190,72.463
319.371,198.202,25.190,72.463
315.828,198.015,25.190,72.463
317.506,198.575,25.190,72.463
318.195,198.741,25.747,74.066
317.623,199.694,25.747,74.066
317.814,201.410,25.747,74.066
316.861,198.931,25.747,74.066
316.289,199.503,25.747,74.066
316.479,197.025,25.747,74.066
316.289,198.359,25.747,74.066
316.479,201.219,25.747,74.066
317.433,205.985,25.747,74.066
313.810,209.607,25.747,74.066
319.414,212.418,25.198,72.487
319.227,209.620,25.198,72.487
313.816,206.821,25.198,72.487
309.152,204.769,25.198,72.487
306.353,202.343,25.198,72.487
305.421,200.291,25.198,72.487
305.234,201.224,25.198,72.487
307.659,198.798,25.198,72.487
309.712,196.373,25.198,72.487
309.239,193.829,25.755,74.091
308.286,190.968,25.755,74.091
307.332,189.252,25.755,74.091
308.667,190.587,25.755,74.091
311.146,191.922,25.755,74.091
314.770,193.638,25.755,74.091
318.393,194.592,25.755,74.091
320.110,195.164,25.755,74.091
321.826,194.592,25.755,74.091
323.542,195.164,25.755,74.091
322.970,194.592,25.755,74.091
323.924,195.545,25.755,74.091
323.351,195.354,25.755,74.091
322.779,195.164,25.755,74.091
322.970,194.973,25.755,74.091
323.161,194.782,25.755,74.091
322.589,195.736,25.755,74.091
323.161,195.545,25.755,74.091
322.589,194.973,25.755,74.091
323.161,194.401,25.755,74.091
322.970,194.973,25.755,74.091
323.542,194.401,25.755,74.091
322.970,194.973,25.755,74.091
323.542,194.401,25.755,74.091
322.970,195.354,25.755,74.091
323.161,194.782,25.755,74.091
322.589,195.736,25.755,74.091
322.779,195.545,25.755,74.091
322.970,195.354,25.755,74.091
323.161,195.164,25.755,74.091
322.207,194.592,25.755,74.091
322.398,195.164,25.755,74.091
321.826,194.592,25.755,74.091
324.305,195.926,25.755,74.091
308.785,190.952,26.325,75.730
289.878,197.384,26.325,75.730
291.242,194.850,26.325,75.730
290.268,194.655,26.325,75.730
290.073,194.460,26.325,75.730
320.286,193.096,26.325,75.730
321.650,194.071,26.325,75.730
322.235,194.266,26.325,75.730
321.260,193.291,26.325,75.730
321.455,193.486,26.325,75.730
321.260,193.681,26.325,75.730
291.437,194.655,26.325,75.730
290.073,196.410,26.325,75.730
289.878,196.215,26.325,75.730
293.971,185.494,26.325,75.730
321.455,194.266,26.325,75.730
319.748,194.034,26.908,77.406
321.143,193.437,26.908,77.406
321.741,193.238,26.908,77.406
321.541,194.234,26.908,77.406
322.139,194.034,26.908,77.406
321.940,194.234,26.908,77.406
321.741,194.433,26.908,77.406
321.143,193.038,26.908,77.406
322.139,194.034,26.908,77.406
321.940,194.234,26.908,77.406
321.741,194.433,26.908,77.406
321.541,193.437,26.908,77.406
322.538,193.636,26.908,77.406
322.338,193.835,26.908,77.406
322.139,194.034,26.908,77.406
321.940,194.234,26.908,77.406
321.741,194.433,26.908,77.406
321.143,193.038,26.908,77.406
322.139,194.433,26.908,77.406
321.541,193.437,26.908,77.406
322.538,193.636,26.908,77.406
322.338,193.835,26.908,77.406
322.139,194.034,26.908,77.406
321.541,194.234,26.908,77.406
322.139,194.433,26.908,77.406
322.338,194.234,26.908,77.406
326.124,195.628,26.908,77.406
330.706,195.828,26.908,77.406
336.882,195.230,26.908,77.406
343.457,195.031,26.908,77.406
349.235,196.027,26.908,77.406
348.637,197.023,26.908,77.406
344.507,198.040,26.334,75.755
346.652,199.405,26.334,75.755
342.557,196.091,26.334,75.755
334.173,197.065,26.334,75.755
312.530,195.701,26.334,75.755
298.686,197.065,26.334,75.755
286.402,198.430,26.334,75.755
272.948,199.795,26.334,75.755
263.957,199.564,26.916,77.431
254.590,196.973,26.916,77.431
234.461,191.193,26.916,77.431
231.472,186.610,26.916,77.431
227.685,181.627,26.916,77.431
221.108,175.449,26.916,77.431
218.118,171.662,26.916,77.431
216.787,185.486,27.512,79.144
212.101,185.283,27.512,79.144
207.416,183.449,27.512,79.144
203.138,184.060,27.512,79.144
198.860,183.857,27.512,79.144
193.768,186.912,27.512,79.144
190.305,189.561,27.512,79.144
189.286,191.394,27.512,79.144
188.675,194.042,27.512,79.144
189.693,196.283,27.512,79.144
190.712,195.265,27.512,79.144
193.768,193.024,27.512,79.144
192.342,192.005,27.512,79.144
192.953,191.801,27.512,79.144
191.934,193.227,27.512,79.144
190.916,192.616,27.512,79.144
190.305,193.635,27.512,79.144
190.916,193.024,27.512,79.144
190.305,192.820,27.512,79.144
190.508,193.839,27.512,79.144
190.305,193.635,27.512,79.144
190.508,193.431,27.512,79.144
190.712,192.820,27.512,79.144
191.323,193.431,27.512,79.144
190.712,193.227,27.512,79.144
190.916,193.024,27.512,79.144
190.305,192.820,27.512,79.144
190.916,193.839,27.512,79.144
190.305,193.227,27.512,79.144
190.916,192.616,27.512,79.144
190.305,193.635,27.512,79.144
190.508,193.024,27.512,79.144
190.712,192.820,27.512,79.144
190.916,193.839,27.512,79.144
190.305,193.227,27.512,79.144
190.508,192.616,27.512,79.144
190.305,193.227,27.512,79.144
190.101,193.024,27.512,79.144
189.897,192.413,27.512,79.144
190.508,194.653,27.512,79.144
193.971,202.191,27.512,79.144
226.361,195.876,27.512,79.144
253.047,198.931,27.512,79.144
283.400,199.950,27.512,79.144
312.123,201.783,27.512,79.144
332.290,205.246,27.512,79.144
343.901,207.487,27.512,79.144
351.031,210.543,27.512,79.144
354.087,212.783,27.512,79.144
353.791,215.787,26.925,77.456
351.199,217.183,26.925,77.456
348.604,218.969,26.351,75.805
345.688,221.094,25.789,74.188
342.060,222.813,25.789,74.188
338.814,225.295,25.789,74.188
335.950,227.396,25.789,74.188
336.904,227.587,25.789,74.188
337.477,227.396,25.789,74.188
336.140,227.205,25.789,74.188
336.968,227.444,25.239,72.606
336.781,227.630,25.239,72.606
337.950,227.504,24.701,71.058
336.670,228.053,24.701,71.058
337.815,227.576,24.174,69.542
337.994,228.113,24.174,69.542
336.741,229.008,24.174,69.542
337.994,228.471,24.174,69.542
336.741,228.650,24.174,69.542
337.994,228.471,24.174,69.542
336.741,228.650,24.174,69.542
337.994,228.471,24.174,69.542
340.321,228.650,24.174,69.542
345.154,229.187,24.174,69.542
351.450,229.411,23.659,68.059
354.428,229.937,23.659,68.059
356.355,230.112,23.659,68.059
358.464,229.318,23.154,66.608
358.293,229.832,23.154,66.608
359.150,229.661,23.154,66.608
358.979,230.175,23.154,66.608
358.807,229.661,23.154,66.608
358.636,230.175,23.154,66.608
358.464,229.661,23.154,66.608
358.293,230.175,23.154,66.608
359.150,230.347,23.154,66.608
358.979,229.489,23.154,66.608
358.807,230.004,23.154,66.608
358.636,229.489,23.154,66.608
358.464,230.347,23.154,66.608
358.293,230.175,23.154,66.608
359.150,230.347,23.154,66.608
358.636,229.489,23.154,66.608
358.122,230.004,23.154,66.608
358.293,230.175,23.154,66.608
358.464,230.004,23.154,66.608
357.950,229.146,23.154,66.608
358.122,230.004,23.154,66.608
358.293,229.832,23.154,66.608
358.464,229.661,23.154,66.608
357.950,230.175,23.154,66.608
358.122,229.661,23.154,66.608
358.293,230.518,23.154,66.608
358.465,230.347,23.154,66.608
357.950,229.489,23.154,66.608
358.122,230.347,23.154,66.608
358.293,230.175,23.154,66.608
358.465,229.661,23.154,66.608
357.950,230.175,23.154,66.608
358.122,230.004,23.154,66.608
358.293,229.489,23.154,66.608
358.465,230.347,23.154,66.608
357.950,229.146,23.154,66.608
358.122,230.004,23.154,66.608
358.293,229.489,23.154,66.608
358.465,230.347,23.154,66.608
357.950,229.146,23.154,66.608
358.122,230.004,23.154,66.608
358.293,229.489,23.154,66.608
358.465,230.004,23.154,66.608
357.950,228.804,23.154,66.608
358.122,229.318,23.154,66.608
358.293,229.832,23.154,66.608
358.808,228.975,23.154,66.608
358.293,229.489,23.154,66.608
358.465,230.004,23.154,66.608
357.950,228.804,23.154,66.608
358.465,229.318,23.154,66.608
357.950,229.489,23.154,66.608
358.465,230.004,23.154,66.608
357.950,228.803,23.154,66.608
358.465,229.318,23.154,66.608
357.950,229.489,23.154,66.608
358.465,230.004,23.154,66.608
357.950,228.803,23.154,66.608
358.465,229.318,23.154,66.608
357.950,229.489,23.154,66.608
358.465,230.004,23.154,66.608
357.950,228.803,23.154,66.608
358.465,229.318,23.154,66.608
357.950,229.489,23.154,66.608
358.465,230.003,23.154,66.608
357.950,228.803,23.154,66.608
358.465,229.318,23.154,66.608
357.950,229.832,23.154,66.608
358.465,228.975,23.154,66.608
357.950,229.489,23.154,66.608
358.465,230.003,23.154,66.608
357.950,228.803,23.154,66.608
358.465,229.318,23.154,66.608
357.950,229.489,23.154,66.608
358.465,230.003,23.154,66.608
357.950,228.803,23.154,66.608
358.465,229.660,23.154,66.608
357.950,230.175,23.154,66.608
358.465,229.318,23.154,66.608
357.950,229.832,23.154,66.608
358.465,228.975,23.154,66.608
357.950,229.146,23.154,66.608
358.465,229.660,23.154,66.608
357.950,230.175,23.154,66.608
358.465,229.318,23.154,66.608
357.950,229.832,23.154,66.608
358.465,228.975,23.154,66.608
357.950,229.489,23.154,66.608
358.465,230.346,23.154,66.608
357.950,229.146,23.154,66.608
358.465,229.660,23.154,66.608
357.950,230.175,23.154,66.608
358.465,229.318,23.154,66.608
357.950,229.489,23.154,66.608
358.465,230.003,23.154,66.608
357.950,228.803,23.154,66.608
358.122,229.317,23.154,66.608
358.293,230.175,23.154,66.608
358.122,230.689,23.154,66.608
