84.000,53.000,62.000,70.000
86.857,52.740,62.000,70.000
89.714,53.000,62.000,70.000
91.532,53.779,62.000,70.000
92.831,54.039,62.000,70.000
93.610,53.779,62.000,70.000
93.869,54.558,62.000,70.000
94.129,54.299,62.000,70.000
92.831,53.000,62.000,70.000
92.571,53.260,62.000,70.000
91.272,53.000,62.000,70.000
89.454,53.260,62.000,70.000
88.675,53.000,62.000,70.000
87.376,53.779,62.000,70.000
85.558,54.039,62.000,70.000
84.260,53.779,62.000,70.000
82.961,55.078,62.000,70.000
82.182,55.338,62.000,70.000
79.844,56.636,62.000,70.000
79.585,57.935,62.000,70.000
78.806,58.714,62.000,70.000
78.546,58.974,62.000,70.000
78.806,59.233,62.000,70.000
79.065,57.935,62.000,70.000
78.806,58.714,62.000,70.000
80.104,58.454,62.000,70.000
80.364,58.194,62.000,70.000
81.662,57.415,62.000,70.000
82.961,56.117,62.000,70.000
84.260,55.338,62.000,70.000
85.039,55.078,62.000,70.000
85.818,54.299,62.000,70.000
87.636,54.558,62.000,70.000
88.935,54.818,62.000,70.000
90.233,55.078,62.000,70.000
91.013,54.299,62.000,70.000
91.792,54.558,62.000,70.000
93.090,54.818,62.000,70.000
93.869,55.078,62.000,70.000
95.168,53.779,62.000,70.000
95.428,54.558,62.000,70.000
96.207,54.818,62.000,70.000
96.986,55.078,62.000,70.000
98.285,54.299,62.000,70.000
98.544,54.558,62.000,70.000
99.324,55.337,62.000,70.000
99.583,55.597,62.000,70.000
100.363,56.376,62.000,70.000
100.103,56.636,62.000,70.000
100.363,56.896,62.000,70.000
100.622,57.156,62.000,70.000
100.363,55.857,62.000,70.000
99.583,56.636,62.000,70.000
99.843,56.896,62.000,70.000
99.583,57.156,62.000,70.000
98.804,55.857,62.000,70.000
99.064,56.636,62.000,70.000
97.246,55.857,62.000,70.000
97.506,56.636,62.000,70.000
96.726,55.857,62.000,70.000
96.467,56.117,62.000,70.000
95.688,55.337,62.000,70.000
94.908,55.597,62.000,70.000
94.649,56.376,62.000,70.000
93.350,55.597,62.000,70.000
92.051,55.857,62.000,70.000
90.753,56.636,62.000,70.000
91.013,56.376,62.000,70.000
89.194,56.117,62.000,70.000
88.935,55.857,62.000,70.000
88.675,56.636,62.000,70.000
87.896,56.376,62.000,70.000
87.636,56.117,62.000,70.000
86.857,55.857,62.000,70.000
86.597,56.636,62.000,70.000
85.818,56.376,62.000,70.000
85.558,56.117,62.000,70.000
84.779,55.857,62.000,70.000
85.039,56.117,62.000,70.000
83.740,55.337,62.000,70.000
84.000,55.597,62.000,70.000
83.221,55.857,62.000,70.000
83.481,56.117,62.000,70.000
84.392,55.611,60.678,68.507
84.138,56.374,60.678,68.507
83.884,56.120,60.678,68.507
83.629,55.866,60.678,68.507
84.392,55.611,60.678,68.507
83.629,55.866,60.678,68.507
83.884,55.611,60.678,68.507
83.121,55.866,60.678,68.507
83.375,55.103,60.678,68.507
83.629,55.357,60.678,68.507
83.375,55.611,60.678,68.507
83.121,55.866,60.678,68.507
82.867,55.103,60.678,68.507
82.613,55.357,60.678,68.507
83.375,56.120,60.678,68.507
83.121,55.866,60.678,68.507
82.867,55.611,60.678,68.507
83.121,56.374,60.678,68.507
83.375,56.120,60.678,68.507
83.629,55.866,60.678,68.507
84.392,55.611,60.678,68.507
84.138,56.374,60.678,68.507
83.884,56.120,60.678,68.507
84.138,55.866,60.678,68.507
84.392,55.611,60.678,68.507
85.155,56.374,60.678,68.507
84.900,56.120,60.678,68.507
85.155,55.866,60.678,68.507
85.409,55.611,60.678,68.507
86.171,56.374,60.678,68.507
86.425,56.628,60.678,68.507
86.680,56.374,60.678,68.507
86.425,56.628,60.678,68.507
87.188,56.374,60.678,68.507
87.442,56.628,60.678,68.507
87.696,56.882,60.678,68.507
87.442,56.120,60.678,68.507
88.205,56.374,60.678,68.507
88.459,56.628,60.678,68.507
88.713,56.882,60.678,68.507
87.951,56.120,60.678,68.507
88.205,56.374,60.678,68.507
88.967,56.628,60.678,68.507
88.713,56.882,60.678,68.507
88.459,56.120,60.678,68.507
89.221,56.374,60.678,68.507
88.967,56.628,60.678,68.507
88.713,56.882,60.678,68.507
87.951,56.120,60.678,68.507
88.205,56.374,60.678,68.507
87.951,57.136,60.678,68.507
87.696,56.882,60.678,68.507
86.934,56.628,60.678,68.507
87.188,57.391,60.678,68.507
86.934,57.645,60.678,68.507
86.680,57.899,60.678,68.507
86.425,57.136,60.678,68.507
87.188,57.391,60.678,68.507
86.425,57.645,60.678,68.507
87.188,57.899,60.678,68.507
86.934,56.628,60.678,68.507
87.188,57.391,60.678,68.507
87.442,56.628,60.678,68.507
88.205,56.882,60.678,68.507
87.951,56.120,60.678,68.507
88.205,55.866,60.678,68.507
88.459,55.611,60.678,68.507
88.713,56.374,60.678,68.507
87.951,56.120,60.678,68.507
88.205,55.866,60.678,68.507
87.951,55.611,60.678,68.507
87.696,55.866,60.678,68.507
86.934,55.103,60.678,68.507
86.680,55.357,60.678,68.507
85.917,55.611,60.678,68.507
85.663,55.866,60.678,68.507
85.409,55.103,60.678,68.507
85.155,55.357,60.678,68.507
84.900,55.611,60.678,68.507
84.138,55.865,60.678,68.507
83.375,55.103,60.678,68.507
83.121,55.357,60.678,68.507
82.359,55.103,60.678,68.507
82.104,55.357,60.678,68.507
81.342,55.103,60.678,68.507
81.088,54.849,60.678,68.507
80.325,54.595,60.678,68.507
80.071,55.357,60.678,68.507
79.817,55.103,60.678,68.507
79.054,54.849,60.678,68.507
79.308,54.595,60.678,68.507
79.563,55.357,60.678,68.507
79.817,55.103,60.678,68.507
79.054,54.849,60.678,68.507
78.800,54.595,60.678,68.507
79.054,55.357,60.678,68.507
79.308,55.103,60.678,68.507
79.563,54.849,60.678,68.507
80.325,54.595,60.678,68.507
80.579,55.357,60.678,68.507
81.342,55.103,60.678,68.507
82.104,54.849,60.678,68.507
82.867,54.595,60.678,68.507
83.629,54.849,60.678,68.507
85.917,54.595,60.678,68.507
86.680,55.357,60.678,68.507
87.951,55.103,60.678,68.507
89.730,55.357,60.678,68.507
91.509,55.611,60.678,68.507
93.288,55.866,60.678,68.507
94.559,55.611,60.678,68.507
95.830,55.866,60.678,68.507
96.593,54.595,60.678,68.507
97.864,54.849,60.678,68.507
97.610,54.086,60.678,68.507
98.880,54.340,60.678,68.507
97.418,54.374,62.020,70.023
97.158,54.114,62.020,70.023
96.379,53.854,62.020,70.023
95.599,54.114,62.020,70.023
94.820,52.295,62.020,70.023
93.521,52.035,62.020,70.023
91.183,51.256,62.020,70.023
89.149,51.290,63.393,71.572
87.821,50.493,63.393,71.572
85.962,50.759,63.393,71.572
84.634,51.024,63.393,71.572
82.244,51.290,63.393,71.572
81.448,51.024,63.393,71.572
79.058,51.821,63.393,71.572
78.261,52.087,63.393,71.572
77.464,51.821,63.393,71.572
76.137,51.024,63.393,71.572
76.402,50.759,63.393,71.572
75.074,50.493,63.393,71.572
75.340,49.697,63.393,71.572
75.074,49.962,63.393,71.572
75.340,49.697,63.393,71.572
75.605,48.900,63.393,71.572
76.402,48.103,63.393,71.572
76.668,47.838,63.393,71.572
77.464,47.041,63.393,71.572
78.792,46.776,63.393,71.572
80.120,46.510,63.393,71.572
81.979,46.244,63.393,71.572
83.838,45.448,63.393,71.572
85.697,45.713,63.393,71.572
88.087,45.979,63.393,71.572
91.539,46.776,63.393,71.572
94.460,46.510,63.393,71.572
98.443,46.244,63.393,71.572
103.489,46.510,63.393,71.572
108.534,47.307,63.393,71.572
114.642,47.041,63.393,71.572
120.750,47.838,63.393,71.572
126.327,47.572,63.393,71.572
131.903,47.307,63.393,71.572
138.542,46.510,63.393,71.572
143.588,46.776,63.393,71.572
148.634,47.041,63.393,71.572
153.679,46.776,63.393,71.572
158.725,46.510,63.393,71.572
163.239,45.713,63.393,71.572
168.285,45.979,63.393,71.572
171.737,46.244,63.393,71.572
174.658,45.448,63.393,71.572
177.579,45.713,63.393,71.572
180.500,45.979,63.393,71.572
182.890,46.244,63.393,71.572
185.280,45.448,63.393,71.572
187.670,45.182,63.393,71.572
188.998,46.510,63.393,71.572
190.326,46.244,63.393,71.572
190.592,45.979,63.393,71.572
190.857,46.776,63.393,71.572
191.123,47.041,63.393,71.572
191.388,47.307,63.393,71.572
189.309,46.239,64.795,73.156
189.038,46.511,64.795,73.156
187.681,46.239,64.795,73.156
185.781,47.054,64.795,73.156
184.424,46.782,64.795,73.156
183.066,46.511,64.795,73.156
180.081,46.239,64.795,73.156
177.638,47.054,64.795,73.156
174.652,47.325,64.795,73.156
171.123,47.597,64.795,73.156
168.681,46.782,64.795,73.156
164.066,47.054,64.795,73.156
160.538,47.868,64.795,73.156
156.466,47.597,64.795,73.156
151.852,47.868,64.795,73.156
146.152,48.139,64.795,73.156
141.537,48.954,64.795,73.156
137.466,49.225,64.795,73.156
132.309,49.497,64.795,73.156
127.151,48.682,64.795,73.156
121.994,49.497,64.795,73.156
116.837,49.768,64.795,73.156
112.223,50.582,64.795,73.156
108.151,50.854,64.795,73.156
104.080,51.125,64.795,73.156
100.551,51.939,64.795,73.156
98.108,51.668,64.795,73.156
94.037,51.397,64.795,73.156
92.137,52.211,64.795,73.156
89.694,52.482,64.795,73.156
86.708,51.125,64.795,73.156
85.351,51.939,64.795,73.156
83.994,52.211,64.795,73.156
82.094,52.482,64.795,73.156
81.279,51.668,64.795,73.156
80.465,51.939,64.795,73.156
79.651,52.211,64.795,73.156
78.294,52.482,64.795,73.156
78.565,51.668,64.795,73.156
78.836,51.939,64.795,73.156
78.022,52.211,64.795,73.156
78.836,52.482,64.795,73.156
79.108,51.668,64.795,73.156
80.465,51.939,64.795,73.156
81.822,52.211,64.795,73.156
82.637,53.025,64.795,73.156
84.537,52.754,64.795,73.156
86.979,52.482,64.795,73.156
88.879,52.754,64.795,73.156
91.322,53.025,64.795,73.156
94.851,53.839,64.795,73.156
97.294,53.568,64.795,73.156
101.365,53.839,64.795,73.156
104.894,54.111,64.795,73.156
108.423,54.925,64.795,73.156
113.580,54.654,64.795,73.156
118.194,54.925,64.795,73.156
122.266,55.739,64.795,73.156
127.423,55.468,64.795,73.156
132.037,54.654,64.795,73.156
136.652,54.925,64.795,73.156
140.723,55.739,64.795,73.156
145.337,55.468,64.795,73.156
150.495,55.739,64.795,73.156
156.680,55.735,63.413,71.596
160.664,56.532,63.413,71.596
164.649,56.797,63.413,71.596
168.633,57.063,63.413,71.596
172.618,57.328,63.413,71.596
176.071,56.000,63.413,71.596
180.056,56.797,63.413,71.596
183.509,56.000,63.413,71.596
186.432,56.266,63.413,71.596
189.354,55.469,63.413,71.596
191.744,55.735,63.413,71.596
194.667,56.000,63.413,71.596
196.526,56.266,63.413,71.596
198.386,55.469,63.413,71.596
199.714,55.735,63.413,71.596
201.573,56.000,63.413,71.596
202.370,56.266,63.413,71.596
202.636,54.938,63.413,71.596
203.433,55.735,63.413,71.596
202.636,54.938,63.413,71.596
202.901,55.735,63.413,71.596
203.167,54.938,63.413,71.596
202.370,55.203,63.413,71.596
200.511,53.875,63.413,71.596
199.714,54.672,63.413,71.596
198.917,53.875,63.413,71.596
197.589,54.141,63.413,71.596
195.729,54.406,63.413,71.596
194.401,53.078,63.413,71.596
192.010,53.875,63.413,71.596
191.213,53.078,63.413,71.596
188.822,52.813,63.413,71.596
186.432,52.547,63.413,71.596
183.509,51.750,63.413,71.596
181.650,52.016,63.413,71.596
178.728,51.750,63.413,71.596
176.868,51.484,63.413,71.596
173.946,50.687,63.413,71.596
171.556,50.953,63.413,71.596
168.633,50.687,63.413,71.596
165.711,49.890,63.413,71.596
163.852,50.156,63.413,71.596
160.930,49.890,63.413,71.596
158.539,49.094,63.413,71.596
155.617,49.890,63.413,71.596
153.226,48.562,63.413,71.596
151.898,48.297,63.413,71.596
148.445,47.500,63.413,71.596
146.054,48.297,63.413,71.596
144.726,47.500,63.413,71.596
141.803,47.765,63.413,71.596
141.538,48.562,63.413,71.596
139.397,47.533,62.061,70.069
139.138,49.353,62.061,70.069
136.278,48.053,62.061,70.069
137.058,48.833,62.061,70.069
133.678,48.573,62.061,70.069
135.498,48.833,62.061,70.069
132.638,48.573,62.061,70.069
134.458,48.833,62.061,70.069
132.118,48.053,62.061,70.069
133.938,48.833,62.061,70.069
134.198,49.093,62.061,70.069
132.378,47.793,62.061,70.069
134.198,49.093,62.061,70.069
134.978,48.313,62.061,70.069
135.758,49.093,62.061,70.069
137.578,48.313,62.061,70.069
138.878,49.093,62.061,70.069
140.177,48.313,62.061,70.069
141.477,49.093,62.061,70.069
143.297,47.793,62.061,70.069
145.637,48.573,62.061,70.069
147.977,47.793,62.061,70.069
150.317,47.533,62.061,70.069
153.176,46.233,62.061,70.069
156.036,45.454,62.061,70.069
158.896,45.714,62.061,70.069
161.716,44.669,63.434,71.619
165.170,43.340,63.434,71.619
168.625,42.011,63.434,71.619
172.079,43.340,63.434,71.619
176.065,42.011,63.434,71.619
180.051,42.809,63.434,71.619
182.934,41.189,64.838,73.204
186.465,41.461,64.838,73.204
190.539,40.103,64.838,73.204
194.613,40.918,64.838,73.204
198.144,40.646,64.838,73.204
201.675,40.374,64.838,73.204
204.662,41.189,64.838,73.204
207.045,40.098,66.272,74.823
209.480,38.982,67.738,76.479
212.601,39.266,67.738,76.479
215.723,39.549,67.738,76.479
218.844,39.833,67.738,76.479
221.398,39.549,67.738,76.479
223.952,40.401,67.738,76.479
225.938,40.117,67.738,76.479
227.925,40.401,67.738,76.479
229.343,40.684,67.738,76.479
230.195,41.536,67.738,76.479
229.911,40.117,67.738,76.479
231.330,40.401,67.738,76.479
229.911,40.117,67.738,76.479
231.330,40.401,67.738,76.479
228.776,39.549,67.738,76.479
229.627,40.401,67.738,76.479
227.073,38.982,67.738,76.479
227.925,39.833,67.738,76.479
224.236,38.414,67.738,76.479
222.249,39.266,67.738,76.479
219.696,38.414,67.738,76.479
217.709,38.698,67.738,76.479
214.588,38.414,67.738,76.479
211.466,38.130,67.738,76.479
207.778,37.279,67.738,76.479
202.023,36.139,69.237,78.171
198.833,36.429,69.237,78.171
195.642,35.559,69.237,78.171
189.761,35.597,70.769,79.900
185.907,34.114,70.769,79.900
182.053,35.004,70.769,79.900
178.199,34.707,70.769,79.900
173.159,34.411,70.769,79.900
168.712,34.707,70.769,79.900
166.044,33.818,70.769,79.900
161.598,34.114,70.769,79.900
157.744,35.004,70.769,79.900
153.890,34.707,70.769,79.900
150.629,35.004,70.769,79.900
146.775,35.300,70.769,79.900
143.514,35.597,70.769,79.900
140.253,34.707,70.769,79.900
137.584,35.004,70.769,79.900
135.509,35.300,70.769,79.900
133.434,35.597,70.769,79.900
131.359,34.707,70.769,79.900
129.877,35.004,70.769,79.900
129.580,35.893,70.769,79.900
127.505,35.597,70.769,79.900
127.801,35.893,70.769,79.900
127.505,36.782,70.769,79.900
127.208,37.079,70.769,79.900
126.912,37.968,70.769,79.900
128.394,38.265,70.769,79.900
128.691,39.154,70.769,79.900
129.580,39.451,70.769,79.900
130.470,40.340,70.769,79.900
131.952,40.636,70.769,79.900
134.027,40.340,70.769,79.900
135.509,41.229,70.769,79.900
136.992,42.119,70.769,79.900
139.067,42.415,70.769,79.900
140.549,43.305,70.769,79.900
141.438,44.194,70.769,79.900
142.921,44.490,70.769,79.900
144.403,45.380,70.769,79.900
145.292,46.269,70.769,79.900
146.182,46.566,70.769,79.900
147.071,46.269,70.769,79.900
148.553,47.751,70.769,79.900
148.850,48.048,70.769,79.900
149.146,48.344,70.769,79.900
148.850,49.234,70.769,79.900
149.739,48.937,70.769,79.900
150.036,49.234,70.769,79.900
151.076,48.657,69.260,78.197
150.206,49.527,69.260,78.197
149.915,49.237,69.260,78.197
149.045,50.108,69.260,78.197
148.175,49.817,69.260,78.197
147.304,50.108,69.260,78.197
145.854,50.398,69.260,78.197
145.563,51.268,69.260,78.197
143.533,50.978,69.260,78.197
141.502,50.688,69.260,78.197
139.471,50.978,69.260,78.197
137.440,51.848,69.260,78.197
134.828,51.558,69.260,78.197
132.798,51.848,69.260,78.197
130.186,52.139,69.260,78.197
128.408,52.133,67.783,76.529
125.285,53.553,67.783,76.529
121.593,53.269,67.783,76.529
118.470,53.553,67.783,76.529
115.346,54.405,67.783,76.529
112.223,54.689,67.783,76.529
108.532,55.541,67.783,76.529
106.244,56.630,66.337,74.897
103.187,56.908,66.337,74.897
100.686,57.742,66.337,74.897
98.185,58.020,66.337,74.897
95.684,58.854,66.337,74.897
95.052,58.849,64.923,73.300
92.604,59.665,64.923,73.300
90.157,59.937,64.923,73.300
90.062,59.932,63.538,71.737
88.199,60.730,63.538,71.737
87.594,60.212,62.183,70.207
85.771,61.515,62.183,70.207
86.183,61.510,60.857,68.710
84.908,62.275,60.857,68.710
85.163,62.530,60.857,68.710
83.378,62.785,60.857,68.710
83.633,63.040,60.857,68.710
83.378,63.295,60.857,68.710
83.123,62.530,60.857,68.710
82.868,62.785,60.857,68.710
84.143,63.040,60.857,68.710
83.378,63.295,60.857,68.710
84.143,62.020,60.857,68.710
84.398,63.295,60.857,68.710
85.673,61.510,60.857,68.710
86.947,62.275,60.857,68.710
88.222,62.020,60.857,68.710
88.477,62.785,60.857,68.710
90.261,62.020,60.857,68.710
91.536,62.785,60.857,68.710
93.321,62.020,60.857,68.710
95.105,62.785,60.857,68.710
96.380,61.510,60.857,68.710
98.674,61.765,60.857,68.710
100.969,62.020,60.857,68.710
103.263,62.275,60.857,68.710
105.048,61.000,60.857,68.710
107.342,62.275,60.857,68.710
109.127,61.000,60.857,68.710
111.421,62.275,60.857,68.710
114.225,60.490,60.857,68.710
116.520,61.765,60.857,68.710
119.324,61.510,60.857,68.710
121.619,61.765,60.857,68.710
124.423,62.020,60.857,68.710
126.717,62.785,60.857,68.710
129.522,62.020,60.857,68.710
131.306,62.785,60.857,68.710
133.601,62.530,60.857,68.710
135.895,62.785,60.857,68.710
138.189,63.550,60.857,68.710
139.464,63.295,60.857,68.710
141.758,62.530,60.857,68.710
143.543,63.295,60.857,68.710
144.818,62.530,60.857,68.710
146.092,62.785,60.857,68.710
146.347,63.550,60.857,68.710
148.132,62.275,60.857,68.710
148.387,63.040,60.857,68.710
149.152,63.295,60.857,68.710
149.406,62.020,60.857,68.710
149.661,63.295,60.857,68.710
149.916,62.020,60.857,68.710
150.171,63.295,60.857,68.710
148.387,62.020,60.857,68.710
148.642,62.785,60.857,68.710
147.877,62.020,60.857,68.710
147.622,62.275,60.857,68.710
146.347,60.490,60.857,68.710
145.073,60.745,60.857,68.710
143.798,61.000,60.857,68.710
143.543,60.745,60.857,68.710
141.758,59.471,60.857,68.710
140.994,59.216,60.857,68.710
139.719,57.941,60.857,68.710
137.934,58.706,60.857,68.710
137.170,57.431,60.857,68.710
134.875,57.176,60.857,68.710
134.110,56.411,60.857,68.710
131.816,56.666,60.857,68.710
131.051,56.921,60.857,68.710
129.776,56.666,60.857,68.710
128.502,55.902,60.857,68.710
126.717,56.157,60.857,68.710
125.952,55.392,60.857,68.710
125.188,55.137,60.857,68.710
123.913,55.902,60.857,68.710
124.168,55.137,60.857,68.710
122.383,55.392,60.857,68.710
122.638,54.627,60.857,68.710
122.383,54.372,60.857,68.710
122.128,54.117,60.857,68.710
121.874,54.882,60.857,68.710
123.148,54.627,60.857,68.710
122.893,54.372,60.857,68.710
124.168,54.117,60.857,68.710
124.423,54.882,60.857,68.710
125.698,54.627,60.857,68.710
127.482,54.372,60.857,68.710
128.757,54.117,60.857,68.710
130.541,54.372,60.857,68.710
132.326,53.607,60.857,68.710
134.110,53.352,60.857,68.710
135.895,53.097,60.857,68.710
139.209,53.352,60.857,68.710
140.994,52.587,60.857,68.710
144.308,51.823,60.857,68.710
146.602,51.568,60.857,68.710
149.916,50.803,60.857,68.710
153.740,50.548,60.857,68.710
156.545,49.783,60.857,68.710
159.859,50.038,60.857,68.710
163.683,49.783,60.857,68.710
166.487,49.528,60.857,68.710
169.252,48.504,62.204,70.230
172.079,47.456,63.580,71.784
175.009,47.723,63.580,71.784
177.938,46.924,63.580,71.784
181.401,46.657,63.580,71.784
184.863,46.391,63.580,71.784
187.260,46.657,63.580,71.784
190.149,46.140,64.987,73.372
192.599,45.867,64.987,73.372
195.594,45.595,64.987,73.372
198.588,46.412,64.987,73.372
201.039,46.140,64.987,73.372
202.944,46.412,64.987,73.372
205.939,46.684,64.987,73.372
207.844,46.956,64.987,73.372
209.750,46.140,64.987,73.372
211.111,46.412,64.987,73.372
211.928,46.140,64.987,73.372
213.289,45.867,64.987,73.372
214.106,45.595,64.987,73.372
214.922,46.412,64.987,73.372
215.739,46.140,64.987,73.372
216.011,45.867,64.987,73.372
215.739,45.051,64.987,73.372
216.011,45.323,64.987,73.372
215.195,45.051,64.987,73.372
214.922,44.778,64.987,73.372
215.195,45.051,64.987,73.372
213.289,44.234,64.987,73.372
212.472,44.506,64.987,73.372
211.656,44.778,64.987,73.372
210.294,45.051,64.987,73.372
208.389,43.689,64.987,73.372
206.483,44.506,64.987,73.372
203.222,43.412,66.424,74.995
201.274,42.577,66.424,74.995
199.327,42.299,66.424,74.995
195.153,41.464,66.424,74.995
193.762,41.186,66.424,74.995
189.588,40.351,66.424,74.995
186.527,40.073,66.424,74.995
183.466,39.238,66.424,74.995
179.849,39.516,66.424,74.995
176.788,39.238,66.424,74.995
173.170,38.403,66.424,74.995
169.553,38.125,66.424,74.995
165.379,37.290,66.424,74.995
161.762,37.012,66.424,74.995
158.701,36.734,66.424,74.995
155.084,37.569,66.424,74.995
151.466,36.734,66.424,74.995
147.293,36.456,66.424,74.995
144.232,36.177,66.424,74.995
142.284,35.899,66.424,74.995
138.667,36.734,66.424,74.995
135.049,36.456,66.424,74.995
133.101,36.177,66.424,74.995
130.041,35.899,66.424,74.995
127.536,36.734,66.424,74.995
124.475,36.456,66.424,74.995
122.528,36.734,66.424,74.995
120.023,36.456,66.424,74.995
119.189,36.734,66.424,74.995
117.241,37.012,66.424,74.995
115.849,35.621,66.424,74.995
113.902,37.012,66.424,74.995
113.623,36.177,66.424,74.995
111.676,35.899,66.424,74.995
112.510,37.847,66.424,74.995
110.006,35.899,66.424,74.995
111.954,37.847,66.424,74.995
111.119,36.456,66.424,74.995
112.510,37.847,66.424,74.995
111.119,36.456,66.424,74.995
113.067,37.847,66.424,74.995
114.458,38.125,66.424,74.995
113.623,36.177,66.424,74.995
115.571,37.012,66.424,74.995
116.962,36.734,66.424,74.995
118.354,37.569,66.424,74.995
118.632,36.177,66.424,74.995
120.580,37.012,66.424,74.995
121.971,37.290,66.424,74.995
123.919,37.569,66.424,74.995
125.310,38.960,66.424,74.995
126.145,38.682,66.424,74.995
128.093,37.847,66.424,74.995
130.041,39.238,66.424,74.995
131.432,38.960,66.424,74.995
132.267,40.908,66.424,74.995
134.214,40.629,66.424,74.995
135.606,41.464,66.424,74.995
134.771,40.629,66.424,74.995
136.719,42.021,66.424,74.995
136.997,41.186,66.424,74.995
138.388,42.021,66.424,74.995
135.884,40.629,66.424,74.995
138.388,42.577,66.424,74.995
136.440,41.742,66.424,74.995
137.832,43.134,66.424,74.995
136.997,42.299,66.424,74.995
137.832,43.134,66.424,74.995
134.771,41.742,66.424,74.995
135.049,43.690,66.424,74.995
131.988,42.299,66.424,74.995
134.038,44.440,65.008,73.396
129.408,42.533,65.008,73.396
128.046,44.984,65.008,73.396
124.506,43.078,65.008,73.396
122.055,44.440,65.008,73.396
118.515,44.712,65.008,73.396
115.520,45.529,65.008,73.396
111.435,44.712,65.008,73.396
107.895,46.074,65.008,73.396
103.810,45.257,65.008,73.396
100.269,46.618,65.008,73.396
96.185,47.980,65.008,73.396
91.555,47.163,65.008,73.396
87.470,47.980,65.008,73.396
82.841,48.252,65.008,73.396
78.756,48.524,65.008,73.396
74.671,49.341,65.008,73.396
70.586,49.069,65.008,73.396
66.501,48.797,65.008,73.396
63.506,50.158,65.008,73.396
60.510,48.797,65.008,73.396
58.059,50.158,65.008,73.396
55.865,49.104,63.622,71.831
56.801,51.154,62.265,70.299
53.410,49.850,62.265,70.299
53.671,51.154,62.265,70.299
50.801,49.328,62.265,70.299
52.627,51.154,62.265,70.299
50.280,49.850,62.265,70.299
52.106,50.632,62.265,70.299
52.888,49.328,62.265,70.299
52.106,50.632,62.265,70.299
53.931,50.893,62.265,70.299
54.714,50.111,62.265,70.299
55.496,51.415,62.265,70.299
56.801,50.632,62.265,70.299
58.626,51.415,62.265,70.299
59.931,51.154,62.265,70.299
61.756,52.458,62.265,70.299
63.582,51.154,62.265,70.299
65.930,52.458,62.265,70.299
68.277,51.676,62.265,70.299
71.146,52.980,62.265,70.299
74.015,53.762,62.265,70.299
76.885,54.023,62.265,70.299
79.754,54.284,62.265,70.299
82.623,54.545,62.265,70.299
86.014,53.762,62.265,70.299
89.926,54.545,62.265,70.299
93.317,54.806,62.265,70.299
97.230,55.588,62.265,70.299
100.099,56.371,62.265,70.299
102.968,56.631,62.265,70.299
105.837,57.414,62.265,70.299
108.184,57.675,62.265,70.299
111.054,58.979,62.265,70.299
112.879,59.761,62.265,70.299
114.705,60.022,62.265,70.299
116.531,60.805,62.265,70.299
118.357,61.066,62.265,70.299
120.183,61.326,62.265,70.299
120.965,61.587,62.265,70.299
122.886,61.080,60.937,68.800
123.652,62.356,60.937,68.800
123.907,62.101,60.937,68.800
124.673,62.356,60.937,68.800
123.907,63.122,60.937,68.800
124.163,62.867,60.937,68.800
122.886,64.143,60.937,68.800
123.652,63.377,60.937,68.800
121.865,63.633,60.937,68.800
122.120,64.398,60.937,68.800
120.333,63.122,60.937,68.800
120.078,63.377,60.937,68.800
118.802,64.143,60.937,68.800
119.568,64.398,60.937,68.800
118.291,65.164,60.937,68.800
117.525,64.909,60.937,68.800
117.781,66.185,60.937,68.800
118.184,66.181,59.637,67.333
117.435,67.430,59.637,67.333
118.184,67.180,59.637,67.333
117.935,67.929,59.637,67.333
119.683,67.680,59.637,67.333
119.434,67.430,59.637,67.333
120.183,66.680,59.637,67.333
120.433,67.430,59.637,67.333
122.182,67.180,59.637,67.333
124.503,67.176,58.366,65.897
125.726,67.420,58.366,65.897
127.526,67.887,57.121,64.491
129.201,68.126,57.121,64.491
130.876,67.887,57.121,64.491
133.508,67.648,57.121,64.491
135.662,66.930,57.121,64.491
138.294,67.169,57.121,64.491
140.926,67.408,57.121,64.491
144.515,65.733,57.121,64.491
147.148,66.930,57.121,64.491
150.258,66.691,57.121,64.491
153.848,66.451,57.121,64.491
158.394,66.212,57.121,64.491
161.983,66.930,57.121,64.491
165.094,66.691,57.121,64.491
168.683,66.451,57.121,64.491
172.751,66.212,57.121,64.491
176.340,67.408,57.121,64.491
179.451,66.212,57.121,64.491
182.562,67.408,57.121,64.491
185.672,65.733,57.121,64.491
188.305,66.451,57.121,64.491
190.458,65.733,57.121,64.491
193.090,65.973,57.121,64.491
194.765,66.212,57.121,64.491
197.397,66.451,57.121,64.491
199.072,65.255,57.121,64.491
200.269,65.494,57.121,64.491
201.465,65.733,57.121,64.491
203.140,65.973,57.121,64.491
203.858,66.212,57.121,64.491
205.054,65.973,57.121,64.491
204.815,66.212,57.121,64.491
205.533,65.973,57.121,64.491
205.294,65.733,57.121,64.491
205.054,65.494,57.121,64.491
204.337,64.776,57.121,64.491
204.097,65.016,57.121,64.491
202.901,65.255,57.121,64.491
202.662,64.537,57.121,64.491
201.465,64.298,57.121,64.491
199.790,63.580,57.121,64.491
198.115,63.819,57.121,64.491
195.483,63.101,57.121,64.491
193.808,62.862,57.121,64.491
192.133,62.144,57.121,64.491
189.022,61.905,57.121,64.491
186.390,61.187,57.121,64.491
184.237,60.469,57.121,64.491
181.126,59.273,57.121,64.491
177.763,58.311,58.385,65.918
175.562,57.088,58.385,65.918
172.382,56.354,58.385,65.918
169.692,56.110,58.385,65.918
167.002,55.865,58.385,65.918
163.822,56.110,58.385,65.918
161.132,55.376,58.385,65.918
159.420,55.132,58.385,65.918
157.708,54.887,58.385,65.918
155.996,55.132,58.385,65.918
153.305,54.398,58.385,65.918
151.391,53.922,59.677,67.377
149.641,53.672,59.677,67.377
148.891,53.422,59.677,67.377
148.141,53.172,59.677,67.377
147.391,53.922,59.677,67.377
146.141,53.172,59.677,67.377
146.391,53.422,59.677,67.377
145.141,52.672,59.677,67.377
145.891,52.922,59.677,67.377
145.641,52.672,59.677,67.377
145.891,52.922,59.677,67.377
146.641,53.172,59.677,67.377
146.891,53.422,59.677,67.377
147.009,52.418,60.997,68.867
146.599,51.921,62.346,70.391
146.722,51.413,63.726,71.949
147.402,49.786,65.136,73.540
148.766,48.968,65.136,73.540
150.131,48.695,65.136,73.540
150.826,48.164,66.577,75.168
152.220,47.328,66.577,75.168
153.057,47.049,66.577,75.168
155.009,45.654,66.577,75.168
155.719,44.533,68.050,76.831
157.715,44.248,68.050,76.831
159.710,43.393,68.050,76.831
161.706,42.538,68.050,76.831
163.701,41.683,68.050,76.831
165.697,40.257,68.050,76.831
167.692,40.543,68.050,76.831
168.418,39.397,69.556,78.531
170.458,39.105,69.556,78.531
172.497,38.231,69.556,78.531
173.954,37.940,69.556,78.531
174.696,37.373,71.095,80.268
176.781,36.480,71.095,80.268
178.270,36.182,71.095,80.268
179.029,35.603,72.667,82.044
179.942,34.690,72.667,82.044
180.855,34.386,72.667,82.044
181.768,34.690,72.667,82.044
182.073,34.386,72.667,82.044
182.377,34.690,72.667,82.044
182.073,33.777,72.667,82.044
182.377,33.472,72.667,82.044
179.994,32.881,74.275,83.859
179.061,32.569,74.275,83.859
178.127,31.636,74.275,83.859
175.691,31.677,75.919,85.715
174.101,30.723,75.919,85.715
172.511,30.405,75.919,85.715
170.285,30.723,75.919,85.715
166.787,30.405,75.919,85.715
163.288,30.723,75.919,85.715
160.426,29.769,75.919,85.715
156.928,28.814,75.919,85.715
152.157,28.496,75.919,85.715
147.028,27.878,77.598,87.611
143.452,26.903,77.598,87.611
139.877,26.578,77.598,87.611
135.001,27.553,77.598,87.611
130.432,26.921,79.315,89.549
126.778,26.589,79.315,89.549
123.787,26.257,79.315,89.549
120.797,25.924,79.315,89.549
117.807,26.257,79.315,89.549
115.481,25.260,79.315,89.549
113.155,25.592,79.315,89.549
111.494,25.924,79.315,89.549
109.168,26.257,79.315,89.549
108.171,26.589,79.315,89.549
107.174,26.921,79.315,89.549
106.177,27.918,79.315,89.549
105.845,28.915,79.315,89.549
105.513,29.912,79.315,89.549
105.181,30.908,79.315,89.549
106.177,31.241,79.315,89.549
106.510,32.237,79.315,89.549
106.842,33.234,79.315,89.549
107.839,34.231,79.315,89.549
109.500,35.228,79.315,89.549
109.832,36.224,79.315,89.549
110.829,38.550,79.315,89.549
111.826,38.882,79.315,89.549
113.632,40.158,77.624,87.640
113.958,40.483,77.624,87.640
113.632,40.808,77.624,87.640
115.400,40.175,75.968,85.771
115.082,40.494,75.968,85.771
114.127,40.812,75.968,85.771
113.809,41.766,75.968,85.771
114.127,41.448,75.968,85.771
112.536,41.130,75.968,85.771
112.218,40.812,75.968,85.771
111.494,42.033,74.348,83.942
109.937,42.344,74.348,83.942
109.003,42.656,74.348,83.942
107.445,42.344,74.348,83.942
105.265,43.902,74.348,83.942
105.157,43.896,72.763,82.152
103.024,45.420,72.763,82.152
100.280,45.115,72.763,82.152
98.147,46.030,72.763,82.152
96.013,46.335,72.763,82.152
93.270,46.639,72.763,82.152
91.136,47.554,72.763,82.152
88.680,46.961,71.211,80.400
86.592,48.452,71.211,80.400
83.907,48.751,71.211,80.400
80.626,50.242,71.211,80.400
79.948,50.812,69.693,78.685
78.721,51.370,68.206,77.007
76.721,52.798,68.206,77.007
74.721,53.084,68.206,77.007
72.721,53.941,68.206,77.007
70.721,54.227,68.206,77.007
69.292,54.513,68.206,77.007
67.292,53.655,68.206,77.007
67.193,54.201,66.752,75.365
66.354,55.040,66.752,75.365
65.515,55.320,66.752,75.365
65.958,54.237,65.328,73.758
65.137,55.058,65.328,73.758
65.410,55.331,65.328,73.758
64.589,54.510,65.328,73.758
64.863,54.784,65.328,73.758
65.137,55.058,65.328,73.758
65.958,55.331,65.328,73.758
66.779,54.510,65.328,73.758
67.600,55.331,65.328,73.758
69.615,54.799,63.935,72.185
70.954,55.602,63.935,72.185
73.365,55.870,63.935,72.185
75.239,56.138,63.935,72.185
77.650,55.335,63.935,72.185
80.596,56.138,63.935,72.185
83.542,55.870,63.935,72.185
87.024,57.209,63.935,72.185
91.041,56.941,63.935,72.185
93.988,56.674,63.935,72.185
98.541,58.013,63.935,72.185
102.558,57.209,63.935,72.185
106.576,58.013,63.935,72.185
110.593,57.745,63.935,72.185
114.610,58.548,63.935,72.185
119.164,58.281,63.935,72.185
122.645,58.548,63.935,72.185
127.198,58.816,63.935,72.185
130.720,59.328,62.572,70.646
134.127,59.590,62.572,70.646
138.059,60.376,62.572,70.646
140.942,60.114,62.572,70.646
143.826,60.376,62.572,70.646
146.709,60.638,62.572,70.646
150.116,60.901,62.572,70.646
151.951,60.114,62.572,70.646
154.310,60.376,62.572,70.646
156.669,60.638,62.572,70.646
159.029,60.901,62.572,70.646
161.970,60.896,61.237,69.139
163.859,61.880,59.931,67.665
165.616,61.127,59.931,67.665
166.871,61.378,59.931,67.665
168.127,61.629,59.931,67.665
169.884,61.880,59.931,67.665
170.637,61.127,59.931,67.665
171.390,61.378,59.931,67.665
172.646,61.629,59.931,67.665
172.897,62.382,59.931,67.665
173.650,62.131,59.931,67.665
173.901,61.880,59.931,67.665
174.654,61.629,59.931,67.665
174.905,62.382,59.931,67.665
175.156,62.131,59.931,67.665
175.910,61.880,59.931,67.665
175.658,61.629,59.931,67.665
175.407,61.880,59.931,67.665
176.161,61.127,59.931,67.665
175.910,60.876,59.931,67.665
175.658,59.621,59.931,67.665
174.905,59.872,59.931,67.665
174.654,58.617,59.931,67.665
173.399,58.868,59.931,67.665
173.650,57.110,59.931,67.665
171.390,56.859,59.931,67.665
172.144,55.604,59.931,67.665
169.884,55.855,59.931,67.665
168.629,54.098,59.931,67.665
166.871,53.846,59.931,67.665
166.620,52.591,59.931,67.665
164.361,52.842,59.931,67.665
164.612,51.587,59.931,67.665
161.348,52.340,59.931,67.665
160.946,51.852,61.257,69.162
159.867,51.353,59.951,67.687
157.901,51.386,61.278,69.184
157.645,50.616,61.278,69.184
157.901,50.359,61.278,69.184
155.078,49.589,61.278,69.184
155.848,49.846,61.278,69.184
156.618,50.102,61.278,69.184
155.334,48.819,61.278,69.184
155.591,49.589,61.278,69.184
155.334,48.819,61.278,69.184
155.591,49.075,61.278,69.184
156.361,48.305,61.278,69.184
155.591,48.562,61.278,69.184
156.875,48.305,61.278,69.184
157.131,48.562,61.278,69.184
158.415,48.819,61.278,69.184
159.698,48.562,61.278,69.184
160.982,48.305,61.278,69.184
162.265,48.049,61.278,69.184
162.919,47.017,62.633,70.715
164.756,47.804,62.633,70.715
166.592,46.492,62.633,70.715
168.429,46.230,62.633,70.715
170.790,45.443,62.633,70.715
172.003,44.933,64.019,72.280
174.417,44.128,64.019,72.280
176.212,43.607,65.435,73.879
178.680,41.688,65.435,73.879
181.695,41.414,65.435,73.879
184.710,41.688,65.435,73.879
187.725,40.317,65.435,73.879
189.561,39.785,66.883,75.513
192.083,37.823,66.883,75.513
194.604,37.543,66.883,75.513
196.480,37.580,68.363,77.184
199.058,36.721,68.363,77.184
201.635,36.434,68.363,77.184
204.213,35.575,68.363,77.184
205.536,35.018,69.876,78.892
208.171,34.726,69.876,78.892
210.220,34.433,69.876,78.892
212.269,35.311,69.876,78.892
213.732,34.433,69.876,78.892
215.196,34.140,69.876,78.892
215.489,33.847,69.876,78.892
216.367,34.140,69.876,78.892
215.290,32.964,71.422,80.637
213.794,33.263,71.422,80.637
214.692,34.161,71.422,80.637
211.999,33.263,71.422,80.637
212.896,34.759,71.422,80.637
209.605,32.665,71.422,80.637
207.511,34.759,71.422,80.637
204.818,32.665,71.422,80.637
203.322,34.759,71.422,80.637
200.031,32.665,71.422,80.637
198.535,34.759,71.422,80.637
194.646,33.263,71.422,80.637
191.355,34.161,71.422,80.637
186.867,33.263,71.422,80.637
182.977,32.365,71.422,80.637
179.686,33.263,71.422,80.637
175.198,32.365,71.422,80.637
171.309,32.665,71.422,80.637
166.223,32.365,71.422,80.637
161.735,31.468,71.422,80.637
157.247,32.365,71.422,80.637
152.161,30.869,71.422,80.637
147.074,30.570,71.422,80.637
141.988,31.468,71.422,80.637
136.902,30.570,71.422,80.637
131.816,30.869,71.422,80.637
126.730,29.972,71.422,80.637
122.242,31.468,71.422,80.637
117.754,31.767,71.422,80.637
113.266,31.468,71.422,80.637
109.376,33.562,71.422,80.637
104.889,33.263,71.422,80.637
101.597,34.161,71.422,80.637
97.708,33.263,71.422,80.637
96.212,35.357,71.422,80.637
93.519,33.861,71.422,80.637
90.827,34.759,71.422,80.637
92.323,36.853,71.422,80.637
87.835,34.161,71.422,80.637
89.331,37.452,71.422,80.637
85.441,34.759,71.422,80.637
86.937,38.050,71.422,80.637
83.646,35.357,71.422,80.637
88.156,38.813,69.898,78.918
84.350,36.763,69.898,78.918
87.571,39.398,69.898,78.918
88.449,41.448,69.898,78.918
86.400,38.813,69.898,78.918
90.814,42.194,68.408,77.235
94.029,43.846,66.949,75.588
92.066,42.444,66.949,75.588
95.151,45.529,66.949,75.588
98.298,47.146,65.521,73.976
100.848,49.257,64.124,72.398
101.117,50.063,64.124,72.398
102.460,50.332,64.124,72.398
101.117,48.989,64.124,72.398
104.072,51.406,64.124,72.398
104.340,50.063,64.124,72.398
105.683,51.944,64.124,72.398
103.266,50.063,64.124,72.398
105.683,51.406,64.124,72.398
103.266,49.526,64.124,72.398
105.146,50.332,64.124,72.398
103.266,48.989,64.124,72.398
104.072,51.406,64.124,72.398
101.654,49.526,64.124,72.398
101.385,50.869,64.124,72.398
100.580,51.138,64.124,72.398
98.162,50.332,64.124,72.398
97.356,51.138,64.124,72.398
95.476,51.406,64.124,72.398
92.521,51.138,64.124,72.398
90.103,52.481,64.124,72.398
87.686,51.138,64.124,72.398
84.194,53.018,64.124,72.398
81.776,53.824,64.124,72.398
77.747,53.555,64.124,72.398
74.792,54.361,64.124,72.398
72.110,53.839,62.757,70.854
69.744,56.730,62.757,70.854
67.119,56.726,61.418,69.343
63.774,58.527,61.418,69.343
60.429,58.269,61.418,69.343
57.599,59.041,61.418,69.343
55.284,58.784,61.418,69.343
52.968,60.585,61.418,69.343
50.653,59.813,61.418,69.343
50.395,61.100,61.418,69.343
48.080,59.299,61.418,69.343
49.479,61.278,60.109,67.864
47.212,60.019,60.109,67.864
49.067,60.500,58.827,66.417
49.932,60.970,57.572,65.001
49.690,62.176,57.572,65.001
50.896,60.488,57.572,65.001
51.010,62.021,58.846,66.439
52.825,61.066,57.591,65.022
54.602,61.527,56.363,63.636
55.783,61.291,56.363,63.636
57.435,61.055,56.363,63.636
59.560,62.235,56.363,63.636
62.158,61.055,56.363,63.636
64.755,62.708,56.363,63.636
68.296,61.999,56.363,63.636
71.838,62.708,56.363,63.636
75.380,61.999,56.363,63.636
79.866,62.708,56.363,63.636
83.880,62.471,56.363,63.636
88.838,62.708,56.363,63.636
93.324,63.416,56.363,63.636
99.227,63.652,56.363,63.636
103.713,63.888,56.363,63.636
108.199,64.124,56.363,63.636
112.213,64.833,56.363,63.636
116.227,65.069,56.363,63.636
119.768,65.305,56.363,63.636
123.310,64.596,56.363,63.636
125.907,65.305,56.363,63.636
128.504,64.596,56.363,63.636
131.101,64.833,56.363,63.636
133.226,65.069,56.363,63.636
135.351,65.305,56.363,63.636
137.004,64.596,56.363,63.636
138.185,65.305,56.363,63.636
139.365,65.069,56.363,63.636
140.546,65.777,56.363,63.636
141.254,66.013,56.363,63.636
140.546,65.777,56.363,63.636
140.782,65.541,56.363,63.636
140.074,65.305,56.363,63.636
137.949,64.596,56.363,63.636
137.240,65.305,56.363,63.636
135.588,64.596,56.363,63.636
134.407,64.833,56.363,63.636
131.338,64.596,56.363,63.636
129.213,64.360,56.363,63.636
126.143,63.652,56.363,63.636
122.602,63.416,56.363,63.636
120.004,62.708,56.363,63.636
115.518,62.944,56.363,63.636
111.977,62.235,56.363,63.636
107.963,60.583,56.363,63.636
103.949,60.819,56.363,63.636
99.463,59.166,56.363,63.636
94.185,58.707,57.610,65.044
90.082,57.500,57.610,65.044
85.980,56.776,57.610,65.044
81.394,57.018,57.610,65.044
77.774,55.328,57.610,65.044
73.672,56.052,57.610,65.044
70.534,54.846,57.610,65.044
66.914,55.570,57.610,65.044
62.812,54.363,57.610,65.044
59.674,53.639,57.610,65.044
56.784,53.670,58.885,66.483
54.564,52.437,58.885,66.483
52.344,52.190,58.885,66.483
50.124,52.930,58.885,66.483
48.397,51.697,58.885,66.483
49.137,52.437,58.885,66.483
45.930,50.710,58.885,66.483
47.657,51.944,58.885,66.483
46.917,51.204,58.885,66.483
47.657,52.437,58.885,66.483
47.903,50.710,58.885,66.483
49.137,52.437,58.885,66.483
47.903,50.710,58.885,66.483
50.617,51.944,58.885,66.483
51.850,52.190,58.885,66.483
53.577,51.944,58.885,66.483
55.304,51.697,58.885,66.483
57.524,51.450,58.885,66.483
59.744,50.710,58.885,66.483
62.950,51.450,58.885,66.483
66.157,50.217,58.885,66.483
69.364,51.944,58.885,66.483
72.571,49.724,58.885,66.483
75.777,48.984,58.885,66.483
79.478,48.737,58.885,66.483
83.178,48.984,58.885,66.483
86.878,48.737,58.885,66.483
91.071,47.997,58.885,66.483
94.771,49.230,58.885,66.483
98.965,49.477,58.885,66.483
102.171,47.750,58.885,66.483
105.378,49.477,58.885,66.483
108.585,48.737,58.885,66.483
111.792,49.477,58.885,66.483
114.998,49.230,58.885,66.483
116.650,49.263,60.187,67.954
117.816,47.726,61.519,69.457
118.472,47.225,62.880,70.994
119.689,45.620,64.271,72.564
121.574,46.428,64.271,72.564
122.920,45.620,64.271,72.564
123.728,45.889,64.271,72.564
125.074,44.005,64.271,72.564
125.882,44.274,64.271,72.564
126.151,43.466,64.271,72.564
126.959,42.658,64.271,72.564
126.689,42.389,64.271,72.564
126.258,41.307,65.693,74.170
124.882,39.931,65.693,74.170
125.707,39.105,65.693,74.170
124.882,39.381,65.693,74.170
124.607,38.555,65.693,74.170
123.231,38.280,65.693,74.170
121.855,36.904,65.693,74.170
121.579,36.629,65.693,74.170
119.653,35.803,65.693,74.170
118.827,34.978,65.693,74.170
117.452,33.602,65.693,74.170
114.726,34.780,67.147,75.811
114.445,33.373,67.147,75.811
113.038,33.092,67.147,75.811
112.757,33.936,67.147,75.811
111.351,33.092,67.147,75.811
112.195,33.373,67.147,75.811
111.351,31.404,67.147,75.811
107.981,33.192,68.632,77.488
109.994,31.755,68.632,77.488
108.557,32.042,68.632,77.488
110.569,31.180,68.632,77.488
107.722,32.410,70.151,79.203
110.367,30.941,70.151,79.203
111.836,30.647,70.151,79.203
112.718,31.529,70.151,79.203
114.187,30.647,70.151,79.203
116.832,30.941,70.151,79.203
118.889,30.059,70.151,79.203
121.534,30.941,70.151,79.203
124.178,31.235,70.151,79.203
127.999,32.116,70.151,79.203
130.576,32.765,71.703,80.955
135.683,33.065,71.703,80.955
138.318,33.104,73.290,82.746
144.765,33.411,73.290,82.746
149.370,33.718,73.290,82.746
154.589,33.411,73.290,82.746
159.809,33.718,73.290,82.746
165.028,33.411,73.290,82.746
170.247,34.333,73.290,82.746
174.852,34.640,73.290,82.746
178.844,33.718,73.290,82.746
182.221,34.640,73.290,82.746
186.212,34.947,73.290,82.746
189.589,35.868,73.290,82.746
191.738,36.789,73.290,82.746
194.501,37.710,73.290,82.746
196.651,38.631,73.290,82.746
198.186,40.166,73.290,82.746
200.949,42.315,73.290,82.746
201.870,44.464,73.290,82.746
203.405,47.227,73.290,82.746
203.098,49.990,73.290,82.746
204.019,47.841,73.290,82.746
204.326,51.832,73.290,82.746
204.019,49.683,73.290,82.746
204.326,53.060,73.290,82.746
203.405,50.297,73.290,82.746
202.484,53.060,73.290,82.746
201.563,49.683,73.290,82.746
201.870,52.446,73.290,82.746
200.335,49.069,73.290,82.746
202.484,51.832,73.290,82.746
199.721,52.753,73.290,82.746
198.800,49.376,73.290,82.746
201.653,52.922,71.727,80.982
198.948,55.025,71.727,80.982
202.320,57.337,70.197,79.255
199.673,55.278,70.197,79.255
202.406,58.107,68.700,77.565
199.815,54.942,68.700,77.565
202.406,56.956,68.700,77.565
201.542,54.366,68.700,77.565
204.132,56.381,68.700,77.565
206.722,57.244,68.700,77.565
206.068,54.465,67.235,75.910
209.166,57.000,67.235,75.910
211.138,58.971,67.235,75.910
214.298,61.138,65.801,74.292
215.797,60.071,64.398,72.707
218.764,62.498,64.398,72.707
221.192,63.847,64.398,72.707
223.080,64.117,64.398,72.707
225.508,65.466,64.398,72.707
229.055,67.021,63.025,71.157
232.526,69.052,61.681,69.639
233.818,66.727,61.681,69.639
235.627,69.569,61.681,69.639
237.436,72.411,61.681,69.639
237.177,70.086,61.681,69.639
237.952,71.895,61.681,69.639
236.660,68.536,61.681,69.639
236.919,71.378,61.681,69.639
235.110,68.019,61.681,69.639
235.885,70.861,61.681,69.639
233.043,68.019,61.681,69.639
231.751,69.827,61.681,69.639
228.909,68.536,61.681,69.639
226.583,70.344,61.681,69.639
223.741,69.052,61.681,69.639
219.865,70.344,61.681,69.639
216.506,71.119,61.681,69.639
212.114,68.277,61.681,69.639
207.721,70.086,61.681,69.639
202.295,68.277,61.681,69.639
197.903,70.086,61.681,69.639
191.960,68.277,61.681,69.639
186.534,69.569,61.681,69.639
181.624,67.760,61.681,69.639
176.198,66.468,61.681,69.639
170.772,67.244,61.681,69.639
165.346,64.918,61.681,69.639
162.766,66.906,60.365,68.154
156.950,65.136,60.365,68.154
152.651,65.894,60.365,68.154
147.847,63.619,60.365,68.154
143.548,62.354,60.365,68.154
139.755,62.607,60.365,68.154
135.961,60.331,60.365,68.154
133.180,61.596,60.365,68.154
129.892,60.331,60.365,68.154
126.605,61.596,60.365,68.154
123.318,60.331,60.365,68.154
120.536,61.596,60.365,68.154
117.249,59.825,60.365,68.154
115.479,60.584,60.365,68.154
112.697,60.331,60.365,68.154
110.927,60.584,60.365,68.154
109.157,58.814,60.365,68.154
107.387,58.055,60.365,68.154
105.111,57.297,60.365,68.154
103.846,56.538,60.365,68.154
102.076,54.768,60.365,68.154
100.812,55.527,60.365,68.154
98.536,54.768,60.365,68.154
96.260,55.527,60.365,68.154
94.490,54.768,60.365,68.154
91.708,55.021,60.365,68.154
89.432,53.756,60.365,68.154
87.157,52.492,60.365,68.154
85.386,50.722,60.365,68.154
83.111,51.481,60.365,68.154
81.340,51.228,60.365,68.154
79.065,52.492,60.365,68.154
77.085,52.525,61.701,69.662
73.989,53.095,63.066,71.204
70.824,51.485,64.461,72.779
67.590,51.521,65.888,74.389
65.106,51.245,65.888,74.389
63.174,52.073,65.888,74.389
61.242,52.349,65.888,74.389
58.758,51.521,65.888,74.389
55.721,52.349,65.888,74.389
53.237,53.177,65.888,74.389
50.201,54.005,65.888,74.389
47.165,54.833,65.888,74.389
44.129,55.661,65.888,74.389
41.645,56.489,65.888,74.389
38.609,57.317,65.888,74.389
35.573,57.041,65.888,74.389
33.089,58.421,65.888,74.389
30.605,58.697,65.888,74.389
28.121,59.525,65.888,74.389
26.189,59.801,65.888,74.389
24.257,60.077,65.888,74.389
