58.000,100.000,28.000,23.000
60.106,99.499,28.000,23.000
61.610,100.201,28.000,23.000
62.512,100.301,28.000,23.000
62.613,100.401,28.000,23.000
64.317,101.103,28.000,23.000
67.025,101.203,28.000,23.000
68.328,101.705,28.000,23.000
70.434,102.808,28.000,23.000
70.534,103.108,28.000,23.000
70.835,102.808,28.000,23.000
72.540,104.312,28.000,23.000
71.637,104.211,28.000,23.000
70.534,104.512,28.000,23.000
69.431,105.214,28.000,23.000
70.334,104.713,28.000,23.000
69.431,105.615,28.000,23.000
68.729,105.916,28.000,23.000
67.025,106.819,28.000,23.000
67.526,106.919,28.000,23.000
66.423,107.420,28.000,23.000
66.724,107.520,28.000,23.000
66.022,108.022,28.000,23.000
68.128,107.721,28.000,23.000
70.033,108.623,28.000,23.000
69.933,108.323,28.000,23.000
72.840,108.222,28.000,23.000
76.551,108.523,28.000,23.000
80.862,109.025,28.000,23.000
85.976,108.122,28.000,23.000
89.887,108.623,28.000,23.000
91.391,109.325,28.000,23.000
93.697,109.426,28.000,23.000
92.995,109.526,28.000,23.000
94.499,110.228,28.000,23.000
96.405,110.128,28.000,23.000
97.307,110.428,28.000,23.000
97.207,110.729,28.000,23.000
98.310,111.231,28.000,23.000
99.814,110.930,28.000,23.000
100.716,111.832,28.000,23.000
100.416,111.331,28.000,23.000
102.722,111.431,28.000,23.000
103.424,111.531,28.000,23.000
105.529,111.632,28.000,23.000
105.830,111.933,28.000,23.000
106.131,112.233,28.000,23.000
108.036,109.726,28.000,23.000
109.741,107.621,28.000,23.000
109.440,107.520,28.000,23.000
111.546,105.214,28.000,23.000
112.047,102.707,28.000,23.000
114.153,101.203,28.000,23.000
116.459,98.897,28.000,23.000
118.364,98.195,28.000,23.000
118.465,97.493,28.000,23.000
120.169,96.591,28.000,23.000
121.473,97.293,28.000,23.000
123.378,97.593,28.000,23.000
124.481,98.295,28.000,23.000
124.581,97.794,28.000,23.000
124.682,98.496,28.000,23.000
125.584,98.195,28.000,23.000
127.088,98.496,28.000,23.000
128.793,98.797,28.000,23.000
128.492,99.098,28.000,23.000
130.397,98.396,28.000,23.000
131.901,99.098,28.000,23.000
132.603,99.198,28.000,23.000
133.305,99.298,28.000,23.000
135.611,99.799,28.000,23.000
135.110,100.301,28.000,23.000
136.815,99.599,28.000,23.000
137.918,100.100,28.000,23.000
139.422,99.198,28.000,23.000
141.728,99.499,28.000,23.000
142.430,100.201,28.000,23.000
143.132,99.699,28.000,23.000
144.636,100.802,28.000,23.000
145.939,101.304,28.000,23.000
147.845,100.401,28.000,23.000
149.549,101.304,28.000,23.000
151.053,101.404,28.000,23.000
151.555,101.504,28.000,23.000
152.858,101.805,28.000,23.000
154.563,102.908,28.000,23.000
154.864,103.008,28.000,23.000
156.568,102.106,28.000,23.000
157.872,102.407,28.000,23.000
159.977,102.908,28.000,23.000
159.877,103.209,28.000,23.000
161.181,102.707,28.000,23.000
162.685,103.409,28.000,23.000
162.986,102.908,28.000,23.000
165.091,103.610,28.000,23.000
164.991,103.108,28.000,23.000
166.495,102.808,28.000,23.000
168.801,103.911,28.000,23.000
169.503,104.412,28.000,23.000
170.406,103.911,28.000,23.000
171.308,104.613,28.000,23.000
172.812,104.312,28.000,23.000
173.715,104.613,28.000,23.000
175.018,105.314,28.000,23.000
175.319,105.014,28.000,23.000
177.024,105.515,28.000,23.000
177.726,106.618,28.000,23.000
178.027,107.320,28.000,23.000
178.929,107.621,28.000,23.000
179.230,107.922,28.000,23.000
179.531,108.222,28.000,23.000
179.230,107.520,28.000,23.000
180.533,108.623,28.000,23.000
180.634,109.325,28.000,23.000
181.336,109.626,28.000,23.000
182.639,110.529,28.000,23.000
182.138,110.228,28.000,23.000
183.040,110.729,28.000,23.000
183.742,111.832,28.000,23.000
183.441,112.334,28.000,23.000
183.943,111.832,28.000,23.000
183.642,112.735,28.000,23.000
182.940,113.236,28.000,23.000
183.642,114.139,28.000,23.000
183.140,114.840,28.000,23.000
183.842,115.743,28.000,23.000
183.140,116.044,28.000,23.000
183.642,116.345,28.000,23.000
182.338,118.250,28.000,23.000
183.441,118.952,28.000,23.000
191.964,122.461,28.000,23.000
192.940,123.576,27.403,22.510
192.002,123.343,26.819,22.029
191.330,124.784,26.819,22.029
190.081,124.112,26.819,22.029
189.985,124.784,26.819,22.029
189.505,124.112,26.819,22.029
189.025,123.824,26.819,22.029
189.505,122.959,26.819,22.029
188.833,122.863,26.819,22.029
187.584,123.535,26.819,22.029
186.144,122.671,26.819,22.029
184.319,123.920,26.819,22.029
184.799,123.439,26.819,22.029
183.935,124.688,26.819,22.029
182.686,124.016,26.819,22.029
180.669,125.264,26.819,22.029
179.036,126.129,26.819,22.029
178.172,125.648,26.819,22.029
177.308,125.168,26.819,22.029
175.867,125.648,26.819,22.029
175.387,124.784,26.819,22.029
173.197,125.238,27.412,22.517
171.528,126.514,27.412,22.517
171.823,125.630,27.412,22.517
169.368,126.121,27.412,22.517
168.092,127.005,27.412,22.517
166.031,125.925,27.412,22.517
164.362,125.041,27.412,22.517
162.124,123.265,28.018,23.015
162.224,122.362,28.018,23.015
160.317,120.455,28.018,23.015
158.238,117.806,28.638,23.524
156.084,115.242,28.638,23.524
154.135,112.063,28.638,23.524
151.982,110.319,28.638,23.524
151.879,109.396,28.638,23.524
149.315,107.653,28.638,23.524
146.956,105.909,28.638,23.524
143.777,104.781,28.638,23.524
143.264,104.884,28.638,23.524
141.521,103.551,28.638,23.524
139.777,102.012,28.638,23.524
137.418,100.884,28.638,23.524
138.136,100.576,28.638,23.524
136.393,99.243,28.638,23.524
134.854,98.730,28.638,23.524
132.906,98.833,28.638,23.524
131.367,98.320,28.638,23.524
131.880,97.807,28.638,23.524
129.726,98.320,28.638,23.524
127.368,97.397,28.638,23.524
126.445,97.500,28.638,23.524
126.547,97.602,28.638,23.524
125.214,97.294,28.638,23.524
123.265,96.577,28.638,23.524
123.573,97.089,28.638,23.524
122.240,96.782,28.638,23.524
120.496,95.859,28.638,23.524
118.958,95.346,28.638,23.524
116.804,94.218,28.638,23.524
114.445,95.141,28.638,23.524
115.163,94.833,28.638,23.524
112.599,94.320,28.638,23.524
110.650,93.397,28.638,23.524
110.753,93.705,28.638,23.524
107.369,93.807,28.638,23.524
106.035,93.705,28.638,23.524
104.087,93.602,28.638,23.524
102.753,93.090,28.638,23.524
101.010,92.987,28.638,23.524
100.292,92.064,28.638,23.524
100.600,92.577,28.638,23.524
99.266,91.243,28.638,23.524
97.933,90.526,28.638,23.524
96.600,90.423,28.638,23.524
96.497,89.705,28.638,23.524
96.600,90.423,28.638,23.524
95.677,89.090,28.638,23.524
95.369,90.013,28.638,23.524
93.831,88.680,28.638,23.524
93.523,88.372,28.638,23.524
93.010,87.244,28.638,23.524
90.857,86.321,28.638,23.524
89.318,85.808,28.638,23.524
88.395,86.526,28.638,23.524
88.703,86.013,28.638,23.524
86.344,86.526,28.638,23.524
84.601,85.193,28.638,23.524
83.472,84.885,28.638,23.524
81.524,84.167,28.638,23.524
82.037,84.885,28.638,23.524
80.088,83.962,28.638,23.524
80.806,84.680,28.638,23.524
78.857,83.552,28.638,23.524
86.549,85.295,28.638,23.524
88.703,85.808,28.638,23.524
87.575,86.321,28.638,23.524
86.652,84.782,28.638,23.524
86.139,85.090,28.638,23.524
85.626,85.398,28.638,23.524
85.113,83.654,28.638,23.524
83.370,82.526,28.638,23.524
85.934,83.244,28.638,23.524
84.806,81.500,28.638,23.524
83.267,80.988,28.638,23.524
82.344,80.475,28.638,23.524
81.831,79.757,28.638,23.524
81.114,79.859,28.638,23.524
79.780,79.142,28.638,23.524
78.857,79.039,28.638,23.524
79.575,79.552,28.638,23.524
79.062,78.219,28.638,23.524
78.139,78.116,28.638,23.524
77.216,76.988,28.638,23.524
76.293,76.065,28.638,23.524
77.216,76.783,28.638,23.524
76.088,75.860,28.638,23.524
74.345,74.732,28.638,23.524
73.217,74.424,28.638,23.524
71.883,73.296,28.638,23.524
73.011,74.219,28.638,23.524
72.294,75.142,28.638,23.524
72.806,73.398,28.638,23.524
71.883,72.270,28.638,23.524
72.601,71.962,28.638,23.524
73.319,72.270,28.638,23.524
72.191,70.527,28.638,23.524
72.499,70.834,28.638,23.524
71.781,69.911,28.638,23.524
70.447,69.398,28.638,23.524
71.370,68.475,28.638,23.524
70.242,68.168,28.638,23.524
70.755,69.296,28.638,23.524
69.422,67.552,28.638,23.524
70.345,68.065,28.638,23.524
68.807,66.937,28.638,23.524
67.678,66.014,28.638,23.524
68.601,65.501,28.638,23.524
68.089,64.783,28.638,23.524
67.371,65.091,28.638,23.524
68.294,64.578,28.638,23.524
67.371,63.450,28.638,23.524
67.883,63.758,28.638,23.524
67.166,63.040,28.638,23.524
68.089,63.553,28.638,23.524
67.371,62.219,28.638,23.524
67.883,62.322,28.638,23.524
67.166,61.194,28.638,23.524
67.063,61.091,28.638,23.524
66.550,59.963,28.638,23.524
67.268,59.040,28.638,23.524
66.550,58.527,28.638,23.524
67.268,58.014,28.638,23.524
66.345,58.527,28.638,23.524
66.243,57.194,28.638,23.524
65.320,57.912,28.638,23.524
65.217,56.374,28.638,23.524
64.499,55.040,28.638,23.524
65.422,55.963,28.638,23.524
64.909,54.630,28.638,23.524
64.191,53.502,28.638,23.524
65.320,52.989,28.638,23.524
65.012,53.707,28.638,23.524
64.499,52.579,28.638,23.524
65.627,52.271,28.638,23.524
65.438,51.632,28.028,23.023
65.940,52.134,28.028,23.023
65.438,51.432,28.028,23.023
66.141,52.134,28.028,23.023
65.238,50.829,28.028,23.023
66.342,51.130,28.028,23.023
66.041,49.826,28.028,23.023
65.082,49.200,27.430,22.532
65.769,50.084,27.430,22.532
65.210,48.905,26.845,22.051
64.152,48.232,26.845,22.051
64.825,48.712,26.845,22.051
63.768,47.270,26.845,22.051
64.441,48.135,26.845,22.051
63.191,47.462,26.845,22.051
61.749,46.790,26.845,22.051
61.845,45.732,26.845,22.051
61.364,45.251,26.845,22.051
61.076,45.924,26.845,22.051
60.980,44.675,26.845,22.051
60.803,45.373,26.272,21.581
60.144,44.338,26.272,21.581
59.862,44.808,26.272,21.581
59.203,43.773,26.272,21.581
60.050,44.056,26.272,21.581
59.391,44.150,26.272,21.581
58.545,43.679,26.272,21.581
58.639,44.526,26.272,21.581
57.980,43.303,26.272,21.581
56.757,42.268,26.272,21.581
56.098,42.174,26.272,21.581
55.251,41.139,26.272,21.581
54.781,40.480,26.272,21.581
54.311,40.951,26.272,21.581
53.652,39.916,26.272,21.581
53.370,40.198,26.272,21.581
51.958,39.916,26.272,21.581
44.712,37.879,25.712,21.121
42.594,38.523,25.712,21.121
41.359,37.950,25.164,20.670
40.188,38.941,25.164,20.670
41.064,38.380,24.627,20.229
39.918,39.174,24.627,20.229
38.565,38.624,24.102,19.798
39.072,39.251,23.588,19.376
37.636,38.660,23.588,19.376
38.058,39.251,23.588,19.376
36.453,38.491,23.588,19.376
37.044,38.913,23.588,19.376
35.946,38.322,23.588,19.376
35.693,39.082,23.588,19.376
36.115,38.829,23.588,19.376
35.524,38.576,23.588,19.376
35.777,39.674,23.588,19.376
34.172,40.434,23.588,19.376
33.919,41.025,23.588,19.376
32.821,40.434,23.588,19.376
31.891,41.363,23.588,19.376
32.876,40.674,23.085,18.963
32.628,41.914,23.085,18.963
31.222,42.989,23.085,18.963
29.982,43.568,23.085,18.963
29.899,42.989,23.085,18.963
30.478,43.733,23.085,18.963
30.726,43.485,23.085,18.963
30.809,44.229,23.085,18.963
30.892,44.642,23.085,18.963
30.478,45.552,23.085,18.963
30.561,44.808,23.085,18.963
29.982,45.717,23.085,18.963
28.742,46.130,23.085,18.963
29.321,45.386,23.085,18.963
28.246,46.626,23.085,18.963
28.763,45.645,23.596,19.382
27.833,47.081,23.596,19.382
28.763,46.490,23.596,19.382
29.354,47.588,23.596,19.382
29.777,48.518,23.596,19.382
29.428,47.514,24.118,19.811
28.651,49.155,24.118,19.811
27.528,50.105,24.118,19.811
26.923,51.056,24.118,19.811
27.182,51.833,24.118,19.811
27.787,51.056,24.118,19.811
26.837,52.351,24.118,19.811
27.096,53.819,24.118,19.811
27.355,53.733,24.118,19.811
27.269,55.201,24.118,19.811
27.182,56.324,24.118,19.811
26.857,56.286,23.604,19.389
27.516,57.551,23.100,18.975
27.268,56.807,23.100,18.975
26.688,58.544,23.100,18.975
26.440,58.958,23.100,18.975
26.192,59.371,23.100,18.975
25.944,58.627,23.100,18.975
26.854,59.868,23.100,18.975
26.440,60.778,23.100,18.975
26.192,61.191,23.100,18.975
25.944,60.612,23.100,18.975
26.804,59.973,23.611,19.395
15.558,58.705,23.611,19.395
16.150,59.466,23.611,19.395
16.328,57.936,24.134,19.824
15.612,58.703,24.668,20.263
16.164,58.937,25.213,20.711
16.435,59.930,25.213,20.711
17.067,60.562,25.213,20.711
17.338,60.291,25.213,20.711
17.609,60.020,25.213,20.711
18.602,61.194,25.213,20.711
19.234,60.923,25.213,20.711
19.866,62.097,25.213,20.711
20.498,62.548,25.213,20.711
20.589,61.555,25.213,20.711
21.401,62.368,25.213,20.711
22.033,62.819,25.213,20.711
22.665,63.993,25.213,20.711
23.297,64.445,25.213,20.711
22.665,63.451,25.213,20.711
23.839,64.445,25.213,20.711
24.832,65.438,25.213,20.711
25.826,66.431,25.213,20.711
24.832,65.980,25.213,20.711
25.645,66.973,25.213,20.711
25.916,67.244,25.213,20.711
24.742,66.250,25.213,20.711
26.097,67.063,25.213,20.711
26.367,68.237,25.213,20.711
27.361,68.147,25.213,20.711
27.812,68.418,25.213,20.711
28.805,69.050,25.213,20.711
29.618,70.043,25.213,20.711
30.250,70.855,25.213,20.711
30.701,71.307,25.213,20.711
30.972,70.133,25.213,20.711
32.146,71.849,25.213,20.711
33.501,72.481,25.213,20.711
33.952,71.849,25.213,20.711
34.404,73.203,25.213,20.711
35.577,73.113,25.213,20.711
36.209,74.106,25.213,20.711
36.661,74.919,25.213,20.711
36.932,74.467,25.213,20.711
37.022,74.738,25.213,20.711
37.654,75.551,25.213,20.711
38.828,76.183,25.213,20.711
39.641,76.092,25.213,20.711
39.731,77.086,25.213,20.711
40.182,76.815,25.213,20.711
40.453,76.905,25.213,20.711
41.266,77.537,25.213,20.711
42.078,77.627,25.213,20.711
41.988,77.718,25.213,20.711
42.801,78.350,25.213,20.711
44.697,78.260,25.213,20.711
45.871,79.072,25.213,20.711
46.322,79.885,25.213,20.711
46.954,80.517,25.213,20.711
47.767,80.065,25.213,20.711
49.483,81.059,25.213,20.711
50.476,81.510,25.213,20.711
50.386,80.517,25.213,20.711
51.379,81.330,25.213,20.711
52.553,81.781,25.213,20.711
53.726,82.774,25.213,20.711
54.178,82.865,25.213,20.711
54.449,83.316,25.213,20.711
55.261,83.045,25.213,20.711
56.255,84.219,25.213,20.711
56.345,83.406,25.213,20.711
57.338,84.219,25.213,20.711
58.331,84.670,25.213,20.711
59.144,85.483,25.213,20.711
59.595,85.573,25.213,20.711
60.047,85.664,25.213,20.711
60.679,86.296,25.213,20.711
62.214,85.844,25.213,20.711
62.846,87.199,25.213,20.711
64.722,87.438,25.771,21.169
64.076,87.899,25.771,21.169
65.276,88.730,25.771,21.169
66.660,89.191,25.771,21.169
67.490,89.284,25.771,21.169
69.798,89.930,25.771,21.169
70.444,90.391,25.771,21.169
72.197,90.668,25.771,21.169
71.920,90.945,25.771,21.169
72.751,90.668,25.771,21.169
74.320,92.237,25.771,21.169
76.443,92.145,25.771,21.169
76.720,92.237,25.771,21.169
77.366,92.883,25.771,21.169
79.673,93.898,25.771,21.169
80.319,94.544,25.771,21.169
82.811,94.821,25.771,21.169
83.826,95.652,25.771,21.169
83.918,95.375,25.771,21.169
85.672,95.836,25.771,21.169
86.872,96.482,25.771,21.169
88.441,95.836,25.771,21.169
89.087,96.482,25.771,21.169
90.286,96.575,25.771,21.169
92.040,96.852,25.771,21.169
93.424,97.498,25.771,21.169
94.070,97.036,25.771,21.169
94.901,96.944,25.771,21.169
96.052,96.997,26.341,21.638
98.599,97.657,26.341,21.638
98.316,98.318,26.341,21.638
100.863,98.035,26.341,21.638
101.712,97.563,26.341,21.638
103.127,98.412,26.341,21.638
105.674,98.884,26.341,21.638
106.851,98.155,26.924,22.116
107.253,98.811,27.520,22.606
108.535,98.318,27.520,22.606
110.801,99.402,27.520,22.606
114.251,100.486,27.520,22.606
115.729,100.782,27.520,22.606
116.222,99.895,27.520,22.606
118.094,100.782,27.520,22.606
119.119,101.452,28.129,23.106
120.429,100.545,28.129,23.106
121.894,101.021,28.751,23.617
121.997,101.536,28.751,23.617
123.281,100.527,29.387,24.140
125.468,101.024,30.037,24.674
127.727,100.917,30.037,24.674
127.189,100.809,30.037,24.674
129.448,100.702,30.037,24.674
131.707,100.379,30.037,24.674
132.675,100.056,30.037,24.674
132.782,100.809,30.037,24.674
135.041,100.271,30.037,24.674
137.300,99.518,30.037,24.674
139.559,99.841,30.037,24.674
141.388,100.379,30.037,24.674
142.141,99.626,30.037,24.674
144.615,100.164,30.037,24.674
147.304,99.196,30.037,24.674
150.639,100.164,30.037,24.674
152.683,99.626,30.037,24.674
153.005,100.594,30.037,24.674
155.049,99.841,30.037,24.674
156.663,101.024,30.037,24.674
158.276,100.271,30.037,24.674
160.320,99.303,30.037,24.674
160.213,99.626,30.037,24.674
162.041,99.518,30.037,24.674
163.440,98.980,30.037,24.674
164.838,99.733,30.037,24.674
166.452,97.905,30.037,24.674
168.495,96.937,30.037,24.674
167.742,97.690,30.037,24.674
169.141,96.506,30.037,24.674
170.539,96.184,30.037,24.674
171.507,95.861,30.037,24.674
172.691,96.829,30.037,24.674
172.798,96.291,30.037,24.674
174.842,95.323,30.037,24.674
176.671,95.216,30.037,24.674
178.715,95.323,30.037,24.674
180.758,94.785,30.037,24.674
180.436,95.969,30.037,24.674
183.125,95.216,30.037,24.674
184.738,94.247,30.037,24.674
183.985,94.570,30.037,24.674
185.599,94.678,30.037,24.674
184.631,95.000,30.037,24.674
185.814,94.678,30.037,24.674
185.061,94.355,30.037,24.674
186.675,93.602,30.037,24.674
185.491,94.785,30.037,24.674
184.523,94.893,30.037,24.674
186.191,95.052,29.397,24.147
187.824,94.599,28.770,23.633
187.237,95.348,28.156,23.129
186.733,94.642,28.156,23.129
185.825,93.533,28.156,23.129
186.934,93.029,28.156,23.129
185.825,93.533,28.156,23.129
187.136,92.222,28.156,23.129
186.229,92.525,28.156,23.129
186.531,91.415,28.156,23.129
187.035,92.121,28.156,23.129
186.128,91.617,28.156,23.129
186.834,90.710,28.156,23.129
186.733,89.802,28.156,23.129
186.353,88.980,27.556,22.635
178.359,83.749,27.556,22.635
176.682,82.269,27.556,22.635
177.570,82.960,27.556,22.635
175.892,81.480,27.556,22.635
173.820,80.592,27.556,22.635
171.748,79.506,27.556,22.635
170.465,78.815,27.556,22.635
168.195,77.730,27.556,22.635
168.886,77.631,27.556,22.635
166.221,77.730,27.556,22.635
164.346,76.644,27.556,22.635
161.682,77.730,27.556,22.635
160.930,76.544,26.968,22.153
159.821,77.246,26.393,21.680
158.781,76.395,26.393,21.680
158.876,76.868,26.393,21.680
157.836,75.450,26.393,21.680
157.174,75.356,26.393,21.680
156.324,75.072,26.393,21.680
153.582,74.789,26.393,21.680
152.165,74.127,26.393,21.680
152.637,74.789,26.393,21.680
151.030,73.938,26.393,21.680
150.558,74.221,26.393,21.680
148.384,74.127,26.393,21.680
146.588,73.465,26.393,21.680
146.872,74.127,26.393,21.680
145.454,73.276,26.393,21.680
143.280,73.371,26.393,21.680
142.240,72.898,26.393,21.680
139.877,72.236,26.393,21.680
139.783,72.709,26.393,21.680
137.042,71.858,26.393,21.680
135.246,71.575,26.393,21.680
133.828,72.426,26.393,21.680
132.221,72.142,26.393,21.680
130.992,71.480,26.393,21.680
131.087,71.953,26.393,21.680
129.669,70.913,26.393,21.680
128.440,70.252,26.393,21.680
127.023,70.535,26.393,21.680
126.361,70.630,26.393,21.680
124.376,70.724,26.393,21.680
124.471,69.684,26.393,21.680
123.620,69.401,26.393,21.680
122.580,69.874,26.393,21.680
121.351,68.645,26.393,21.680
119.745,69.117,26.393,21.680
120.217,68.456,26.393,21.680
118.950,67.685,25.830,21.218
117.192,68.147,25.830,21.218
115.620,67.130,25.830,21.218
112.937,66.852,25.830,21.218
113.215,67.685,25.830,21.218
111.272,67.037,25.830,21.218
108.775,66.020,25.830,21.218
107.713,66.692,25.280,20.765
106.536,66.058,25.280,20.765
105.540,66.149,25.280,20.765
105.811,65.334,25.280,20.765
104.249,65.817,24.741,20.323
103.097,64.842,24.741,20.323
103.185,64.399,24.741,20.323
102.034,63.779,24.741,20.323
102.299,64.399,24.741,20.323
100.262,63.602,24.741,20.323
100.440,64.587,24.213,19.889
100.280,64.047,23.697,19.465
99.177,64.302,23.697,19.465
98.583,62.859,23.697,19.465
97.989,62.095,23.697,19.465
96.230,61.616,24.221,19.896
95.796,60.662,24.221,19.896
96.305,61.626,23.704,19.471
94.013,60.862,23.704,19.471
92.570,61.117,23.704,19.471
90.278,60.692,23.704,19.471
88.156,59.759,23.704,19.471
88.071,59.674,23.704,19.471
87.137,59.249,23.704,19.471
86.034,60.013,23.704,19.471
85.387,59.321,23.199,19.056
85.470,59.238,23.199,19.056
83.891,58.989,23.199,19.056
84.699,58.471,22.704,18.650
82.992,58.715,22.704,18.650
83.398,57.821,22.704,18.650
82.178,57.414,22.704,18.650
82.748,58.634,22.704,18.650
80.878,57.739,22.704,18.650
80.959,56.845,22.704,18.650
81.203,57.252,22.704,18.650
79.956,56.275,22.220,18.252
79.081,55.559,22.220,18.252
79.241,54.756,21.746,17.863
77.450,54.523,21.746,17.863
77.683,54.289,21.746,17.863
75.746,54.172,22.227,18.258
75.826,53.456,22.227,18.258
74.154,53.854,22.227,18.258
72.164,53.615,22.227,18.258
70.492,52.899,22.227,18.258
71.050,52.182,22.227,18.258
69.856,52.739,22.227,18.258
70.413,52.660,22.227,18.258
71.240,51.880,22.719,18.662
74.251,52.449,22.719,18.662
75.308,53.019,22.719,18.662
74.576,52.124,22.719,18.662
73.844,52.693,22.719,18.662
73.112,51.798,22.719,18.662
72.054,51.066,22.719,18.662
72.786,51.798,22.719,18.662
71.566,50.578,22.719,18.662
73.274,51.310,22.719,18.662
73.030,50.415,22.719,18.662
72.135,49.846,22.719,18.662
71.891,49.276,22.719,18.662
71.485,49.520,22.719,18.662
70.590,48.951,22.719,18.662
69.656,48.601,22.235,18.264
61.220,45.956,21.760,17.875
61.298,46.813,21.760,17.875
59.506,46.112,21.760,17.875
58.025,44.943,21.760,17.875
58.103,45.800,21.760,17.875
56.934,45.099,21.760,17.875
57.324,44.553,21.760,17.875
55.999,44.943,21.760,17.875
56.856,45.332,21.760,17.875
55.531,43.852,21.760,17.875
54.207,44.086,21.760,17.875
54.752,43.384,21.760,17.875
53.427,42.839,21.760,17.875
53.973,43.696,21.760,17.875
53.427,42.683,21.760,17.875
53.661,42.917,21.760,17.875
52.336,42.215,21.760,17.875
52.726,41.670,21.760,17.875
51.713,41.748,21.760,17.875
50.388,40.891,21.760,17.875
49.375,40.968,21.760,17.875
48.050,40.423,21.760,17.875
48.752,39.878,21.760,17.875
47.271,40.111,21.760,17.875
45.479,39.254,21.760,17.875
44.154,39.488,21.760,17.875
42.362,39.722,21.760,17.875
42.595,39.955,21.760,17.875
41.738,40.345,21.760,17.875
40.881,39.488,21.760,17.875
41.115,40.033,21.760,17.875
41.349,40.579,21.760,17.875
39.400,39.566,21.760,17.875
38.387,39.332,21.760,17.875
38.777,39.098,21.760,17.875
38.699,38.553,21.760,17.875
37.686,38.942,21.760,17.875
37.608,39.020,21.760,17.875
36.439,38.787,21.760,17.875
35.582,38.397,21.760,17.875
35.192,37.851,21.760,17.875
34.647,38.397,21.760,17.875
33.790,37.384,21.760,17.875
32.621,37.618,21.760,17.875
31.140,37.540,21.760,17.875
29.504,37.150,21.760,17.875
30.049,36.916,21.760,17.875
29.036,37.618,21.760,17.875
27.711,37.384,21.760,17.875
26.698,37.150,21.760,17.875
26.776,37.072,21.760,17.875
26.386,37.306,21.760,17.875
25.373,37.696,21.760,17.875
25.451,38.241,21.760,17.875
25.217,37.696,21.760,17.875
25.140,38.397,21.760,17.875
25.062,37.851,21.760,17.875
26.542,38.553,21.760,17.875
25.997,38.007,21.760,17.875
27.010,38.864,21.760,17.875
25.880,37.939,22.242,18.270
25.163,37.381,22.242,18.270
25.720,38.258,22.242,18.270
26.119,37.700,22.242,18.270
25.243,38.576,22.242,18.270
25.959,38.815,22.242,18.270
25.720,39.691,22.242,18.270
26.597,39.452,22.242,18.270
26.836,40.329,22.242,18.270
27.393,41.523,22.242,18.270
27.791,43.196,22.242,18.270
28.827,44.550,22.242,18.270
29.384,46.064,22.242,18.270
28.668,45.665,22.242,18.270
29.066,46.860,22.242,18.270
28.030,47.736,22.242,18.270
27.473,48.294,22.242,18.270
28.030,48.055,22.242,18.270
27.313,47.975,22.242,18.270
27.871,49.011,22.242,18.270
27.791,50.205,22.242,18.270
28.827,49.966,22.242,18.270
28.269,51.321,22.242,18.270
27.712,52.515,22.242,18.270
28.588,53.551,22.242,18.270
28.030,54.427,22.242,18.270
27.791,55.303,22.242,18.270
28.873,56.650,21.767,17.880
28.483,55.792,21.767,17.880
29.653,55.870,21.767,17.880
28.639,56.727,21.767,17.880
27.938,57.585,21.767,17.880
28.795,57.351,21.767,17.880
27.938,58.676,21.767,17.880
29.297,59.994,21.303,17.499
28.458,59.765,21.303,17.499
28.076,59.536,21.303,17.499
27.237,60.986,21.303,17.499
26.703,61.672,21.303,17.499
22.659,60.681,21.303,17.499
23.499,61.215,21.303,17.499
22.049,60.375,21.303,17.499
22.583,61.062,21.303,17.499
22.965,60.375,21.303,17.499
23.706,61.224,20.849,17.126
23.035,60.552,20.849,17.126
23.856,61.672,20.849,17.126
23.781,62.642,20.849,17.126
22.924,62.609,20.404,16.761
24.057,63.985,19.969,16.403
24.339,64.643,19.543,16.054
24.129,65.273,19.543,16.054
24.759,64.643,19.543,16.054
25.170,65.961,19.127,15.711
33.184,69.591,19.127,15.711
33.937,71.029,19.127,15.711
33.458,71.509,19.127,15.711
33.115,72.810,19.127,15.711
32.773,72.194,19.127,15.711
33.252,73.084,19.127,15.711
30.353,74.374,18.719,15.376
30.822,75.245,18.719,15.376
34.509,76.251,18.719,15.376
36.051,76.184,18.719,15.376
36.789,75.983,18.719,15.376
36.587,76.854,18.719,15.376
37.325,77.726,18.719,15.376
37.660,79.402,18.719,15.376
38.666,80.541,18.719,15.376
39.135,81.547,18.719,15.376
39.604,81.614,18.719,15.376
39.403,82.887,18.719,15.376
39.336,83.089,18.719,15.376
39.805,83.826,18.719,15.376
39.604,83.625,18.719,15.376
39.403,84.630,18.719,15.376
38.934,85.636,18.719,15.376
37.392,86.507,18.719,15.376
35.716,86.709,18.719,15.376
34.845,86.373,18.719,15.376
35.716,87.379,18.719,15.376
36.051,88.384,18.719,15.376
36.252,89.524,18.719,15.376
35.247,90.395,18.719,15.376
35.448,91.267,18.719,15.376
34.979,90.530,18.719,15.376
35.850,91.803,18.719,15.376
37.124,93.077,18.719,15.376
42.554,93.680,18.719,15.376
43.693,94.820,18.719,15.376
44.431,95.289,18.719,15.376
43.961,95.758,18.719,15.376
44.699,97.300,18.719,15.376
44.498,98.037,18.719,15.376
44.833,98.641,18.719,15.376
45.436,99.646,18.719,15.376
44.833,99.579,18.719,15.376
44.632,100.317,18.719,15.376
41.481,100.518,18.719,15.376
40.476,101.523,18.719,15.376
39.738,101.054,18.719,15.376
40.744,101.926,18.719,15.376
39.738,101.322,18.719,15.376
40.341,102.596,18.719,15.376
39.648,103.469,19.133,15.716
40.401,104.360,19.133,15.716
40.881,105.662,19.133,15.716
39.319,104.848,19.556,16.064
38.408,106.179,19.556,16.064
39.038,105.968,19.556,16.064
44.011,108.840,19.556,16.064
44.641,110.030,19.556,16.064
50.734,110.801,19.556,16.064
52.345,112.832,19.556,16.064
53.255,113.742,19.556,16.064
53.886,114.933,19.556,16.064
54.376,115.423,19.556,16.064
54.026,116.334,19.556,16.064
55.076,116.684,19.556,16.064
51.504,117.454,19.556,16.064
48.633,116.684,19.556,16.064
47.763,115.707,19.989,16.419
48.264,116.781,19.989,16.419
48.765,118.427,19.989,16.419
49.696,119.214,19.989,16.419
50.197,120.431,19.989,16.419
50.841,122.078,19.989,16.419
51.771,122.006,19.989,16.419
52.559,123.223,19.989,16.419
53.203,124.440,19.989,16.419
52.273,124.941,19.989,16.419
52.630,124.440,19.989,16.419
53.879,125.788,19.563,16.069
54.789,126.979,19.563,16.069
55.560,127.469,19.563,16.069
54.369,127.399,19.563,16.069
54.859,128.871,19.563,16.069
55.630,129.781,19.563,16.069
53.738,124.387,19.563,16.069
54.509,123.196,19.563,16.069
55.280,123.686,19.563,16.069
55.630,124.457,19.563,16.069
56.120,124.247,19.563,16.069
57.311,125.298,19.563,16.069
57.101,127.750,19.563,16.069
58.572,128.380,19.563,16.069
58.082,127.890,19.563,16.069
59.273,128.941,19.563,16.069
58.923,130.692,19.563,16.069
60.254,131.883,19.563,16.069
60.604,132.934,19.563,16.069
60.814,133.424,19.563,16.069
62.005,133.214,19.563,16.069
63.196,133.564,19.563,16.069
64.107,134.195,19.563,16.069
65.158,135.106,19.563,16.069
64.948,135.316,19.563,16.069
65.998,136.507,19.563,16.069
67.189,137.838,19.563,16.069
68.521,139.870,19.563,16.069
69.011,141.481,19.563,16.069
70.342,142.672,19.563,16.069
69.711,143.442,19.563,16.069
70.762,143.933,19.563,16.069
71.533,145.404,19.563,16.069
71.883,146.735,19.563,16.069
73.354,148.487,19.563,16.069
72.864,148.697,19.563,16.069
74.195,149.748,19.563,16.069
75.666,150.518,19.563,16.069
75.456,151.569,19.563,16.069
76.787,153.040,19.563,16.069
76.717,153.110,19.563,16.069
78.048,153.881,19.563,16.069
79.519,154.932,19.563,16.069
80.684,155.263,19.995,16.425
82.045,155.478,19.995,16.425
83.235,156.262,20.438,16.788
83.015,156.774,20.438,16.788
84.699,157.872,20.438,16.788
86.821,159.555,20.438,16.788
88.066,161.971,20.438,16.788
88.067,161.405,20.890,17.160
89.638,162.827,20.890,17.160
91.808,164.248,20.890,17.160
93.828,165.370,20.890,17.160
93.209,166.034,21.352,17.539
95.120,167.028,21.352,17.539
96.726,168.328,21.352,17.539
98.638,170.240,21.352,17.539
100.396,172.152,21.352,17.539
100.167,172.534,21.352,17.539
102.232,174.598,21.352,17.539
104.143,176.357,21.352,17.539
106.366,177.353,21.825,17.927
107.990,178.371,22.308,18.324
107.495,178.749,22.801,18.729
110.679,179.810,22.801,18.729
112.036,180.874,23.306,19.144
113.424,181.441,23.821,19.567
115.904,181.667,24.348,20.000
117.534,182.441,24.887,20.443
119.386,183.602,25.438,20.895
119.113,183.875,25.438,20.895
121.194,185.629,26.000,21.357
123.321,186.262,26.576,21.830
123.719,186.317,27.164,22.313
125.762,187.581,27.164,22.313
127.984,189.050,27.765,22.807
130.256,189.933,28.379,23.311
132.156,190.835,29.007,23.827
133.236,192.403,29.649,24.354
133.019,192.685,30.305,24.893
135.515,194.313,30.305,24.893
138.445,196.177,30.975,25.444
141.440,197.852,31.660,26.007
140.972,197.446,32.361,26.582
143.139,199.196,33.077,27.170
146.337,200.739,33.809,27.771
149.364,201.829,33.809,27.771
152.381,202.401,34.557,28.386
151.762,201.782,34.557,28.386
154.076,202.880,35.321,29.014
155.654,204.003,36.103,29.656
158.608,204.882,36.901,30.312
158.212,203.693,36.901,30.312
161.780,204.591,37.718,30.983
165.157,205.267,37.718,30.983
169.074,204.321,37.718,30.983
172.451,205.537,37.718,30.983
176.368,205.672,37.718,30.983
175.530,204.909,38.552,31.668
179.534,205.875,38.552,31.668
