197.000,87.000,38.000,18.000
196.458,87.759,38.000,18.000
196.349,88.519,38.000,18.000
196.458,87.976,38.000,18.000
196.783,88.302,38.000,18.000
197.759,86.892,38.000,18.000
198.302,87.651,38.000,18.000
198.410,87.759,38.000,18.000
198.952,87.651,38.000,18.000
198.627,87.976,38.000,18.000
197.217,89.386,38.000,18.000
196.241,88.627,38.000,18.000
196.349,88.085,38.000,18.000
196.458,87.108,38.000,18.000
196.566,86.783,38.000,18.000
196.675,87.542,38.000,18.000
196.349,87.217,38.000,18.000
195.373,86.892,38.000,18.000
194.831,87.434,38.000,18.000
194.722,86.892,38.000,18.000
193.963,87.868,38.000,18.000
193.638,87.759,38.000,18.000
193.746,87.651,38.000,18.000
193.855,87.542,38.000,18.000
192.661,88.735,38.000,18.000
191.468,89.278,38.000,18.000
190.492,88.735,38.000,18.000
190.384,89.495,38.000,18.000
189.841,89.169,38.000,18.000
191.251,88.410,38.000,18.000
191.143,88.085,38.000,18.000
191.685,87.325,38.000,18.000
192.228,87.868,38.000,18.000
191.902,88.410,38.000,18.000
193.095,87.217,38.000,18.000
192.553,86.892,38.000,18.000
192.878,87.651,38.000,18.000
192.553,87.325,38.000,18.000
191.577,87.217,38.000,18.000
191.468,87.542,38.000,18.000
191.360,87.651,38.000,18.000
191.034,87.542,38.000,18.000
190.926,87.217,38.000,18.000
191.251,87.325,38.000,18.000
189.841,87.000,38.000,18.000
190.167,86.675,38.000,18.000
190.275,87.651,38.000,18.000
189.950,87.542,38.000,18.000
189.624,87.434,38.000,18.000
188.431,87.976,38.000,18.000
187.238,88.952,38.000,18.000
186.045,89.712,38.000,18.000
185.069,89.169,38.000,18.000
185.177,89.061,38.000,18.000
185.720,89.169,38.000,18.000
186.262,89.061,38.000,18.000
185.503,88.952,38.000,18.000
185.394,89.929,38.000,18.000
185.069,90.037,38.000,18.000
184.527,89.061,38.000,18.000
184.635,89.169,38.000,18.000
184.093,89.061,38.000,18.000
183.117,88.735,38.000,18.000
183.008,89.495,38.000,18.000
182.466,89.386,38.000,18.000
181.923,89.929,38.000,18.000
181.815,91.122,38.000,18.000
181.706,90.362,38.000,18.000
182.466,90.905,38.000,18.000
182.791,91.230,38.000,18.000
183.333,90.471,38.000,18.000
182.791,90.796,38.000,18.000
183.333,91.339,38.000,18.000
182.791,91.230,38.000,18.000
182.900,91.122,38.000,18.000
182.140,90.579,38.000,18.000
181.164,90.905,38.000,18.000
182.140,91.664,38.000,18.000
183.550,91.339,38.000,18.000
183.442,91.013,38.000,18.000
182.900,91.772,38.000,18.000
184.093,93.616,38.000,18.000
184.201,93.291,38.000,18.000
183.442,93.833,38.000,18.000
182.466,95.677,38.000,18.000
183.008,95.569,38.000,18.000
183.117,95.243,38.000,18.000
183.008,94.918,38.000,18.000
182.683,95.677,38.000,18.000
183.876,95.135,38.000,18.000
184.418,95.026,38.000,18.000
183.225,94.918,38.000,18.000
183.984,95.894,38.000,18.000
184.527,95.352,38.000,18.000
183.984,94.376,38.000,18.000
185.177,95.135,38.000,18.000
183.767,94.592,38.000,18.000
185.611,95.569,38.000,18.000
185.937,95.243,38.000,18.000
186.045,94.918,38.000,18.000
185.286,95.677,38.000,18.000
186.262,95.135,38.000,18.000
186.804,94.593,38.000,18.000
186.045,95.135,38.000,18.000
185.286,93.725,38.000,18.000
186.479,93.399,38.000,18.000
186.154,93.074,38.000,18.000
184.527,92.966,38.000,18.000
184.635,92.640,38.000,18.000
185.394,91.881,38.000,18.000
185.503,91.772,38.000,18.000
185.611,91.881,38.000,18.000
185.720,91.989,38.000,18.000
186.479,91.881,38.000,18.000
186.804,91.772,38.000,18.000
187.130,91.881,38.000,18.000
185.937,91.989,38.000,18.000
186.045,92.315,38.000,18.000
184.418,90.905,38.000,18.000
185.394,91.013,38.000,18.000
185.069,89.820,38.000,18.000
184.310,90.796,38.000,18.000
183.767,91.556,38.000,18.000
185.177,91.881,38.000,18.000
184.201,91.772,38.000,18.000
184.743,91.447,38.000,18.000
184.201,91.339,38.000,18.000
183.225,91.881,38.000,18.000
182.032,93.291,38.000,18.000
182.791,92.966,38.000,18.000
183.984,93.725,38.000,18.000
184.310,93.182,38.000,18.000
183.116,92.857,38.000,18.000
182.140,93.833,38.000,18.000
181.381,93.725,38.000,18.000
181.056,93.833,38.000,18.000
180.730,93.508,38.000,18.000
182.140,92.532,38.000,18.000
182.900,91.772,38.000,18.000
183.225,92.098,38.000,18.000
182.249,90.905,38.000,18.000
183.008,92.098,38.000,18.000
182.249,90.905,38.000,18.000
183.225,91.881,38.000,18.000
182.249,91.339,38.000,18.000
181.706,90.579,38.000,18.000
182.900,90.037,38.000,18.000
183.876,88.627,38.000,18.000
183.984,89.169,38.000,18.000
184.093,88.627,38.000,18.000
182.900,89.169,38.000,18.000
183.225,89.278,38.000,18.000
182.032,90.037,38.000,18.000
181.056,90.145,38.000,18.000
181.381,91.122,38.000,18.000
180.839,89.929,38.000,18.000
182.683,90.037,38.000,18.000
182.574,88.844,38.000,18.000
181.815,89.820,38.000,18.000
182.140,89.929,38.000,18.000
180.947,89.386,38.000,18.000
181.489,88.844,38.000,18.000
180.513,89.386,38.000,18.000
180.405,88.627,38.000,18.000
180.296,88.952,38.000,18.000
180.839,89.061,38.000,18.000
181.598,88.085,38.000,18.000
181.923,88.410,38.000,18.000
182.249,89.169,38.000,18.000
181.273,88.844,38.000,18.000
182.900,89.820,38.000,18.000
183.659,89.495,38.000,18.000
183.984,89.169,38.000,18.000
184.960,88.193,38.000,18.000
185.720,87.868,38.000,18.000
186.045,87.976,38.000,18.000
185.503,87.868,38.000,18.000
185.177,88.410,38.000,18.000
184.635,87.651,38.000,18.000
185.828,87.325,38.000,18.000
186.587,86.783,38.000,18.000
186.479,87.325,38.000,18.000
187.021,86.783,38.000,18.000
186.262,87.108,38.000,18.000
187.021,86.349,38.000,18.000
186.696,86.892,38.000,18.000
188.106,87.434,38.000,18.000
188.214,86.892,38.000,18.000
188.323,87.434,38.000,18.000
188.865,86.892,38.000,18.000
189.407,87.651,38.000,18.000
189.082,87.325,38.000,18.000
188.757,87.217,38.000,18.000
189.299,87.108,38.000,18.000
188.106,87.217,38.000,18.000
188.648,87.108,38.000,18.000
189.624,87.000,38.000,18.000
189.299,86.458,38.000,18.000
189.624,87.217,38.000,18.000
189.299,86.241,38.000,18.000
188.974,86.566,38.000,18.000
189.516,86.892,38.000,18.000
188.757,86.566,38.000,18.000
188.865,85.807,38.000,18.000
189.190,86.132,38.000,18.000
187.997,86.024,38.000,18.000
188.540,86.132,38.000,18.000
187.347,86.241,38.000,18.000
186.804,86.566,38.000,18.000
187.780,86.892,38.000,18.000
187.455,87.217,38.000,18.000
187.347,86.241,38.000,18.000
187.455,86.566,38.000,18.000
186.913,86.458,38.000,18.000
187.238,86.132,38.000,18.000
185.828,85.590,38.000,18.000
186.370,85.265,38.000,18.000
185.177,84.722,38.000,18.000
184.852,85.482,38.000,18.000
185.894,84.495,38.841,18.398
185.340,85.049,38.841,18.398
186.781,84.273,38.841,18.398
186.449,84.827,38.841,18.398
187.890,84.051,38.841,18.398
186.892,84.606,38.841,18.398
187.003,83.829,38.841,18.398
186.892,81.945,38.841,18.398
187.003,81.834,38.841,18.398
186.892,81.723,38.841,18.398
187.225,83.164,38.841,18.398
187.779,84.162,38.841,18.398
186.781,84.938,38.841,18.398
187.779,83.940,38.841,18.398
188.333,84.495,38.841,18.398
189.553,85.271,38.841,18.398
190.329,84.495,38.841,18.398
190.662,85.049,38.841,18.398
190.994,84.495,38.841,18.398
191.992,84.162,38.841,18.398
191.438,82.277,38.841,18.398
192.657,82.167,38.841,18.398
191.881,82.721,38.841,18.398
193.544,83.275,38.841,18.398
194.542,82.499,38.841,18.398
193.988,82.832,38.841,18.398
193.655,81.390,38.841,18.398
193.988,82.388,38.841,18.398
193.655,84.495,38.841,18.398
192.657,83.940,38.841,18.398
192.103,83.608,38.841,18.398
192.214,84.827,38.841,18.398
191.438,83.386,38.841,18.398
190.883,84.162,38.841,18.398
189.664,84.716,38.841,18.398
189.775,85.492,38.841,18.398
190.107,84.716,38.841,18.398
191.549,84.606,38.841,18.398
192.990,84.938,38.841,18.398
193.988,84.162,38.841,18.398
195.429,84.495,38.841,18.398
196.870,84.384,38.841,18.398
197.424,84.051,38.841,18.398
198.866,84.162,38.841,18.398
199.642,84.495,38.841,18.398
200.418,82.832,38.841,18.398
202.081,81.612,38.841,18.398
203.744,82.388,38.841,18.398
203.411,79.838,38.841,18.398
205.167,79.980,39.700,18.805
207.093,81.000,39.700,18.805
209.020,79.753,39.700,18.805
210.266,79.413,39.700,18.805
211.512,77.940,39.700,18.805
211.852,78.507,39.700,18.805
211.739,77.940,39.700,18.805
210.947,78.555,40.578,19.221
211.990,77.744,40.578,19.221
210.219,79.094,41.476,19.647
210.129,80.473,42.394,20.081
209.032,78.619,43.332,20.526
208.166,78.990,43.332,20.526
209.279,80.103,43.332,20.526
208.908,79.980,43.332,20.526
208.785,79.856,43.332,20.526
210.145,79.732,43.332,20.526
208.785,79.609,43.332,20.526
208.908,78.495,43.332,20.526
207.548,77.877,43.332,20.526
209.156,78.001,43.332,20.526
207.795,76.640,43.332,20.526
208.661,76.269,43.332,20.526
207.300,76.640,43.332,20.526
206.682,77.011,43.332,20.526
207.300,77.382,43.332,20.526
206.187,78.743,43.332,20.526
204.827,79.361,43.332,20.526
203.449,79.776,44.291,20.980
202.303,79.413,45.271,21.444
202.432,79.283,45.271,21.444
202.303,78.379,45.271,21.444
201.916,78.508,45.271,21.444
201.528,79.154,45.271,21.444
202.432,78.250,45.271,21.444
202.045,78.896,45.271,21.444
201.140,77.733,45.271,21.444
201.528,76.570,45.271,21.444
202.691,76.441,45.271,21.444
203.854,77.087,45.271,21.444
202.949,76.182,45.271,21.444
202.045,76.053,45.271,21.444
202.432,75.924,45.271,21.444
203.337,75.794,45.271,21.444
202.949,75.924,45.271,21.444
203.337,76.311,45.271,21.444
203.983,76.441,45.271,21.444
203.595,77.345,45.271,21.444
204.758,74.890,45.271,21.444
204.112,73.985,45.271,21.444
202.949,74.631,45.271,21.444
202.820,75.794,45.271,21.444
204.500,73.598,45.271,21.444
204.371,73.469,45.271,21.444
205.017,74.890,45.271,21.444
204.112,75.278,45.271,21.444
206.051,74.631,45.271,21.444
206.438,76.570,45.271,21.444
204.463,77.271,46.272,21.918
205.916,76.346,46.272,21.918
204.199,77.799,46.272,21.918
203.538,77.667,46.272,21.918
204.727,76.214,46.272,21.918
203.802,76.346,46.272,21.918
204.727,75.950,46.272,21.918
203.274,76.875,46.272,21.918
202.349,77.535,46.272,21.918
203.802,76.611,46.272,21.918
204.991,76.214,46.272,21.918
203.802,77.403,46.272,21.918
204.991,78.063,46.272,21.918
203.802,78.195,46.272,21.918
204.991,78.063,46.272,21.918
204.066,77.667,46.272,21.918
203.934,79.120,46.272,21.918
203.010,78.460,46.272,21.918
203.670,78.592,46.272,21.918
204.331,79.252,46.272,21.918
202.585,79.969,47.296,22.403
202.180,78.754,47.296,22.403
199.886,78.349,47.296,22.403
199.481,77.674,47.296,22.403
200.965,78.349,47.296,22.403
200.021,76.594,47.296,22.403
198.237,77.046,48.342,22.899
196.167,76.356,48.342,22.899
194.925,77.046,48.342,22.899
197.547,77.460,48.342,22.899
196.581,78.702,48.342,22.899
196.443,77.184,48.342,22.899
197.685,78.150,48.342,22.899
195.289,76.895,49.412,23.406
193.738,77.600,49.412,23.406
192.468,77.741,49.412,23.406
191.481,77.882,49.412,23.406
191.622,76.613,49.412,23.406
193.173,78.446,49.412,23.406
191.340,79.716,49.412,23.406
191.199,80.421,49.412,23.406
190.494,79.433,49.412,23.406
190.635,79.857,49.412,23.406
192.186,81.126,49.412,23.406
190.353,81.267,49.412,23.406
188.782,82.032,50.505,23.924
190.367,83.041,50.505,23.924
189.935,82.321,50.505,23.924
188.638,83.041,50.505,23.924
189.358,82.321,50.505,23.924
188.638,82.753,50.505,23.924
189.647,83.186,50.505,23.924
187.443,83.070,51.623,24.453
187.295,84.691,51.623,24.453
186.264,84.839,51.623,24.453
186.411,85.281,51.623,24.453
185.380,85.133,51.623,24.453
186.706,87.344,51.623,24.453
184.790,87.196,51.623,24.453
183.464,88.228,51.623,24.453
184.790,88.080,51.623,24.453
183.170,87.933,51.623,24.453
182.138,87.786,51.623,24.453
182.580,87.344,51.623,24.453
184.496,86.017,51.623,24.453
184.995,86.817,52.765,24.994
185.748,86.666,52.765,24.994
182.820,86.859,53.932,25.547
183.282,88.244,53.932,25.547
184.052,88.706,53.932,25.547
185.745,89.168,53.932,25.547
188.362,88.090,53.932,25.547
186.053,89.784,53.932,25.547
186.515,89.014,53.932,25.547
189.748,88.244,53.932,25.547
191.133,89.322,53.932,25.547
188.460,89.199,55.125,26.112
190.191,86.839,55.125,26.112
191.703,87.366,56.345,26.690
190.256,84.310,56.345,26.690
193.312,83.185,56.345,26.690
194.437,83.989,56.345,26.690
191.703,85.114,56.345,26.690
189.578,85.320,57.592,27.280
190.729,84.169,57.592,27.280
188.592,83.347,57.592,27.280
187.113,85.813,57.592,27.280
186.619,86.635,57.592,27.280
189.414,84.169,57.592,27.280
190.893,83.018,57.592,27.280
189.743,83.512,57.592,27.280
190.893,83.347,57.592,27.280
189.414,83.183,57.592,27.280
190.893,81.375,57.592,27.280
190.400,80.553,57.592,27.280
191.222,81.046,57.592,27.280
190.072,80.224,57.592,27.280
191.551,81.046,57.592,27.280
192.044,80.224,57.592,27.280
190.236,82.032,57.592,27.280
192.044,82.196,57.592,27.280
189.190,83.771,58.866,27.884
191.038,85.283,58.866,27.884
190.198,84.107,58.866,27.884
190.030,85.619,58.866,27.884
188.182,86.459,58.866,27.884
189.358,85.619,58.866,27.884
188.854,85.115,58.866,27.884
187.006,85.283,58.866,27.884
186.529,86.543,60.168,28.501
183.547,86.050,61.500,29.131
183.049,84.817,62.860,29.776
182.510,83.561,62.860,29.776
182.331,83.382,62.860,29.776
180.357,83.920,62.860,29.776
179.819,83.740,62.860,29.776
178.563,82.843,62.860,29.776
178.383,84.099,62.860,29.776
176.013,83.211,64.251,30.435
176.930,81.561,64.251,30.435
176.746,81.011,64.251,30.435
178.397,81.561,64.251,30.435
177.480,81.744,64.251,30.435
179.497,81.194,64.251,30.435
180.047,80.277,64.251,30.435
180.231,80.461,64.251,30.435
181.881,80.644,64.251,30.435
181.741,82.400,65.673,31.108
181.929,84.087,65.673,31.108
182.491,83.150,65.673,31.108
182.679,83.712,65.673,31.108
183.616,82.775,65.673,31.108
183.862,83.403,67.126,31.796
184.053,83.978,67.126,31.796
183.095,83.020,67.126,31.796
183.670,82.829,67.126,31.796
183.862,82.254,67.126,31.796
182.904,82.062,67.126,31.796
184.245,82.637,67.126,31.796
183.670,82.445,67.126,31.796
184.628,80.338,67.126,31.796
182.137,80.529,67.126,31.796
180.401,80.376,68.611,32.500
178.638,79.006,68.611,32.500
180.401,78.810,68.611,32.500
178.638,77.439,68.611,32.500
178.834,76.851,68.611,32.500
178.638,77.439,68.611,32.500
177.659,76.851,68.611,32.500
178.247,77.047,68.611,32.500
176.484,77.635,68.611,32.500
177.463,78.614,68.611,32.500
176.092,78.418,68.611,32.500
176.288,77.831,68.611,32.500
174.134,77.243,68.611,32.500
175.113,77.439,68.611,32.500
173.742,76.460,68.611,32.500
172.372,77.047,68.611,32.500
171.392,77.243,68.611,32.500
172.763,77.831,68.611,32.500
171.392,77.635,68.611,32.500
171.197,77.439,68.611,32.500
170.609,76.851,68.611,32.500
172.763,76.264,68.611,32.500
171.784,74.893,68.611,32.500
173.155,75.481,68.611,32.500
174.526,73.718,68.611,32.500
173.155,73.914,68.611,32.500
175.309,73.326,68.611,32.500
175.505,72.739,68.611,32.500
177.267,74.110,68.611,32.500
177.463,74.306,68.611,32.500
178.834,73.718,68.611,32.500
180.205,72.739,68.611,32.500
178.443,73.326,68.611,32.500
177.463,72.739,68.611,32.500
175.688,73.802,70.129,33.219
173.487,73.201,70.129,33.219
172.085,72.601,70.129,33.219
170.684,74.002,70.129,33.219
169.283,73.802,70.129,33.219
169.483,75.203,70.129,33.219
167.682,73.401,70.129,33.219
166.681,73.601,70.129,33.219
166.481,73.802,70.129,33.219
167.081,72.801,70.129,33.219
166.481,71.800,70.129,33.219
167.481,72.000,70.129,33.219
166.881,70.999,70.129,33.219
169.083,72.400,70.129,33.219
168.482,73.001,70.129,33.219
167.481,71.199,70.129,33.219
167.682,72.200,70.129,33.219
169.083,73.201,70.129,33.219
167.281,73.401,70.129,33.219
167.882,73.601,70.129,33.219
168.082,73.401,70.129,33.219
169.083,73.201,70.129,33.219
168.883,73.001,70.129,33.219
169.483,72.400,70.129,33.219
170.884,71.400,70.129,33.219
172.686,70.399,70.129,33.219
172.085,70.199,70.129,33.219
173.086,69.998,70.129,33.219
171.685,69.798,70.129,33.219
170.684,69.998,70.129,33.219
171.285,68.997,70.129,33.219
171.485,69.598,70.129,33.219
170.884,70.199,70.129,33.219
170.284,67.596,70.129,33.219
172.886,68.597,70.129,33.219
173.487,67.596,70.129,33.219
172.486,68.197,70.129,33.219
173.487,66.395,70.129,33.219
172.486,65.795,70.129,33.219
173.887,63.993,70.129,33.219
174.087,62.992,70.129,33.219
175.488,63.993,70.129,33.219
174.487,62.992,70.129,33.219
174.688,63.193,70.129,33.219
175.288,63.393,70.129,33.219
175.889,64.794,70.129,33.219
175.688,65.394,70.129,33.219
175.889,63.593,70.129,33.219
178.491,64.994,70.129,33.219
177.092,62.758,71.680,33.954
179.343,64.599,71.680,33.954
178.320,63.167,71.680,33.954
180.161,62.553,71.680,33.954
181.184,63.167,71.680,33.954
180.979,63.371,71.680,33.954
182.412,63.985,71.680,33.954
181.389,66.236,71.680,33.954
180.775,64.394,71.680,33.954
181.798,65.008,71.680,33.954
182.002,67.259,71.680,33.954
182.207,66.645,71.680,33.954
181.593,68.486,71.680,33.954
182.616,68.691,71.680,33.954
182.002,67.259,71.680,33.954
181.389,67.463,71.680,33.954
179.956,67.259,71.680,33.954
179.752,67.054,71.680,33.954
179.547,66.440,71.680,33.954
178.933,67.463,71.680,33.954
177.910,67.668,71.680,33.954
177.706,67.463,71.680,33.954
177.910,67.668,71.680,33.954
178.933,67.463,71.680,33.954
179.956,68.486,71.680,33.954
178.524,69.100,71.680,33.954
179.547,70.123,71.680,33.954
178.933,70.737,71.680,33.954
179.138,70.941,71.680,33.954
177.706,71.555,71.680,33.954
175.455,69.305,71.680,33.954
174.023,68.691,71.680,33.954
176.274,69.305,71.680,33.954
173.205,69.100,71.680,33.954
171.772,70.532,71.680,33.954
169.522,71.555,71.680,33.954
167.680,72.169,71.680,33.954
165.430,70.737,71.680,33.954
163.179,71.351,71.680,33.954
162.156,71.146,71.680,33.954
163.179,71.351,71.680,33.954
161.747,70.737,71.680,33.954
163.588,71.351,71.680,33.954
164.202,71.146,71.680,33.954
163.179,70.532,71.680,33.954
164.611,69.509,71.680,33.954
165.225,69.305,71.680,33.954
165.430,67.054,71.680,33.954
165.634,67.259,71.680,33.954
165.021,69.100,71.680,33.954
165.225,69.305,71.680,33.954
164.611,69.509,71.680,33.954
166.044,70.123,71.680,33.954
166.657,69.100,71.680,33.954
165.225,69.305,71.680,33.954
166.248,69.509,71.680,33.954
167.271,70.123,71.680,33.954
167.885,69.919,71.680,33.954
168.908,71.760,71.680,33.954
169.522,71.555,71.680,33.954
168.908,69.714,71.680,33.954
170.340,69.100,71.680,33.954
169.330,67.293,70.152,33.230
170.331,67.493,70.152,33.230
170.531,66.492,70.152,33.230
169.129,67.493,70.152,33.230
168.929,68.094,70.152,33.230
168.328,69.495,70.152,33.230
168.497,70.043,68.656,32.521
168.693,71.415,68.656,32.521
168.497,70.827,68.656,32.521
167.126,72.590,68.656,32.521
168.106,73.570,68.656,32.521
167.910,72.590,68.656,32.521
166.930,73.962,68.656,32.521
165.166,75.334,68.656,32.521
166.087,75.870,67.192,31.828
164.361,75.294,67.192,31.828
165.632,75.449,65.759,31.149
164.693,75.261,65.759,31.149
163.380,76.950,65.759,31.149
162.441,78.264,65.759,31.149
163.380,78.452,65.759,31.149
160.939,79.766,65.759,31.149
163.004,78.827,65.759,31.149
160.939,80.892,65.759,31.149
161.878,81.455,65.759,31.149
160.939,80.516,65.759,31.149
160.376,81.455,65.759,31.149
159.063,82.018,65.759,31.149
160.752,83.707,65.759,31.149
159.063,85.021,65.759,31.149
160.376,85.960,65.759,31.149
158.312,86.898,65.759,31.149
158.499,87.837,65.759,31.149
157.561,88.775,65.759,31.149
157.749,89.714,65.759,31.149
157.561,90.277,65.759,31.149
157.749,92.341,65.759,31.149
156.810,93.655,65.759,31.149
155.496,94.218,65.759,31.149
154.558,96.283,65.759,31.149
153.244,96.471,65.759,31.149
153.402,97.707,64.356,30.485
152.484,99.361,64.356,30.485
152.300,99.912,64.356,30.485
153.163,101.122,62.984,29.835
153.315,100.920,61.641,29.198
152.787,101.448,61.641,29.198
154.019,103.032,61.641,29.198
154.899,103.911,61.641,29.198
156.065,103.375,60.326,28.576
156.874,105.505,59.040,27.966
158.391,107.022,59.040,27.966
157.558,106.508,57.781,27.370
158.383,108.982,57.781,27.370
157.228,107.827,57.781,27.370
155.744,108.322,57.781,27.370
155.579,110.466,57.781,27.370
156.990,111.553,56.549,26.786
155.860,113.328,56.549,26.786
155.699,114.135,56.549,26.786
156.183,115.588,56.549,26.786
154.408,115.749,56.549,26.786
154.855,116.813,55.343,26.215
154.065,117.919,55.343,26.215
154.223,116.813,55.343,26.215
154.697,117.919,55.343,26.215
154.855,117.129,55.343,26.215
155.597,117.560,54.163,25.656
154.206,119.879,54.163,25.656
155.288,119.725,54.163,25.656
156.015,119.849,53.007,25.109
154.350,122.422,53.007,25.109
156.228,123.418,51.877,24.573
156.924,122.681,50.771,24.049
156.199,123.116,50.771,24.049
156.054,125.000,50.771,24.049
157.069,124.275,50.771,24.049
157.503,124.710,50.771,24.049
157.069,123.986,50.771,24.049
157.503,125.000,50.771,24.049
157.359,125.435,50.771,24.049
157.793,125.580,50.771,24.049
159.098,124.275,50.771,24.049
160.617,124.672,49.688,23.536
161.042,124.530,49.688,23.536
161.468,124.672,49.688,23.536
161.861,125.333,48.628,23.035
162.832,127.137,48.628,23.035
163.249,126.998,48.628,23.035
162.563,126.843,47.591,22.543
164.511,129.571,46.577,22.063
165.136,130.447,45.583,21.592
165.266,131.357,45.583,21.592
165.376,133.970,44.611,21.132
164.230,133.334,44.611,21.132
164.866,134.480,44.611,21.132
165.248,134.862,44.611,21.132
165.110,134.719,43.660,20.681
164.986,134.843,43.660,20.681
164.363,135.716,43.660,20.681
163.241,135.342,43.660,20.681
163.366,136.214,43.660,20.681
163.241,136.339,43.660,20.681
162.867,136.962,43.660,20.681
163.490,136.588,43.660,20.681
162.867,137.460,43.660,20.681
163.241,137.336,43.660,20.681
162.119,136.962,43.660,20.681
163.490,136.837,43.660,20.681
162.867,135.965,43.660,20.681
163.739,136.090,43.660,20.681
163.366,136.214,43.660,20.681
163.490,136.837,43.660,20.681
163.864,136.463,43.660,20.681
163.989,137.585,43.660,20.681
164.363,136.713,43.660,20.681
164.238,135.591,43.660,20.681
164.612,136.713,43.660,20.681
164.986,135.840,43.660,20.681
165.609,136.713,43.660,20.681
165.983,136.588,43.660,20.681
166.855,137.211,43.660,20.681
167.976,136.339,43.660,20.681
169.043,136.439,42.729,20.240
170.086,135.832,41.818,19.808
171.337,137.079,40.926,19.386
171.436,137.848,40.053,18.973
171.550,139.106,40.053,18.973
172.122,139.678,40.053,18.973
172.236,139.106,40.053,18.973
173.265,139.449,40.053,18.973
174.294,138.877,40.053,18.973
176.374,138.969,39.199,18.568
177.547,138.628,38.363,18.172
178.695,138.083,37.545,17.784
179.445,139.262,37.545,17.784
180.361,138.935,36.744,17.405
180.886,140.089,36.744,17.405
180.974,140.780,35.961,17.034
182.103,140.267,35.961,17.034
181.385,140.780,35.961,17.034
182.309,140.061,35.961,17.034
182.617,140.369,35.961,17.034
183.130,140.472,35.961,17.034
184.008,140.159,35.194,16.671
184.912,139.858,35.194,16.671
186.159,138.970,34.443,16.315
187.240,139.462,34.443,16.315
186.945,138.380,34.443,16.315
187.633,137.889,34.443,16.315
189.422,137.020,33.709,15.967
190.288,137.501,33.709,15.967
190.962,138.367,33.709,15.967
190.672,137.147,32.990,15.627
190.766,136.676,32.990,15.627
191.802,136.393,32.990,15.627
192.970,135.199,32.286,15.294
194.114,135.806,31.598,14.967
195.286,135.535,31.598,14.967
196.098,136.527,31.598,14.967
196.730,137.339,31.598,14.967
197.501,138.281,30.924,14.648
197.766,137.310,30.924,14.648
198.384,137.575,30.924,14.648
199.479,138.667,30.265,14.336
199.566,138.235,30.265,14.336
201.137,138.638,29.619,14.030
201.898,137.877,29.619,14.030
202.152,138.299,29.619,14.030
201.898,140.413,29.619,14.030
202.997,141.343,29.619,14.030
203.589,140.244,29.619,14.030
203.674,141.005,29.619,14.030
203.758,141.935,29.619,14.030
202.828,142.696,29.619,14.030
203.589,142.104,29.619,14.030
204.519,142.188,29.619,14.030
203.420,143.795,29.619,14.030
203.335,144.725,29.619,14.030
204.434,143.795,29.619,14.030
204.688,144.725,29.619,14.030
204.942,145.655,29.619,14.030
205.026,145.739,29.619,14.030
207.053,146.785,28.988,13.731
207.798,146.206,28.988,13.731
209.039,146.620,28.988,13.731
209.453,147.033,28.988,13.731
210.694,146.123,28.988,13.731
212.100,146.371,28.988,13.731
212.845,146.454,28.988,13.731
214.086,147.033,28.988,13.731
213.507,147.282,28.988,13.731
214.086,148.357,28.988,13.731
214.334,148.936,28.988,13.731
215.906,147.695,28.988,13.731
215.989,149.267,28.988,13.731
216.734,150.508,28.988,13.731
217.313,151.419,28.988,13.731
215.906,152.494,28.988,13.731
217.148,153.073,28.988,13.731
216.734,152.329,28.988,13.731
217.644,152.742,28.988,13.731
218.058,151.501,28.988,13.731
217.478,152.411,28.988,13.731
217.727,152.991,28.988,13.731
217.637,153.536,28.369,13.438
218.042,152.483,28.369,13.438
218.123,151.916,28.369,13.438
219.176,151.673,28.369,13.438
220.390,150.459,28.369,13.438
220.633,150.054,28.369,13.438
220.552,151.106,28.369,13.438
220.147,151.025,28.369,13.438
221.200,150.459,28.369,13.438
221.929,149.406,28.369,13.438
222.657,148.677,28.369,13.438
223.872,148.434,28.369,13.438
223.791,147.867,28.369,13.438
224.844,148.596,28.369,13.438
224.277,148.515,28.369,13.438
224.682,148.920,28.369,13.438
224.277,148.839,28.369,13.438
225.168,147.948,28.369,13.438
226.220,146.572,28.369,13.438
226.463,145.843,28.369,13.438
227.354,146.248,28.369,13.438
227.921,146.653,28.369,13.438
227.354,146.734,28.369,13.438
228.569,146.491,28.369,13.438
229.945,145.924,28.369,13.438
230.836,146.005,28.369,13.438
232.213,144.628,28.369,13.438
232.941,144.224,28.369,13.438
232.213,145.114,28.369,13.438
233.103,145.357,28.369,13.438
233.994,144.305,28.369,13.438
233.913,144.224,28.369,13.438
234.642,144.952,28.369,13.438
236.180,144.062,28.369,13.438
237.071,143.495,28.369,13.438
238.610,142.604,28.369,13.438
239.986,142.199,28.369,13.438
239.095,143.090,28.369,13.438
240.472,142.199,28.369,13.438
242.011,141.956,28.369,13.438
243.387,141.065,28.369,13.438
244.764,140.337,28.369,13.438
245.816,140.256,28.369,13.438
244.602,140.985,28.369,13.438
245.978,140.094,28.369,13.438
246.545,138.879,28.369,13.438
247.436,138.312,28.369,13.438
246.383,138.393,28.369,13.438
245.654,137.988,28.369,13.438
246.545,138.393,28.369,13.438
247.112,137.179,28.369,13.438
247.679,137.422,28.369,13.438
249.055,136.369,28.369,13.438
248.813,135.802,28.369,13.438
250.027,136.369,28.369,13.438
249.298,135.802,28.369,13.438
248.732,136.693,28.369,13.438
249.622,136.450,28.369,13.438
249.379,136.045,28.369,13.438
249.946,136.612,28.369,13.438
249.055,136.207,28.369,13.438
250.108,136.774,28.369,13.438
249.865,135.883,28.369,13.438
249.622,135.964,28.369,13.438
250.513,135.883,28.369,13.438
250.270,135.316,28.369,13.438
250.189,134.587,28.369,13.438
249.622,135.154,28.369,13.438
250.027,135.883,28.369,13.438
248.974,135.478,28.369,13.438
248.246,135.073,28.369,13.438
248.165,135.964,28.369,13.438
247.598,136.207,28.369,13.438
248.327,136.774,28.369,13.438
247.760,136.045,28.369,13.438
248.813,136.612,28.369,13.438
248.893,135.883,28.369,13.438
247.841,136.288,28.369,13.438
247.274,135.883,28.369,13.438
247.679,136.612,28.369,13.438
248.408,136.045,28.369,13.438
247.841,136.774,28.369,13.438
247.112,136.369,28.369,13.438
246.707,135.802,28.369,13.438
246.950,136.531,28.369,13.438
245.897,136.126,28.369,13.438
245.169,136.855,28.369,13.438
244.116,136.288,28.369,13.438
244.035,134.911,28.369,13.438
244.440,135.640,28.369,13.438
245.007,134.264,28.369,13.438
243.468,134.992,28.369,13.438
242.901,134.102,28.369,13.438
242.011,133.373,28.369,13.438
242.739,132.806,28.369,13.438
243.468,132.563,28.369,13.438
242.739,132.158,28.369,13.438
241.849,133.049,28.369,13.438
241.449,132.334,27.764,13.152
242.585,132.856,27.172,12.871
241.887,132.468,27.172,12.871
242.895,133.011,27.172,12.871
242.352,132.468,27.172,12.871
243.050,133.011,27.172,12.871
242.197,133.089,27.172,12.871
241.964,133.631,27.172,12.871
241.266,132.933,27.172,12.871
241.189,133.631,27.172,12.871
240.491,133.089,27.172,12.871
239.172,133.942,27.172,12.871
239.560,134.329,27.172,12.871
238.397,135.027,27.172,12.871
239.560,134.329,27.172,12.871
237.621,135.803,27.172,12.871
236.303,135.725,27.172,12.871
236.846,136.268,27.172,12.871
235.837,136.811,27.172,12.871
235.450,136.268,27.172,12.871
234.907,136.811,27.172,12.871
235.760,135.958,27.172,12.871
234.596,136.501,27.172,12.871
233.588,137.199,27.172,12.871
233.821,136.656,27.172,12.871
233.743,136.424,27.172,12.871
233.355,137.122,27.172,12.871
232.813,136.113,27.172,12.871
231.804,136.036,27.172,12.871
231.417,135.648,27.172,12.871
230.563,135.105,27.172,12.871
230.331,135.648,27.172,12.871
231.649,134.950,27.172,12.871
230.796,135.493,27.172,12.871
230.408,136.346,27.172,12.871
231.106,135.958,27.172,12.871
230.874,135.260,27.172,12.871
230.951,135.648,27.172,12.871
231.029,134.950,27.172,12.871
230.951,135.338,27.172,12.871
230.874,135.725,27.172,12.871
230.796,134.252,27.172,12.871
230.563,134.795,27.172,12.871
230.020,134.097,27.172,12.871
231.029,134.485,27.172,12.871
231.727,135.027,27.172,12.871
231.029,134.485,27.172,12.871
232.192,134.872,27.172,12.871
232.115,134.640,27.172,12.871
232.037,135.183,27.172,12.871
232.270,135.725,27.172,12.871
232.657,135.183,27.172,12.871
231.649,135.570,27.172,12.871
231.261,135.648,27.172,12.871
233.511,135.881,27.172,12.871
232.968,136.268,27.172,12.871
233.511,137.277,27.172,12.871
232.347,137.820,27.172,12.871
233.200,138.362,27.172,12.871
234.209,139.060,27.172,12.871
233.976,138.828,27.172,12.871
233.123,139.371,27.172,12.871
234.131,140.689,27.172,12.871
233.898,141.077,27.172,12.871
234.131,142.395,27.172,12.871
234.984,142.938,27.172,12.871
233.666,143.171,27.172,12.871
232.813,144.024,27.172,12.871
233.200,144.567,27.172,12.871
233.743,143.869,27.172,12.871
232.735,144.412,27.172,12.871
233.433,144.800,27.172,12.871
232.890,144.412,27.172,12.871
233.123,145.730,27.172,12.871
233.511,145.032,27.172,12.871
232.968,145.575,27.172,12.871
233.976,144.877,27.172,12.871
233.743,145.265,27.172,12.871
233.976,145.653,27.172,12.871
234.829,144.334,27.172,12.871
234.286,145.343,27.172,12.871
234.829,145.886,27.172,12.871
233.821,145.188,27.172,12.871
233.898,145.730,27.172,12.871
233.976,145.032,27.172,12.871
234.053,145.575,27.172,12.871
234.596,145.343,27.172,12.871
235.139,146.351,27.172,12.871
235.992,146.428,27.172,12.871
236.690,146.661,27.172,12.871
237.544,145.653,27.172,12.871
237.776,145.886,27.172,12.871
237.854,146.894,27.172,12.871
238.397,147.282,27.172,12.871
239.095,147.825,27.172,12.871
238.552,146.816,27.172,12.871
237.854,147.669,27.172,12.871
238.862,148.057,27.172,12.871
239.870,147.980,27.172,12.871
239.483,148.988,27.172,12.871
238.629,149.221,27.172,12.871
238.242,149.453,27.172,12.871
238.940,149.841,27.172,12.871
238.552,149.453,27.172,12.871
238.785,150.772,27.172,12.871
239.638,149.919,27.172,12.871
239.250,150.462,27.172,12.871
240.103,151.004,27.172,12.871
239.715,150.772,27.172,12.871
239.328,151.004,27.172,12.871
239.870,151.237,27.172,12.871
239.328,150.539,27.172,12.871
240.026,150.617,27.172,12.871
239.638,149.763,27.172,12.871
238.940,149.996,27.172,12.871
239.172,150.384,27.172,12.871
239.095,151.082,27.172,12.871
238.862,150.384,27.172,12.871
238.785,150.617,27.172,12.871
238.397,149.763,27.172,12.871
238.474,150.151,27.172,12.871
237.156,149.608,27.172,12.871
237.854,149.065,27.172,12.871
237.621,149.608,27.172,12.871
237.233,149.065,27.172,12.871
238.087,149.763,27.172,12.871
238.009,149.531,27.172,12.871
239.172,150.694,27.172,12.871
238.630,151.082,27.172,12.871
237.621,151.935,27.172,12.871
238.164,152.168,27.172,12.871
239.172,152.556,27.172,12.871
238.785,153.409,27.172,12.871
238.242,153.797,27.172,12.871
238.319,153.098,27.172,12.871
238.707,153.797,27.172,12.871
237.854,153.254,27.172,12.871
238.087,153.952,27.172,12.871
238.164,153.409,27.172,12.871
238.242,153.952,27.172,12.871
238.164,153.564,27.172,12.871
238.707,154.727,27.172,12.871
238.319,154.029,27.172,12.871
239.328,154.417,27.172,12.871
239.250,154.960,27.172,12.871
239.793,154.262,27.172,12.871
239.095,154.805,27.172,12.871
239.483,154.107,27.172,12.871
238.474,154.184,27.172,12.871
238.397,153.641,27.172,12.871
239.560,153.098,27.172,12.871
239.172,153.486,27.172,12.871
239.870,154.029,27.172,12.871
239.328,153.331,27.172,12.871
240.181,153.719,27.172,12.871
240.258,153.176,27.172,12.871
240.646,154.029,27.172,12.871
240.413,154.107,27.172,12.871
241.577,154.339,27.172,12.871
241.344,154.572,27.172,12.871
242.507,153.564,27.172,12.871
241.654,154.572,27.172,12.871
242.507,153.719,27.172,12.871
242.120,153.176,27.172,12.871
243.128,153.874,27.172,12.871
243.826,153.797,27.172,12.871
244.214,154.184,27.172,12.871
245.377,154.417,27.172,12.871
246.075,154.805,27.172,12.871
246.153,153.952,27.172,12.871
246.075,154.650,27.172,12.871
245.687,155.037,27.172,12.871
245.455,155.580,27.172,12.871
245.067,154.882,27.172,12.871
246.075,155.735,27.172,12.871
246.618,155.658,27.172,12.871
246.230,156.046,27.172,12.871
247.083,156.123,27.172,12.871
247.471,156.356,27.172,12.871
246.928,155.968,27.172,12.871
247.937,156.201,27.172,12.871
248.945,156.744,27.172,12.871
249.488,156.046,27.172,12.871
248.790,156.744,27.172,12.871
250.108,156.976,27.172,12.871
250.341,157.519,27.172,12.871
250.574,158.217,27.172,12.871
250.031,158.295,27.172,12.871
251.194,158.838,27.172,12.871
252.202,158.450,27.172,12.871
252.280,159.148,27.172,12.871
252.978,158.760,27.172,12.871
252.435,158.528,27.172,12.871
251.892,159.536,27.172,12.871
252.900,160.389,27.172,12.871
252.978,160.311,27.172,12.871
254.141,160.854,27.172,12.871
255.150,161.087,27.172,12.871
255.227,161.785,27.172,12.871
255.770,161.708,27.172,12.871
255.692,161.785,27.172,12.871
256.235,161.863,27.172,12.871
257.709,162.406,27.172,12.871
258.252,163.104,27.172,12.871
258.795,162.871,27.172,12.871
258.252,163.414,27.172,12.871
258.950,164.267,27.172,12.871
258.717,164.034,27.172,12.871
259.105,164.267,27.172,12.871
260.113,164.500,27.172,12.871
260.811,164.887,27.172,12.871
261.820,164.189,27.172,12.871
261.432,164.732,27.172,12.871
262.130,164.034,27.172,12.871
263.293,164.577,27.172,12.871
263.836,164.034,27.172,12.871
263.293,164.732,27.172,12.871
264.612,164.189,27.172,12.871
264.379,164.887,27.172,12.871
266.628,164.189,27.172,12.871
266.085,165.508,27.172,12.871
267.249,166.361,27.172,12.871
267.947,166.594,27.172,12.871
268.335,166.051,27.172,12.871
269.498,166.594,27.172,12.871
268.800,166.206,27.172,12.871
269.033,167.214,27.172,12.871
268.645,167.447,27.172,12.871
268.877,167.680,27.172,12.871
269.575,166.982,27.172,12.871
269.498,167.680,27.172,12.871
269.731,167.447,27.172,12.871
270.429,168.455,27.172,12.871
270.816,168.378,27.172,12.871
271.825,168.920,27.172,12.871
272.988,168.222,27.172,12.871
272.911,168.920,27.172,12.871
273.298,168.998,27.172,12.871
273.996,169.851,27.172,12.871
273.453,169.308,27.172,12.871
273.376,170.006,27.172,12.871
275.005,169.463,27.172,12.871
275.703,170.161,27.172,12.871
275.935,169.463,27.172,12.871
276.478,169.851,27.172,12.871
276.556,169.153,27.172,12.871
277.254,169.541,27.172,12.871
278.572,169.929,27.172,12.871
278.184,169.231,27.172,12.871
279.193,169.929,27.172,12.871
278.329,170.350,27.773,13.156
278.884,170.746,27.773,13.156
280.073,170.350,27.773,13.156
280.945,171.063,27.773,13.156
281.500,170.350,27.773,13.156
281.421,170.429,27.773,13.156
282.610,169.240,27.773,13.156
283.957,170.112,27.773,13.156
285.146,169.557,27.773,13.156
284.909,168.843,27.773,13.156
286.573,169.398,27.773,13.156
286.970,169.478,27.773,13.156
288.317,168.130,27.773,13.156
287.763,168.843,27.773,13.156
289.110,168.447,27.773,13.156
290.141,167.892,27.773,13.156
289.269,169.081,27.773,13.156
289.824,169.795,27.773,13.156
290.537,169.715,27.773,13.156
290.934,169.953,27.773,13.156
291.964,170.191,27.773,13.156
292.678,170.429,27.773,13.156
293.232,169.240,27.773,13.156
293.629,170.112,27.773,13.156
294.818,169.715,27.773,13.156
295.531,169.160,27.773,13.156
295.928,170.032,27.773,13.156
296.641,169.636,27.773,13.156
296.721,169.557,27.773,13.156
297.593,169.795,27.773,13.156
298.465,170.508,27.773,13.156
298.861,169.953,27.773,13.156
298.940,170.508,27.773,13.156
299.020,169.953,27.773,13.156
299.574,170.508,27.773,13.156
298.861,170.112,27.773,13.156
299.416,170.667,27.773,13.156
298.702,170.112,27.773,13.156
299.099,170.508,27.773,13.156
299.812,169.636,27.773,13.156
299.416,169.557,27.773,13.156
299.337,169.160,27.773,13.156
300.050,169.715,27.773,13.156
301.239,168.368,27.773,13.156
300.684,168.923,27.773,13.156
300.605,168.051,27.773,13.156
300.367,167.337,27.773,13.156
299.971,166.782,27.773,13.156
300.684,166.227,27.773,13.156
299.812,166.465,27.773,13.156
300.050,164.959,27.773,13.156
300.446,165.197,27.773,13.156
299.574,164.483,27.773,13.156
299.020,164.087,27.773,13.156
299.416,164.008,27.773,13.156
298.702,163.136,27.773,13.156
298.782,162.422,27.773,13.156
298.227,162.026,27.773,13.156
297.672,162.422,27.773,13.156
298.227,161.074,27.773,13.156
297.355,161.312,27.773,13.156
296.800,160.757,27.773,13.156
296.562,160.520,27.773,13.156
295.690,159.013,27.773,13.156
295.294,158.300,27.773,13.156
293.946,159.172,27.773,13.156
294.025,158.458,27.773,13.156
293.470,156.477,27.773,13.156
292.440,155.605,27.773,13.156
291.409,156.159,27.773,13.156
290.379,156.873,27.773,13.156
289.665,155.842,27.773,13.156
289.110,155.129,27.773,13.156
288.555,155.367,27.773,13.156
287.049,155.605,27.773,13.156
286.046,154.751,27.181,12.875
285.038,154.053,27.181,12.875
283.719,155.062,27.181,12.875
282.710,153.588,27.181,12.875
281.546,151.958,27.181,12.875
280.538,152.502,27.181,12.875
279.374,153.355,27.181,12.875
278.831,153.743,27.181,12.875
277.822,152.734,27.181,12.875
276.658,152.657,27.181,12.875
275.495,152.114,27.181,12.875
274.331,151.726,27.181,12.875
273.943,150.562,27.181,12.875
272.003,150.950,27.181,12.875
270.840,150.096,27.181,12.875
268.900,150.795,27.181,12.875
267.271,150.872,27.181,12.875
266.262,150.329,27.181,12.875
264.788,150.562,27.181,12.875
263.314,150.640,27.181,12.875
262.150,148.234,27.181,12.875
260.831,148.622,27.181,12.875
258.737,148.234,27.181,12.875
256.797,149.088,27.181,12.875
255.323,148.700,27.181,12.875
254.491,147.416,26.602,12.601
252.745,146.581,26.602,12.601
249.480,147.568,26.602,12.601
248.796,147.037,26.602,12.601
247.202,145.442,26.602,12.601
245.607,144.911,26.602,12.601
244.468,144.227,26.602,12.601
242.874,145.063,26.602,12.601
240.824,145.290,26.602,12.601
239.381,145.214,26.602,12.601
238.546,144.531,26.602,12.601
237.711,143.392,26.602,12.601
235.053,142.709,26.602,12.601
234.066,142.937,26.602,12.601
232.927,142.405,26.602,12.601
231.940,141.114,26.602,12.601
230.345,140.583,26.602,12.601
229.510,141.114,26.602,12.601
228.675,140.583,26.602,12.601
227.992,141.114,26.602,12.601
227.005,140.735,26.602,12.601
226.625,140.962,26.602,12.601
226.549,141.798,26.602,12.601
225.714,141.418,26.602,12.601
223.967,142.253,26.602,12.601
223.284,142.481,26.602,12.601
222.601,143.164,26.602,12.601
222.525,142.633,26.602,12.601
222.297,143.468,26.602,12.601
221.006,144.759,26.602,12.601
219.715,144.987,26.602,12.601
218.576,145.214,26.602,12.601
218.652,145.138,26.602,12.601
218.425,144.455,26.602,12.601
217.589,144.683,26.602,12.601
217.513,144.000,26.602,12.601
216.678,142.861,26.602,12.601
215.843,142.329,26.602,12.601
214.552,143.468,26.602,12.601
214.476,143.544,26.602,12.601
213.945,143.164,26.602,12.601
213.261,141.873,26.602,12.601
213.034,140.583,26.602,12.601
212.047,141.570,26.602,12.601
211.363,140.886,26.602,12.601
211.895,138.684,26.602,12.601
210.148,139.823,26.602,12.601
210.528,137.925,26.602,12.601
210.452,136.482,26.602,12.601
209.313,137.621,26.602,12.601
208.782,136.938,26.602,12.601
209.161,134.888,26.602,12.601
208.933,134.356,26.602,12.601
208.098,135.495,26.602,12.601
207.870,135.723,26.602,12.601
207.339,134.432,26.602,12.601
207.567,134.205,26.602,12.601
207.946,133.066,26.602,12.601
206.504,132.534,26.602,12.601
206.428,133.066,26.602,12.601
205.896,132.534,26.602,12.601
205.365,133.218,26.602,12.601
205.593,133.142,26.602,12.601
205.061,132.914,26.602,12.601
203.770,132.382,26.602,12.601
202.328,133.066,26.602,12.601
201.948,132.838,26.602,12.601
202.176,130.788,26.602,12.601
202.100,130.104,26.602,12.601
202.024,130.484,26.602,12.601
201.948,130.864,26.602,12.601
201.872,130.332,26.602,12.601
201.644,131.167,26.602,12.601
202.783,131.243,26.602,12.601
201.948,131.471,26.602,12.601
202.783,131.699,26.602,12.601
202.707,131.319,26.602,12.601
202.631,130.636,26.602,12.601
203.315,131.167,26.602,12.601
202.024,130.636,26.602,12.601
201.340,131.623,26.602,12.601
201.568,131.395,26.602,12.601
201.796,130.560,26.602,12.601
201.113,129.421,26.602,12.601
201.340,128.586,26.602,12.601
201.113,129.117,26.602,12.601
200.581,128.890,26.602,12.601
200.961,128.965,26.602,12.601
199.822,129.497,26.602,12.601
200.505,128.662,26.602,12.601
201.948,127.219,26.602,12.601
202.176,126.536,26.602,12.601
202.859,126.915,26.602,12.601
203.087,126.080,26.602,12.601
203.618,126.460,26.602,12.601
204.302,126.839,26.602,12.601
204.226,126.308,26.602,12.601
204.302,127.143,26.602,12.601
203.770,127.371,26.602,12.601
204.342,126.050,27.190,12.880
205.306,124.766,26.610,12.605
205.533,124.234,26.610,12.605
205.609,125.070,26.610,12.605
206.597,123.323,26.610,12.605
207.280,122.335,26.610,12.605
206.901,122.411,26.610,12.605
206.673,122.487,26.610,12.605
207.508,123.171,26.610,12.605
206.825,122.791,26.610,12.605
207.356,120.285,26.610,12.605
208.192,120.664,26.610,12.605
207.660,121.652,26.610,12.605
208.648,120.664,26.610,12.605
209.635,118.614,26.610,12.605
209.407,119.297,26.610,12.605
209.483,118.310,26.610,12.605
210.622,116.563,26.610,12.605
210.395,116.791,26.610,12.605
211.534,113.980,26.610,12.605
212.369,113.753,26.610,12.605
213.509,112.006,26.610,12.605
214.040,112.385,26.610,12.605
215.028,110.183,26.610,12.605
215.863,111.018,26.610,12.605
216.699,109.575,26.610,12.605
217.990,108.436,26.610,12.605
218.977,108.056,26.610,12.605
219.661,107.828,26.610,12.605
220.800,107.448,26.610,12.605
219.813,109.347,26.610,12.605
219.585,110.487,26.610,12.605
220.724,111.170,26.610,12.605
220.193,110.183,26.610,12.605
221.180,109.043,26.610,12.605
221.104,108.360,26.610,12.605
220.876,108.436,26.610,12.605
220.496,108.056,26.610,12.605
221.028,107.676,26.610,12.605
220.041,108.512,26.610,12.605
219.509,109.195,26.610,12.605
218.825,108.056,26.610,12.605
218.598,106.005,26.610,12.605
219.281,105.474,26.610,12.605
217.990,106.309,26.610,12.605
216.851,106.081,26.610,12.605
216.015,106.613,26.610,12.605
215.787,107.296,26.610,12.605
215.711,106.917,26.610,12.605
216.243,105.777,26.610,12.605
216.471,105.701,26.610,12.605
215.939,107.297,26.610,12.605
215.408,108.740,26.610,12.605
216.091,108.208,26.610,12.605
215.408,107.980,26.610,12.605
215.028,107.448,26.610,12.605
214.040,108.284,26.610,12.605
213.053,108.967,26.610,12.605
212.521,110.259,26.610,12.605
212.293,110.790,26.610,12.605
212.521,111.778,26.610,12.605
210.926,113.525,26.610,12.605
210.395,114.208,26.610,12.605
209.407,115.955,26.610,12.605
209.027,116.487,26.610,12.605
208.648,116.867,26.610,12.605
209.027,115.576,26.610,12.605
208.344,116.107,26.610,12.605
208.116,115.424,26.610,12.605
207.888,116.107,26.610,12.605
208.116,115.272,26.610,12.605
208.800,115.803,26.610,12.605
208.420,114.968,26.610,12.605
209.103,115.651,26.610,12.605
208.572,116.335,26.610,12.605
209.407,115.955,26.610,12.605
208.088,116.367,27.199,12.884
208.632,116.600,27.199,12.884
207.467,115.591,27.199,12.884
207.855,114.427,27.199,12.884
208.709,114.504,27.199,12.884
208.166,114.116,27.199,12.884
209.330,113.417,27.199,12.884
208.787,114.271,27.199,12.884
208.244,113.728,27.199,12.884
209.098,113.184,27.199,12.884
208.088,114.038,27.199,12.884
207.079,113.495,27.199,12.884
206.225,114.349,27.199,12.884
205.038,113.482,27.801,13.169
205.752,113.561,27.801,13.169
204.375,113.991,28.416,13.460
204.942,113.586,28.416,13.460
204.050,113.180,28.416,13.460
203.969,114.235,28.416,13.460
204.699,114.478,28.416,13.460
206.018,111.885,27.810,13.173
205.463,111.489,27.810,13.173
204.431,111.885,27.810,13.173
205.621,112.124,27.810,13.173
206.971,110.139,27.810,13.173
207.038,109.132,27.217,12.892
206.339,109.210,27.217,12.892
206.882,109.598,27.217,12.892
206.183,108.588,27.217,12.892
207.038,108.821,27.217,12.892
206.028,109.986,27.217,12.892
206.416,109.132,27.217,12.892
205.251,109.676,27.217,12.892
206.261,110.220,27.217,12.892
207.116,107.190,27.217,12.892
206.261,107.889,27.217,12.892
205.073,108.633,27.819,13.177
206.264,108.077,27.819,13.177
204.886,108.014,28.435,13.469
204.805,106.959,28.435,13.469
204.723,107.040,28.435,13.469
205.941,107.121,28.435,13.469
204.886,107.202,28.435,13.469
204.480,108.095,28.435,13.469
203.071,109.209,29.064,13.767
203.983,108.794,29.064,13.767
202.739,112.029,29.064,13.767
201.992,112.112,29.064,13.767
203.237,111.366,29.064,13.767
201.796,112.332,29.707,14.072
200.324,113.496,30.364,14.383
199.717,112.890,30.364,14.383
199.457,113.150,30.364,14.383
200.757,112.543,30.364,14.383
199.457,113.843,30.364,14.383
197.952,115.033,31.036,14.701
198.927,115.653,31.036,14.701
198.124,114.847,31.722,15.026
197.309,115.481,31.722,15.026
197.943,114.666,31.722,15.026
197.128,114.937,31.722,15.026
198.486,115.028,31.722,15.026
198.939,115.662,31.722,15.026
197.762,116.658,31.722,15.026
197.128,115.662,31.722,15.026
198.305,115.571,31.722,15.026
198.939,115.843,31.722,15.026
197.581,116.839,31.722,15.026
198.577,116.929,31.722,15.026
199.573,115.390,31.722,15.026
198.396,114.213,31.722,15.026
199.078,114.516,32.424,15.359
199.199,114.443,33.142,15.699
199.483,112.834,33.142,15.699
199.010,111.605,33.142,15.699
199.294,112.834,33.142,15.699
199.956,111.415,33.142,15.699
199.862,112.078,33.142,15.699
201.091,110.280,33.142,15.699
199.862,109.996,33.142,15.699
201.470,109.523,33.142,15.699
202.132,110.564,33.142,15.699
199.901,109.900,33.875,16.046
198.837,110.383,33.875,16.046
199.514,111.253,33.875,16.046
200.243,112.179,34.624,16.401
201.132,113.266,34.624,16.401
201.824,113.365,34.624,16.401
203.109,113.859,34.624,16.401
204.393,112.772,34.624,16.401
206.073,113.859,34.624,16.401
207.556,112.772,34.624,16.401
209.236,113.662,34.624,16.401
210.323,113.958,34.624,16.401
212.003,113.069,34.624,16.401
212.893,114.749,34.624,16.401
213.980,115.638,34.624,16.401
213.881,115.737,34.624,16.401
215.166,116.824,34.624,16.401
216.648,116.923,34.624,16.401
215.547,117.870,35.390,16.764
214.422,119.047,36.173,17.135
215.352,119.356,36.173,17.135
214.216,117.601,36.173,17.135
213.080,116.465,36.173,17.135
211.944,116.569,36.173,17.135
210.808,116.878,36.173,17.135
210.086,117.395,36.173,17.135
209.150,117.741,36.974,17.514
210.311,115.947,36.974,17.514
211.261,114.575,36.974,17.514
209.647,114.928,37.792,17.901
211.265,113.094,37.792,17.901
213.099,112.555,37.792,17.901
213.638,112.016,37.792,17.901
212.236,114.497,37.792,17.901
213.423,115.468,37.792,17.901
213.746,114.713,37.792,17.901
212.097,114.179,38.628,18.297
213.386,114.548,39.483,18.702
210.260,116.563,40.356,19.116
211.757,115.757,40.356,19.116
213.485,117.254,40.356,19.116
213.370,118.752,40.356,19.116
211.609,120.333,41.249,19.539
213.375,121.628,41.249,19.539
211.086,122.022,42.162,19.971
210.484,120.939,42.162,19.971
210.846,122.263,42.162,19.971
209.522,122.865,42.162,19.971
209.161,123.707,42.162,19.971
210.244,122.143,42.162,19.971
210.846,122.504,42.162,19.971
211.447,123.828,42.162,19.971
211.808,124.189,42.162,19.971
213.132,122.865,42.162,19.971
212.771,123.948,42.162,19.971
213.373,123.105,42.162,19.971
211.808,121.060,42.162,19.971
212.410,120.217,42.162,19.971
210.846,120.819,42.162,19.971
211.688,120.939,42.162,19.971
211.327,120.578,42.162,19.971
210.244,119.977,42.162,19.971
211.086,118.653,42.162,19.971
210.484,117.810,42.162,19.971
211.086,116.487,42.162,19.971
209.762,116.848,42.162,19.971
211.568,117.209,42.162,19.971
209.762,115.885,42.162,19.971
210.605,116.727,42.162,19.971
211.688,117.088,42.162,19.971
210.846,117.690,42.162,19.971
211.447,117.810,42.162,19.971
211.327,117.931,42.162,19.971
212.651,118.292,42.162,19.971
213.734,116.968,42.162,19.971
213.613,118.051,42.162,19.971
214.696,116.968,42.162,19.971
216.020,118.051,42.162,19.971
213.182,118.454,43.095,20.413
214.874,119.377,44.048,20.865
216.509,119.000,44.048,20.865
213.543,118.378,45.023,21.327
215.471,116.193,45.023,21.327
216.973,116.891,46.019,21.798
214.740,116.234,46.019,21.798
215.730,114.494,47.037,22.281
217.206,114.896,47.037,22.281
218.146,113.688,47.037,22.281
217.475,114.896,47.037,22.281
218.952,113.688,47.037,22.281
216.132,114.359,47.037,22.281
218.952,112.077,47.037,22.281
216.938,111.137,47.037,22.281
218.952,111.003,47.037,22.281
220.160,111.406,47.037,22.281
221.637,112.077,47.037,22.281
223.651,110.332,47.037,22.281
227.449,110.782,48.078,22.774
227.629,109.248,49.141,23.277
228.610,110.511,49.141,23.277
226.787,108.968,49.141,23.277
232.257,107.425,49.141,23.277
232.959,107.565,49.141,23.277
231.416,106.864,49.141,23.277
230.153,107.565,49.141,23.277
227.208,106.583,49.141,23.277
230.153,105.040,49.141,23.277
231.696,106.303,49.141,23.277
229.592,106.162,49.141,23.277
228.049,104.620,49.141,23.277
231.275,103.077,49.141,23.277
232.042,102.383,50.229,23.792
232.527,102.566,51.340,24.319
230.622,102.126,51.340,24.319
231.727,102.313,52.476,24.857
231.876,103.062,52.476,24.857
230.528,103.212,52.476,24.857
231.876,103.661,52.476,24.857
230.528,102.613,52.476,24.857
231.876,103.362,52.476,24.857
228.965,104.796,53.637,25.407
229.424,105.255,53.637,25.407
227.719,106.721,54.823,25.969
229.440,106.878,54.823,25.969
230.536,107.347,54.823,25.969
231.944,106.878,54.823,25.969
233.039,107.347,54.823,25.969
233.822,107.504,54.823,25.969
231.475,106.408,54.823,25.969
230.379,105.313,54.823,25.969
232.100,105.470,54.823,25.969
229.753,105.939,54.823,25.969
230.223,104.844,54.823,25.969
229.440,104.374,54.823,25.969
227.373,104.899,56.036,26.544
228.492,104.099,56.036,26.544
228.652,104.899,56.036,26.544
229.772,104.419,56.036,26.544
228.652,105.218,56.036,26.544
230.412,105.378,56.036,26.544
228.652,106.818,56.036,26.544
227.213,108.257,56.036,26.544
225.133,110.017,56.036,26.544
222.094,111.136,56.036,26.544
218.322,111.341,57.276,27.131
215.215,110.850,57.276,27.131
212.109,110.360,57.276,27.131
210.311,110.850,57.276,27.131
210.147,109.379,57.276,27.131
208.022,109.542,57.276,27.131
206.878,108.725,57.276,27.131
207.695,110.196,57.276,27.131
206.224,110.687,57.276,27.131
206.060,110.196,57.276,27.131
205.897,111.014,57.276,27.131
204.425,111.177,57.276,27.131
202.954,111.341,57.276,27.131
202.137,111.177,57.276,27.131
200.992,111.668,57.276,27.131
198.867,111.177,57.276,27.131
196.742,113.956,57.276,27.131
194.616,113.793,57.276,27.131
192.818,113.302,57.276,27.131
191.673,115.101,57.276,27.131
192.818,115.591,57.276,27.131
191.673,116.082,57.276,27.131
190.856,116.245,57.276,27.131
191.673,115.101,57.276,27.131
190.856,112.976,57.276,27.131
191.346,110.523,57.276,27.131
191.183,106.763,57.276,27.131
191.020,102.676,57.276,27.131
190.202,98.589,57.276,27.131
188.731,95.156,57.276,27.131
186.932,93.030,57.276,27.131
185.788,89.924,57.276,27.131
184.644,86.818,57.276,27.131
184.153,84.693,57.276,27.131
185.625,82.894,57.276,27.131
186.442,83.385,57.276,27.131
187.586,81.586,57.276,27.131
189.385,81.096,57.276,27.131
190.856,83.548,57.276,27.131
192.654,85.020,57.276,27.131
194.126,87.472,57.276,27.131
196.578,89.270,57.276,27.131
198.703,91.722,57.276,27.131
200.829,92.867,57.276,27.131
201.973,95.319,57.276,27.131
201.810,96.464,57.276,27.131
203.281,94.011,57.276,27.131
203.117,91.886,57.276,27.131
203.281,89.434,57.276,27.131
202.463,88.289,57.276,27.131
201.973,86.164,57.276,27.131
202.790,84.366,57.276,27.131
204.589,82.567,57.276,27.131
206.387,81.423,57.276,27.131
208.185,82.894,57.276,27.131
211.619,81.096,57.276,27.131
212.109,81.913,57.276,27.131
211.946,84.039,57.276,27.131
209.820,86.491,57.276,27.131
206.714,87.308,57.276,27.131
203.935,90.742,57.276,27.131
202.136,92.867,57.276,27.131
201.319,94.992,57.276,27.131
199.521,97.444,57.276,27.131
198.703,99.243,57.276,27.131
199.194,101.368,57.276,27.131
201.319,99.243,57.276,27.131
203.771,99.079,57.276,27.131
204.262,97.281,57.276,27.131
206.060,94.829,57.276,27.131
206.224,91.396,57.276,27.131
205.406,88.943,57.276,27.131
202.300,88.453,57.276,27.131
200.502,87.962,57.276,27.131
198.376,88.780,57.276,27.131
197.886,87.962,57.276,27.131
197.395,88.453,57.276,27.131
197.559,86.981,57.276,27.131
196.741,88.126,57.276,27.131
197.886,88.616,57.276,27.131
197.395,89.761,57.276,27.131
197.559,90.251,57.276,27.131
198.049,91.722,57.276,27.131
199.848,93.194,57.276,27.131
200.665,94.338,57.276,27.131
202.136,94.502,57.276,27.131
204.165,93.688,56.055,26.552
203.365,96.088,56.055,26.552
204.165,95.608,56.055,26.552
204.645,94.488,56.055,26.552
207.556,94.000,54.859,25.986
208.026,95.409,54.859,25.986
208.183,98.071,54.859,25.986
208.315,100.009,53.690,25.432
208.775,99.855,53.690,25.432
208.008,100.009,53.690,25.432
207.242,101.081,53.690,25.432
206.485,102.091,52.545,24.890
207.479,101.923,51.424,24.359
207.886,102.041,50.327,23.839
207.453,101.326,49.254,23.331
209.469,100.355,48.204,22.833
210.432,98.842,48.204,22.833
213.597,98.979,48.204,22.833
216.211,96.915,48.204,22.833
221.577,97.053,48.204,22.833
224.466,95.540,48.204,22.833
227.631,94.026,48.204,22.833
232.447,94.989,48.204,22.833
235.611,94.576,48.204,22.833
238.910,95.218,47.176,22.346
239.045,94.275,47.176,22.346
240.456,95.422,46.170,21.870
241.642,95.027,46.170,21.870
242.516,96.149,45.185,21.404
241.871,98.599,45.185,21.404
242.477,100.195,44.222,20.947
242.351,101.331,44.222,20.947
243.234,102.215,44.222,20.947
244.118,102.846,44.222,20.947
245.684,103.677,43.279,20.500
246.796,102.319,43.279,20.500
247.908,101.454,43.279,20.500
247.537,100.589,43.279,20.500
248.649,101.207,43.279,20.500
247.537,101.824,43.279,20.500
246.425,100.960,43.279,20.500
245.815,99.630,42.356,20.063
245.453,100.235,42.356,20.063
244.364,101.807,42.356,20.063
242.551,102.653,42.356,20.063
242.188,103.983,42.356,20.063
241.100,101.686,42.356,20.063
240.738,102.532,42.356,20.063
240.375,102.411,42.356,20.063
241.176,101.343,41.452,19.635
242.004,101.462,41.452,19.635
242.832,99.687,41.452,19.635
244.134,97.912,41.452,19.635
245.602,97.095,40.568,19.217
247.108,95.590,40.568,19.217
249.076,95.705,40.568,19.217
251.629,94.459,39.703,18.807
252.599,94.769,38.857,18.406
252.044,94.436,38.857,18.406
252.779,93.457,38.028,18.013
253.539,92.480,38.028,18.013
252.562,92.371,38.028,18.013
251.802,91.829,38.028,18.013
252.940,92.125,37.217,17.629
254.259,90.573,36.423,17.253
255.610,90.469,36.423,17.253
255.298,90.573,36.423,17.253
254.384,91.658,35.647,16.885
256.039,91.348,34.886,16.525
257.134,90.253,34.886,16.525
259.714,88.605,34.143,16.173
261.176,89.093,34.143,16.173
262.443,88.605,34.143,16.173
263.514,89.677,34.143,16.173
262.248,88.800,34.143,16.173
260.786,88.703,34.143,16.173
260.104,88.995,34.143,16.173
258.252,87.728,34.143,16.173
259.649,87.619,33.414,15.828
258.075,87.696,32.702,15.490
257.982,90.029,32.702,15.490
256.621,91.184,32.004,15.160
255.642,91.434,31.322,14.837
255.889,90.644,30.654,14.520
254.752,91.957,30.654,14.520
255.838,91.858,30.000,14.211
256.437,92.115,30.000,14.211
257.208,91.516,30.000,14.211
258.835,92.458,30.000,14.211
262.688,92.201,30.000,14.211
264.741,92.765,29.361,13.908
267.842,93.017,29.361,13.908
270.943,93.771,29.361,13.908
273.114,93.192,28.734,13.611
276.476,93.930,28.734,13.611
278.199,92.864,28.734,13.611
279.429,92.290,28.734,13.611
282.819,90.617,28.122,13.321
285.826,89.134,27.522,13.037
284.962,88.270,27.522,13.037
286.612,87.249,27.522,13.037
288.041,86.555,26.935,12.759
289.736,85.579,26.361,12.487
291.105,85.785,25.798,12.220
290.000,86.301,25.798,12.220
290.914,86.644,25.248,11.960
291.670,86.980,24.710,11.705
292.164,86.345,24.710,11.705
293.175,86.266,24.183,11.455
294.431,86.188,23.667,11.211
295.790,85.852,23.163,10.972
296.517,85.918,23.163,10.972
297.244,86.910,23.163,10.972
297.707,88.695,23.163,10.972
296.451,87.703,23.163,10.972
293.608,90.282,23.163,10.972
290.765,91.141,23.163,10.972
288.055,90.943,23.163,10.972
286.137,90.480,23.163,10.972
283.559,90.678,23.163,10.972
282.213,89.712,22.669,10.738
279.773,93.132,22.185,10.509
280.559,92.450,21.712,10.285
279.133,95.363,21.712,10.285
280.435,94.310,21.712,10.285
281.562,95.674,21.249,10.065
281.744,96.705,21.249,10.065
283.081,97.806,20.796,9.851
284.161,98.655,20.352,9.641
285.330,99.821,19.918,9.435
285.728,100.561,19.918,9.435
284.989,103.346,19.918,9.435
285.804,104.817,19.494,9.234
287.996,105.934,19.078,9.037
285.655,107.405,19.078,9.037
286.961,108.288,18.671,8.844
288.136,108.331,18.273,8.656
287.576,108.976,17.883,8.471
286.607,108.007,17.883,8.471
287.240,107.261,17.502,8.290
288.189,106.112,17.502,8.290
288.039,104.996,17.129,8.114
287.012,103.872,17.129,8.114
287.430,102.309,16.763,7.941
288.209,100.964,16.406,7.771
287.038,99.231,16.406,7.771
286.626,98.637,16.056,7.605
287.106,96.819,15.714,7.443
286.165,94.711,15.714,7.443
286.299,93.859,15.714,7.443
286.942,92.252,15.379,7.285
287.402,91.526,15.051,7.129
287.356,91.063,14.730,6.977
287.878,89.233,14.416,6.828
288.309,88.711,14.108,6.683
287.705,88.751,14.108,6.683
288.228,88.792,14.108,6.683
287.705,88.993,14.108,6.683
288.228,89.194,14.108,6.683
287.785,89.235,14.108,6.683
288.067,88.631,14.108,6.683
286.497,87.785,14.108,6.683
286.054,86.698,14.108,6.683
285.450,87.060,14.108,6.683
285.812,87.342,14.108,6.683
