276.000,161.000,73.000,74.000
277.894,161.082,74.615,75.637
280.556,160.195,74.615,75.637
283.218,159.899,74.615,75.637
285.880,159.603,74.615,75.637
289.725,159.899,74.615,75.637
292.979,159.012,74.615,75.637
296.824,159.307,74.615,75.637
300.669,160.195,74.615,75.637
303.331,160.491,74.615,75.637
305.401,161.378,74.615,75.637
307.471,160.491,74.615,75.637
308.950,158.420,74.615,75.637
310.429,153.392,74.615,75.637
311.316,147.772,74.615,75.637
312.204,142.744,74.615,75.637
312.500,139.491,74.615,75.637
313.387,141.561,74.615,75.637
312.500,144.223,74.615,75.637
312.204,147.477,74.615,75.637
311.316,150.139,74.615,75.637
311.021,151.617,74.615,75.637
311.316,153.096,74.615,75.637
309.838,153.984,74.615,75.637
310.725,154.279,74.615,75.637
309.246,155.758,74.615,75.637
308.359,156.645,74.615,75.637
308.299,158.307,73.024,74.024
308.589,159.755,73.024,74.024
307.720,161.781,73.024,74.024
307.431,163.228,73.024,74.024
307.720,163.518,73.024,74.024
306.852,164.386,73.024,74.024
306.562,164.096,73.024,74.024
305.694,163.228,73.024,74.024
305.405,163.518,73.024,74.024
305.115,162.649,73.024,74.024
303.668,163.518,73.024,74.024
302.799,164.386,73.024,74.024
301.931,165.833,73.024,74.024
301.063,167.859,73.024,74.024
300.773,169.886,73.024,74.024
300.484,171.333,73.024,74.024
301.931,172.201,73.024,74.024
301.642,173.070,73.024,74.024
301.931,173.359,73.024,74.024
302.799,173.649,73.024,74.024
303.089,173.938,73.024,74.024
303.957,173.649,73.024,74.024
303.668,173.938,73.024,74.024
303.378,174.228,73.024,74.024
303.089,173.938,73.024,74.024
302.799,175.386,73.024,74.024
301.931,175.096,73.024,74.024
301.642,174.807,73.024,74.024
301.352,175.675,73.024,74.024
301.642,175.964,73.024,74.024
301.352,177.412,73.024,74.024
301.642,177.701,73.024,74.024
300.773,178.570,73.024,74.024
301.063,180.017,73.024,74.024
300.773,180.306,73.024,74.024
301.642,180.596,73.024,74.024
301.931,180.306,73.024,74.024
303.957,177.701,73.024,74.024
304.826,175.096,73.024,74.024
305.115,173.070,73.024,74.024
305.405,172.201,73.024,74.024
305.694,173.070,73.024,74.024
305.405,175.096,73.024,74.024
305.694,179.438,73.024,74.024
304.826,186.675,73.024,74.024
305.694,193.332,73.024,74.024
305.983,197.095,73.024,74.024
305.694,197.964,73.024,74.024
304.247,197.674,73.024,74.024
303.378,196.806,73.024,74.024
301.931,197.095,73.024,74.024
300.484,198.543,73.024,74.024
299.615,202.306,73.024,74.024
297.010,204.332,73.024,74.024
296.142,206.937,73.024,74.024
293.832,208.821,74.640,75.662
292.700,210.133,76.291,77.336
290.914,210.846,77.979,79.047
290.605,211.773,77.979,79.047
290.296,210.846,77.979,79.047
288.471,207.727,79.704,80.796
288.156,205.515,79.704,80.796
287.840,202.672,79.704,80.796
286.892,201.092,79.704,80.796
286.576,199.512,79.704,80.796
286.892,197.932,79.704,80.796
285.944,196.985,79.704,80.796
285.628,196.669,79.704,80.796
285.944,195.089,79.704,80.796
285.628,194.773,79.704,80.796
287.208,193.825,79.704,80.796
287.524,193.509,79.704,80.796
288.471,193.193,79.704,80.796
289.419,194.141,79.704,80.796
289.735,194.457,79.704,80.796
290.051,194.773,79.704,80.796
290.999,195.089,79.704,80.796
291.315,195.405,79.704,80.796
292.263,193.825,79.704,80.796
292.579,193.509,79.704,80.796
293.527,193.193,79.704,80.796
293.843,192.245,79.704,80.796
293.527,191.929,79.704,80.796
293.843,192.245,79.704,80.796
293.527,191.929,79.704,80.796
293.843,191.614,79.704,80.796
293.527,191.298,79.704,80.796
293.843,189.718,79.704,80.796
292.895,190.034,79.704,80.796
293.211,189.718,79.704,80.796
293.527,190.034,79.704,80.796
293.843,190.350,79.704,80.796
293.527,190.034,79.704,80.796
294.284,190.123,81.468,82.584
293.961,189.155,81.468,82.584
294.284,188.832,81.468,82.584
293.961,187.863,81.468,82.584
293.638,188.186,81.468,82.584
293.315,188.509,81.468,82.584
292.346,188.832,81.468,82.584
292.669,188.509,81.468,82.584
292.346,189.477,81.468,82.584
292.669,189.155,81.468,82.584
292.992,188.186,81.468,82.584
293.315,188.509,81.468,82.584
292.992,187.540,81.468,82.584
293.961,187.217,81.468,82.584
293.638,186.248,81.468,82.584
293.315,185.279,81.468,82.584
292.992,184.311,81.468,82.584
293.315,183.988,81.468,82.584
292.992,182.373,81.468,82.584
293.315,182.696,81.468,82.584
292.992,182.373,81.468,82.584
293.315,181.404,81.468,82.584
292.346,180.435,81.468,82.584
292.023,179.467,81.468,82.584
291.700,178.498,81.468,82.584
291.377,177.529,81.468,82.584
291.054,176.560,81.468,82.584
292.023,175.591,81.468,82.584
292.346,174.623,81.468,82.584
292.023,174.300,81.468,82.584
292.992,173.331,81.468,82.584
293.315,173.008,81.468,82.584
292.992,172.685,81.468,82.584
293.315,173.008,81.468,82.584
292.992,172.685,81.468,82.584
293.315,173.654,81.468,82.584
292.992,173.977,81.468,82.584
293.961,173.654,81.468,82.584
294.284,175.268,81.468,82.584
293.961,174.946,81.468,82.584
294.284,175.268,81.468,82.584
293.961,175.591,81.468,82.584
294.930,175.914,81.468,82.584
295.253,174.300,81.468,82.584
294.016,172.381,83.270,84.411
294.346,172.711,83.270,84.411
294.677,171.061,83.270,84.411
293.026,169.410,83.270,84.411
293.356,167.760,83.270,84.411
293.026,166.770,83.270,84.411
292.696,165.119,83.270,84.411
291.706,164.129,83.270,84.411
290.442,162.168,85.112,86.278
290.105,163.855,85.112,86.278
289.093,162.168,85.112,86.278
288.755,164.530,85.112,86.278
289.093,163.517,85.112,86.278
288.081,165.204,85.112,86.278
288.418,166.891,85.112,86.278
288.081,166.554,85.112,86.278
287.743,167.566,85.112,86.278
288.755,167.229,85.112,86.278
289.093,169.590,85.112,86.278
287.406,167.903,85.112,86.278
288.214,168.699,86.996,88.187
286.490,168.354,86.996,88.187
286.601,167.736,88.920,90.138
286.249,167.384,88.920,90.138
285.896,167.736,88.920,90.138
286.953,165.974,88.920,90.138
285.896,165.622,88.920,90.138
286.953,164.564,88.920,90.138
287.306,163.507,88.920,90.138
286.953,162.449,88.920,90.138
288.011,161.392,88.920,90.138
289.068,162.449,88.920,90.138
288.011,160.687,88.920,90.138
290.478,161.744,88.920,90.138
290.831,163.507,88.920,90.138
292.593,163.859,88.920,90.138
292.946,165.622,88.920,90.138
294.003,165.974,88.920,90.138
295.765,167.736,88.920,90.138
296.118,168.089,88.920,90.138
296.470,169.851,88.920,90.138
297.528,169.499,88.920,90.138
297.175,169.851,88.920,90.138
296.823,170.204,88.920,90.138
297.175,170.556,88.920,90.138
294.708,169.499,88.920,90.138
295.060,169.146,88.920,90.138
292.593,169.499,88.920,90.138
292.241,168.441,88.920,90.138
289.773,167.384,88.920,90.138
291.536,168.441,88.920,90.138
288.363,165.269,88.920,90.138
287.306,164.212,88.920,90.138
287.658,162.449,88.920,90.138
287.306,159.982,88.920,90.138
286.249,157.515,88.920,90.138
286.601,155.047,88.920,90.138
284.839,152.580,88.920,90.138
285.191,150.113,88.920,90.138
283.429,149.055,88.920,90.138
284.486,147.998,88.920,90.138
282.724,146.940,88.920,90.138
285.896,148.703,88.920,90.138
282.353,145.877,90.888,92.133
281.272,144.796,90.888,92.133
285.235,147.318,90.888,92.133
283.108,142.935,92.899,94.171
282.003,138.884,92.899,94.171
281.635,139.252,92.899,94.171
280.530,135.202,92.899,94.171
282.371,135.570,92.899,94.171
281.267,130.783,92.899,94.171
279.425,126.732,92.899,94.171
281.267,127.100,92.899,94.171
278.689,122.313,92.899,94.171
279.794,124.891,92.899,94.171
277.216,119.367,92.899,94.171
278.321,121.945,92.899,94.171
275.006,118.631,92.899,94.171
277.584,121.208,92.899,94.171
275.743,122.313,92.899,94.171
278.321,123.418,92.899,94.171
275.007,119.367,92.899,94.171
278.321,122.681,92.899,94.171
278.689,124.523,92.899,94.171
280.530,126.364,92.899,94.171
277.952,122.313,92.899,94.171
281.267,125.627,92.899,94.171
280.898,128.941,92.899,94.171
283.476,130.046,92.899,94.171
281.635,131.151,92.899,94.171
283.476,133.729,92.899,94.171
282.371,132.624,92.899,94.171
282.003,134.465,92.899,94.171
284.581,132.624,92.899,94.171
282.003,136.675,92.899,94.171
283.844,137.779,92.899,94.171
282.003,141.094,92.899,94.171
283.844,142.198,92.899,94.171
282.740,144.776,92.899,94.171
283.844,146.617,92.899,94.171
284.213,147.722,92.899,94.171
283.844,149.563,92.899,94.171
285.686,151.404,92.899,94.171
286.790,154.719,92.899,94.171
288.632,155.823,92.899,94.171
289.736,158.401,92.899,94.171
290.841,160.242,92.899,94.171
289.736,159.874,92.899,94.171
289.368,160.242,92.899,94.171
288.263,161.347,92.899,94.171
287.159,161.715,92.899,94.171
287.527,162.084,92.899,94.171
287.895,163.925,92.899,94.171
286.790,164.293,92.899,94.171
286.422,166.134,92.899,94.171
285.317,166.502,92.899,94.171
285.686,165.398,92.899,94.171
286.790,168.712,92.899,94.171
285.686,166.871,92.899,94.171
286.054,170.185,92.899,94.171
284.949,168.344,92.899,94.171
286.790,170.185,92.899,94.171
287.159,168.344,92.899,94.171
287.527,170.185,92.899,94.171
287.895,169.080,92.899,94.171
289.000,168.712,92.899,94.171
288.632,168.344,92.899,94.171
288.263,168.712,92.899,94.171
286.422,166.871,92.899,94.171
288.263,165.766,92.899,94.171
286.422,164.661,92.899,94.171
288.263,163.557,92.899,94.171
285.686,162.452,92.899,94.171
286.790,160.611,92.899,94.171
283.476,159.506,92.899,94.171
283.844,159.874,92.899,94.171
282.003,157.296,92.899,94.171
283.108,159.138,92.899,94.171
280.530,155.087,92.899,94.171
281.635,155.455,92.899,94.171
280.530,152.141,92.899,94.171
280.898,152.509,92.899,94.171
282.003,149.931,92.899,94.171
283.108,151.773,92.899,94.171
282.003,152.141,92.899,94.171
284.581,152.509,92.899,94.171
282.003,149.195,92.899,94.171
283.844,149.563,92.899,94.171
282.003,146.249,92.899,94.171
281.635,144.408,92.899,94.171
279.057,142.567,92.899,94.171
277.216,139.989,92.899,94.171
278.321,137.411,92.899,94.171
275.743,134.097,92.899,94.171
277.584,134.465,92.899,94.171
275.006,131.151,92.899,94.171
275.375,130.783,92.899,94.171
272.797,128.205,92.899,94.171
273.902,129.310,92.899,94.171
272.061,127.468,92.899,94.171
272.429,124.891,92.899,94.171
272.797,125.259,92.899,94.171
274.638,124.891,92.899,94.171
273.533,124.523,92.899,94.171
274.638,124.154,92.899,94.171
272.797,125.995,92.899,94.171
273.902,127.100,92.899,94.171
273.533,127.468,92.899,94.171
274.638,127.100,92.899,94.171
275.743,129.678,92.899,94.171
275.375,130.783,92.899,94.171
276.479,132.624,92.899,94.171
275.375,133.729,92.899,94.171
276.479,135.570,92.899,94.171
276.111,136.675,92.899,94.171
275.743,138.516,92.899,94.171
276.848,138.884,92.899,94.171
276.479,139.989,92.899,94.171
276.848,140.357,92.899,94.171
277.216,140.725,92.899,94.171
276.848,140.357,92.899,94.171
277.216,142.198,92.899,94.171
277.584,141.830,92.899,94.171
277.952,141.462,92.899,94.171
279.057,141.094,92.899,94.171
277.952,141.462,92.899,94.171
278.321,142.567,92.899,94.171
277.952,143.671,92.899,94.171
279.794,143.303,92.899,94.171
278.384,144.172,94.954,96.255
278.008,144.548,94.954,96.255
279.137,143.419,94.954,96.255
278.008,143.042,94.954,96.255
276.567,143.930,97.055,98.384
277.721,142.776,97.055,98.384
277.336,142.391,97.055,98.384
276.951,142.007,97.055,98.384
276.567,143.930,97.055,98.384
277.721,142.776,97.055,98.384
276.567,143.930,97.055,98.384
276.182,144.315,97.055,98.384
275.797,143.930,97.055,98.384
278.490,145.084,97.055,98.384
278.105,147.008,97.055,98.384
278.490,148.162,97.055,98.384
279.644,149.316,97.055,98.384
279.260,148.931,97.055,98.384
278.875,150.855,97.055,98.384
280.029,152.009,97.055,98.384
277.336,154.702,97.055,98.384
278.490,155.856,97.055,98.384
278.875,158.549,97.055,98.384
278.490,160.473,97.055,98.384
278.875,162.397,97.055,98.384
279.260,164.320,97.055,98.384
277.336,166.244,97.055,98.384
277.721,168.167,97.055,98.384
277.336,170.091,97.055,98.384
276.951,171.245,97.055,98.384
277.336,171.630,97.055,98.384
276.182,172.015,97.055,98.384
275.028,173.169,97.055,98.384
274.643,172.784,97.055,98.384
275.797,171.630,97.055,98.384
275.412,171.245,97.055,98.384
274.258,171.630,97.055,98.384
273.873,171.245,97.055,98.384
273.489,172.399,97.055,98.384
273.873,171.245,97.055,98.384
273.489,173.938,97.055,98.384
274.643,172.784,97.055,98.384
275.028,173.938,97.055,98.384
274.643,174.323,97.055,98.384
276.566,173.169,97.055,98.384
275.412,175.862,97.055,98.384
276.566,173.938,97.055,98.384
275.412,175.092,97.055,98.384
275.028,173.169,97.055,98.384
272.335,172.015,97.055,98.384
268.103,172.399,97.055,98.384
263.871,172.784,97.055,98.384
258.406,173.691,99.202,100.561
255.654,172.512,99.202,100.561
259.193,170.546,99.202,100.561
255.654,172.512,99.202,100.561
257.620,169.759,99.202,100.561
254.867,170.939,99.202,100.561
259.193,166.613,99.202,100.561
256.440,168.579,99.202,100.561
259.979,165.040,99.202,100.561
258.800,162.288,99.202,100.561
262.339,158.749,99.202,100.561
260.373,155.996,99.202,100.561
263.125,153.243,99.202,100.561
261.159,152.064,99.202,100.561
260.766,149.311,99.202,100.561
259.586,147.345,99.202,100.561
258.406,143.806,99.202,100.561
258.013,140.267,99.202,100.561
257.620,138.301,99.202,100.561
256.440,135.548,99.202,100.561
255.261,133.582,99.202,100.561
254.867,133.189,99.202,100.561
253.688,130.436,99.202,100.561
253.294,130.043,99.202,100.561
255.261,127.290,99.202,100.561
254.081,126.110,99.202,100.561
252.901,127.290,99.202,100.561
252.508,125.324,99.202,100.561
252.115,128.077,99.202,100.561
254.867,126.110,99.202,100.561
253.688,128.863,99.202,100.561
254.867,130.043,99.202,100.561
256.047,132.009,99.202,100.561
256.440,134.761,99.202,100.561
256.047,136.728,99.202,100.561
258.800,139.480,99.202,100.561
258.407,143.019,99.202,100.561
260.373,145.772,99.202,100.561
262.339,148.525,99.202,100.561
263.519,151.277,99.202,100.561
262.339,153.243,99.202,100.561
264.305,155.210,99.202,100.561
264.698,157.962,99.202,100.561
265.091,159.928,99.202,100.561
267.844,162.681,99.202,100.561
266.664,167.793,99.202,100.561
269.417,169.759,99.202,100.561
268.237,174.085,99.202,100.561
271.776,177.624,99.202,100.561
271.383,178.803,99.202,100.561
273.349,179.983,99.202,100.561
275.316,181.949,99.202,100.561
277.510,182.643,97.087,98.417
277.125,186.106,97.087,98.417
279.050,185.721,97.087,98.417
279.435,187.646,97.087,98.417
281.583,186.098,95.016,96.318
281.959,187.982,95.016,96.318
283.089,188.358,95.016,96.318
282.287,186.844,92.990,94.264
284.130,187.213,92.990,94.264
284.499,188.318,92.990,94.264
285.605,188.687,92.990,94.264
287.448,188.318,92.990,94.264
287.816,190.899,92.990,94.264
289.659,189.056,92.990,94.264
290.028,190.899,92.990,94.264
290.397,188.318,92.990,94.264
291.502,190.162,92.990,94.264
291.871,187.581,92.990,94.264
292.240,187.950,92.990,94.264
290.397,186.107,92.990,94.264
290.765,187.950,92.990,94.264
291.134,187.581,92.990,94.264
289.291,187.950,92.990,94.264
288.922,189.793,92.990,94.264
291.502,190.161,92.990,94.264
291.134,191.267,92.990,94.264
292.977,193.110,92.990,94.264
297.166,191.628,91.007,92.254
299.875,192.960,89.066,90.286
299.522,191.901,89.066,90.286
301.287,191.548,89.066,90.286
303.052,191.195,89.066,90.286
302.699,190.135,89.066,90.286
305.877,189.076,89.066,90.286
304.818,187.311,89.066,90.286
306.583,188.370,89.066,90.286
304.818,186.605,89.066,90.286
304.465,185.546,89.066,90.286
302.699,184.487,89.066,90.286
300.934,183.427,89.066,90.286
299.169,180.956,89.066,90.286
296.697,180.603,89.066,90.286
296.344,178.838,89.066,90.286
295.285,176.366,89.066,90.286
294.226,174.601,89.066,90.286
293.167,174.248,89.066,90.286
293.520,173.895,89.066,90.286
291.436,173.262,91.037,92.284
291.075,173.623,91.037,92.284
290.714,173.984,91.037,92.284
293.240,174.345,91.037,92.284
292.879,175.428,91.037,92.284
296.127,175.788,91.037,92.284
294.323,177.593,91.037,92.284
296.849,175.788,91.037,92.284
296.488,176.871,91.037,92.284
298.292,174.345,91.037,92.284
300.097,171.819,91.037,92.284
296.469,172.670,93.051,94.326
299.051,168.613,93.051,94.326
296.469,170.457,93.051,94.326
299.051,166.400,93.051,94.326
296.469,166.031,93.051,94.326
296.100,164.924,93.051,94.326
294.256,165.293,93.051,94.326
293.149,163.449,93.051,94.326
291.305,162.342,93.051,94.326
289.461,161.236,93.051,94.326
287.616,163.818,93.051,94.326
287.247,160.498,93.051,94.326
283.539,157.541,95.110,96.413
280.531,155.301,97.214,98.546
280.917,153.374,97.214,98.546
277.043,149.486,99.365,100.726
277.437,148.304,99.365,100.726
277.043,146.335,99.365,100.726
275.861,145.941,99.365,100.726
274.353,143.600,101.563,102.955
273.951,142.393,101.563,102.955
275.964,142.795,101.563,102.955
274.756,141.587,101.563,102.955
275.964,140.380,101.563,102.955
275.561,140.782,101.563,102.955
275.158,138.769,101.563,102.955
277.171,138.367,101.563,102.955
275.964,138.769,101.563,102.955
276.366,137.562,101.563,102.955
275.964,136.354,101.563,102.955
279.587,136.756,101.563,102.955
277.574,134.743,101.563,102.955
279.587,134.341,101.563,102.955
279.184,135.549,101.563,102.955
277.977,134.341,101.563,102.955
277.574,136.354,101.563,102.955
278.269,137.840,99.398,100.759
276.299,140.598,99.398,100.759
278.269,140.992,99.398,100.759
276.299,142.962,99.398,100.759
276.693,141.780,99.398,100.759
277.087,142.962,99.398,100.759
275.905,142.568,99.398,100.759
274.723,142.174,99.398,100.759
275.117,140.992,99.398,100.759
271.973,139.468,101.597,102.988
272.376,140.676,101.597,102.988
268.752,138.663,101.597,102.988
269.960,138.260,101.597,102.988
267.141,138.663,101.597,102.988
263.928,137.106,103.845,105.267
263.516,135.871,103.845,105.267
262.281,135.459,103.845,105.267
261.046,135.871,103.845,105.267
261.458,135.459,103.845,105.267
262.693,136.694,103.845,105.267
260.635,136.282,103.845,105.267
263.329,135.545,106.142,107.596
266.275,135.966,106.142,107.596
269.220,136.386,106.142,107.596
271.323,136.807,106.142,107.596
274.269,138.069,106.142,107.596
276.372,137.649,106.142,107.596
279.318,137.228,106.142,107.596
283.104,136.807,106.142,107.596
285.208,138.069,106.142,107.596
288.995,138.490,106.142,107.596
291.940,137.228,106.142,107.596
295.099,140.403,103.879,105.302
297.398,140.335,101.663,103.056
300.218,141.544,101.663,103.056
300.621,139.529,101.663,103.056
303.648,142.570,99.495,100.858
304.042,141.387,99.495,100.858
303.648,140.204,99.495,100.858
304.831,139.809,99.495,100.858
302.859,140.204,99.495,100.858
304.831,139.020,99.495,100.858
302.070,141.781,99.495,100.858
300.098,142.176,99.495,100.858
302.070,140.992,99.495,100.858
303.253,141.387,99.495,100.858
300.492,142.570,99.495,100.858
304.831,139.809,99.495,100.858
302.859,141.781,99.495,100.858
304.831,139.809,99.495,100.858
304.436,139.415,99.495,100.858
307.986,137.443,99.495,100.858
304.436,139.415,99.495,100.858
307.197,136.654,99.495,100.858
302.859,138.626,99.495,100.858
304.831,136.654,99.495,100.858
300.492,137.837,99.495,100.858
302.464,136.654,99.495,100.858
298.915,137.048,99.495,100.858
295.365,137.443,99.495,100.858
296.548,135.471,99.495,100.858
292.999,136.654,99.495,100.858
291.027,136.260,99.495,100.858
289.055,135.865,99.495,100.858
287.083,137.837,99.495,100.858
285.111,138.232,99.495,100.858
283.139,138.626,99.495,100.858
281.167,139.809,99.495,100.858
279.984,140.204,99.495,100.858
278.801,139.809,99.495,100.858
276.040,141.781,99.495,100.858
274.857,142.176,99.495,100.858
272.885,141.781,99.495,100.858
270.913,143.753,99.495,100.858
268.941,144.936,99.495,100.858
266.969,146.119,99.495,100.858
264.997,146.514,99.495,100.858
263.814,146.908,99.495,100.858
262.630,148.091,99.495,100.858
263.025,146.908,99.495,100.858
260.264,148.091,99.495,100.858
258.292,146.119,99.495,100.858
257.109,146.514,99.495,100.858
257.503,146.119,99.495,100.858
257.109,144.936,99.495,100.858
256.714,145.331,99.495,100.858
257.898,144.147,99.495,100.858
255.137,143.753,99.495,100.858
256.320,144.147,99.495,100.858
255.137,142.964,99.495,100.858
254.742,144.147,99.495,100.858
255.137,142.176,99.495,100.858
253.165,140.992,99.495,100.858
254.348,143.753,99.495,100.858
253.165,140.992,99.495,100.858
254.348,142.176,99.495,100.858
253.165,140.204,99.495,100.858
255.747,139.497,101.697,103.090
255.876,137.938,103.947,105.371
257.113,139.174,103.947,105.371
259.173,141.235,103.947,105.371
261.233,142.471,103.947,105.371
264.117,145.355,103.947,105.371
267.002,147.415,103.947,105.371
269.886,149.475,103.947,105.371
272.770,150.712,103.947,105.371
276.478,152.772,103.947,105.371
280.187,154.008,103.947,105.371
283.071,153.596,103.947,105.371
285.955,156.480,103.947,105.371
289.664,156.068,103.947,105.371
292.548,156.480,103.947,105.371
294.608,156.892,103.947,105.371
296.668,155.656,103.947,105.371
294.608,158.540,103.947,105.371
296.668,156.480,103.947,105.371
296.256,156.892,103.947,105.371
297.492,154.832,103.947,105.371
297.905,153.596,103.947,105.371
295.020,155.656,103.947,105.371
297.905,152.772,103.947,105.371
299.965,152.360,103.947,105.371
297.905,154.420,103.947,105.371
301.613,152.360,103.947,105.371
298.729,155.244,103.947,105.371
302.437,153.184,103.947,105.371
298.729,155.244,103.947,105.371
296.668,154.008,103.947,105.371
295.432,151.948,103.947,105.371
291.724,149.887,103.947,105.371
288.016,147.827,103.947,105.371
286.779,144.119,103.947,105.371
284.719,141.235,103.947,105.371
283.483,138.350,103.947,105.371
285.543,135.466,103.947,105.371
285.131,132.582,103.947,105.371
286.367,130.522,103.947,105.371
286.779,129.285,103.947,105.371
286.367,127.225,103.947,105.371
285.955,126.813,103.947,105.371
285.543,128.049,103.947,105.371
285.131,125.165,103.947,105.371
284.719,128.049,103.947,105.371
284.307,126.813,103.947,105.371
285.543,124.753,103.947,105.371
285.131,121.869,103.947,105.371
283.895,123.105,103.947,105.371
285.955,120.221,103.947,105.371
283.895,122.281,103.947,105.371
285.955,118.572,103.947,105.371
284.719,121.457,103.947,105.371
283.483,122.693,103.947,105.371
286.367,121.457,103.947,105.371
283.080,124.138,106.247,107.702
286.870,120.348,106.247,107.702
286.449,124.138,106.247,107.702
287.713,126.244,106.247,107.702
290.661,127.508,106.247,107.702
289.049,130.249,108.597,110.085
293.784,126.375,108.597,110.085
291.631,130.249,108.597,110.085
294.645,130.679,108.597,110.085
292.492,134.554,108.597,110.085
295.725,133.653,106.281,107.737
291.933,136.602,106.281,107.737
292.354,133.653,106.281,107.737
290.248,132.389,106.281,107.737
292.599,132.319,104.015,105.440
290.538,131.083,104.015,105.440
290.126,133.144,104.015,105.440
290.042,133.076,101.797,103.191
290.446,132.673,101.797,103.191
290.042,135.497,101.797,103.191
290.446,136.708,101.797,103.191
289.235,138.725,101.797,103.191
288.832,139.936,101.797,103.191
287.621,139.532,101.797,103.191
286.411,141.550,101.797,103.191
287.621,141.147,101.797,103.191
283.183,142.357,101.797,103.191
285.200,141.147,101.797,103.191
281.569,143.164,101.797,103.191
282.779,141.147,101.797,103.191
278.340,143.971,101.797,103.191
281.165,141.954,101.797,103.191
277.533,143.971,101.797,103.191
274.314,144.086,104.049,105.474
276.376,141.198,104.049,105.474
272.664,142.436,104.049,105.474
274.726,138.724,104.049,105.474
271.839,139.136,104.049,105.474
271.427,137.074,104.049,105.474
270.190,135.837,104.049,105.474
268.952,133.774,104.049,105.474
268.540,135.012,104.049,105.474
266.478,134.599,104.049,105.474
268.540,131.712,104.049,105.474
266.478,133.774,104.049,105.474
266.065,132.537,104.049,105.474
268.127,130.475,104.049,105.474
266.065,132.537,104.049,105.474
268.952,129.650,104.049,105.474
266.890,132.537,104.049,105.474
269.777,128.000,104.049,105.474
267.715,130.887,104.049,105.474
272.252,126.350,104.049,105.474
268.540,129.238,104.049,105.474
273.902,125.526,104.049,105.474
270.190,128.413,104.049,105.474
253.279,134.599,104.049,105.474
240.493,139.136,104.049,105.474
235.957,140.374,104.049,105.474
238.019,137.486,104.049,105.474
235.132,139.549,104.049,105.474
237.194,140.786,104.049,105.474
237.606,141.198,104.049,105.474
238.844,142.436,104.049,105.474
235.132,139.549,104.049,105.474
238.019,142.436,104.049,105.474
233.482,140.374,104.049,105.474
236.369,142.436,104.049,105.474
237.606,143.673,104.049,105.474
238.844,144.910,104.049,105.474
232.657,144.498,104.049,105.474
235.544,146.560,104.049,105.474
236.781,147.798,104.049,105.474
230.595,148.210,104.049,105.474
232.657,150.272,104.049,105.474
234.719,151.510,104.049,105.474
227.708,150.272,104.049,105.474
229.770,152.334,104.049,105.474
223.583,151.097,104.049,105.474
226.470,154.809,104.049,105.474
228.533,156.871,104.049,105.474
231.420,159.758,104.049,105.474
261.528,156.046,104.049,105.474
266.065,158.934,104.049,105.474
264.828,160.171,104.049,105.474
264.415,161.408,104.049,105.474
264.003,159.346,104.049,105.474
263.590,160.583,104.049,105.474
266.478,160.171,104.049,105.474
264.415,161.408,104.049,105.474
264.828,159.346,104.049,105.474
264.415,158.934,104.049,105.474
265.653,158.521,104.049,105.474
265.240,156.459,104.049,105.474
265.653,155.222,104.049,105.474
267.715,153.984,104.049,105.474
266.478,152.747,104.049,105.474
266.890,151.510,104.049,105.474
268.127,149.447,104.049,105.474
266.890,147.385,104.049,105.474
270.602,146.148,104.049,105.474
266.890,144.910,104.049,105.474
269.777,142.848,104.049,105.474
269.365,140.786,104.049,105.474
268.952,139.549,104.049,105.474
271.839,138.311,104.049,105.474
268.952,136.249,104.049,105.474
271.014,137.486,104.049,105.474
268.127,133.774,104.049,105.474
269.365,135.837,104.049,105.474
267.302,133.774,104.049,105.474
268.540,135.012,104.049,105.474
267.302,131.300,104.049,105.474
266.890,130.062,104.049,105.474
268.952,131.300,104.049,105.474
268.540,127.588,104.049,105.474
270.602,128.825,104.049,105.474
271.014,126.763,104.049,105.474
272.252,126.350,104.049,105.474
274.314,125.113,104.049,105.474
275.551,126.350,104.049,105.474
275.964,125.938,104.049,105.474
273.902,128.000,104.049,105.474
275.139,126.763,104.049,105.474
271.427,128.000,104.049,105.474
273.489,127.588,104.049,105.474
271.427,127.175,104.049,105.474
273.489,129.238,104.049,105.474
272.252,129.650,104.049,105.474
273.489,129.238,104.049,105.474
274.726,131.300,104.049,105.474
274.314,129.238,104.049,105.474
276.376,130.475,104.049,105.474
275.139,129.238,104.049,105.474
277.201,130.475,104.049,105.474
276.789,130.062,104.049,105.474
277.201,130.475,104.049,105.474
277.614,130.062,104.049,105.474
278.026,130.475,104.049,105.474
277.614,129.238,104.049,105.474
279.676,130.475,104.049,105.474
276.789,127.588,104.049,105.474
278.026,126.350,104.049,105.474
275.139,123.463,104.049,105.474
275.551,122.226,104.049,105.474
273.117,118.064,106.351,107.808
271.852,115.113,106.351,107.808
268.488,108.234,108.704,110.193
268.919,104.356,108.704,110.193
268.488,101.340,108.704,110.193
269.781,101.771,108.704,110.193
271.936,99.616,108.704,110.193
270.643,97.462,108.704,110.193
271.676,97.584,111.109,112.631
270.354,97.143,111.109,112.631
271.676,96.703,111.109,112.631
271.235,96.263,111.109,112.631
269.549,96.387,113.567,115.123
270.628,97.449,116.080,117.670
267.407,95.149,116.080,117.670
270.628,98.369,116.080,117.670
267.407,96.989,116.080,117.670
266.947,100.210,116.080,117.670
264.646,98.830,116.080,117.670
267.867,102.971,116.080,117.670
265.567,103.431,116.080,117.670
266.947,104.811,116.080,117.670
264.646,107.112,116.080,117.670
266.027,109.413,116.080,117.670
262.806,109.873,116.080,117.670
263.266,112.174,116.080,117.670
260.045,111.713,116.080,117.670
257.744,114.934,116.080,117.670
260.965,119.076,116.080,117.670
256.824,119.536,116.080,117.670
260.965,122.757,116.080,117.670
255.904,120.456,116.080,117.670
259.125,121.836,116.080,117.670
254.983,120.456,116.080,117.670
258.204,123.677,116.080,117.670
254.063,121.376,116.080,117.670
257.284,125.517,116.080,117.670
253.143,120.456,116.080,117.670
250.842,119.076,116.080,117.670
252.223,121.376,116.080,117.670
249.002,118.155,116.080,117.670
246.701,117.695,116.080,117.670
250.842,121.836,116.080,117.670
248.541,118.615,116.080,117.670
251.762,120.916,116.080,117.670
248.541,117.695,116.080,117.670
252.683,119.996,116.080,117.670
250.382,116.775,116.080,117.670
253.603,119.996,116.080,117.670
252.223,116.775,116.080,117.670
255.444,119.076,116.080,117.670
254.983,116.775,116.080,117.670
258.204,119.076,116.080,117.670
257.744,120.456,116.080,117.670
260.045,122.757,116.080,117.670
255.904,121.376,116.080,117.670
261.133,128.396,113.605,115.161
258.881,128.847,113.605,115.161
262.263,135.717,111.182,112.705
259.625,137.344,108.811,110.302
261.782,141.226,108.811,110.302
258.763,139.932,108.811,110.302
261.782,143.814,108.811,110.302
258.763,142.520,108.811,110.302
260.919,145.539,108.811,110.302
257.900,145.108,108.811,110.302
260.919,148.990,108.811,110.302
257.900,148.558,108.811,110.302
260.919,150.715,108.811,110.302
257.900,152.009,108.811,110.302
260.919,153.303,108.811,110.302
259.169,156.558,106.491,107.949
260.436,154.447,106.491,107.949
259.537,158.446,104.220,105.647
262.429,157.207,104.220,105.647
261.549,160.324,101.997,103.394
264.379,159.920,101.997,103.394
265.856,164.530,99.822,101.190
268.626,164.134,99.822,101.190
268.546,167.120,97.693,99.032
271.257,167.507,97.693,99.032
270.870,167.894,97.693,99.032
274.355,169.056,97.693,99.032
273.968,169.443,97.693,99.032
276.679,171.380,97.693,99.032
277.066,174.090,97.693,99.032
278.228,174.478,97.693,99.032
278.615,176.414,97.693,99.032
280.551,177.576,97.693,99.032
280.164,176.414,97.693,99.032
282.100,179.125,97.693,99.032
284.036,177.963,97.693,99.032
285.198,179.899,97.693,99.032
285.585,181.061,97.693,99.032
287.522,182.223,97.693,99.032
288.683,181.835,97.693,99.032
289.071,180.674,97.693,99.032
291.007,178.737,97.693,99.032
289.845,176.801,97.693,99.032
291.781,175.639,97.693,99.032
291.394,173.703,97.693,99.032
291.781,172.541,97.693,99.032
292.943,169.830,97.693,99.032
292.556,167.120,97.693,99.032
292.169,165.183,97.693,99.032
291.781,163.247,97.693,99.032
292.169,161.311,97.693,99.032
290.232,158.600,97.693,99.032
289.845,156.664,97.693,99.032
289.458,154.728,97.693,99.032
288.296,154.340,97.693,99.032
287.909,153.179,97.693,99.032
289.845,152.017,97.693,99.032
288.683,150.081,97.693,99.032
289.071,150.468,97.693,99.032
291.007,150.081,97.693,99.032
289.845,150.468,97.693,99.032
292.556,149.306,97.693,99.032
290.620,149.693,97.693,99.032
291.007,147.757,97.693,99.032
290.620,148.144,97.693,99.032
290.232,147.757,97.693,99.032
289.845,146.595,97.693,99.032
290.232,145.434,97.693,99.032
289.071,145.821,97.693,99.032
286.785,146.734,99.855,101.223
287.972,143.172,99.855,101.223
285.636,145.748,102.064,103.462
287.658,143.725,102.064,103.462
285.636,146.557,102.064,103.462
285.231,143.725,102.064,103.462
282.843,146.358,104.322,105.751
283.256,143.464,104.322,105.751
282.016,146.358,104.322,105.751
282.429,143.464,104.322,105.751
280.361,144.704,104.322,105.751
280.775,140.982,104.322,105.751
279.534,142.223,104.322,105.751
276.235,144.056,106.630,108.091
278.349,139.407,106.630,108.091
277.080,141.520,106.630,108.091
275.812,143.634,106.630,108.091
274.194,146.385,108.990,110.483
273.762,147.681,108.990,110.483
271.602,150.705,108.990,110.483
271.170,150.273,108.990,110.483
270.738,151.569,108.990,110.483
268.578,152.001,108.990,110.483
267.282,150.705,108.990,110.483
266.850,151.137,108.990,110.483
264.299,148.570,111.401,112.927
261.693,146.863,113.866,115.426
265.755,144.606,113.866,115.426
264.401,145.057,113.866,115.426
268.463,143.703,113.866,115.426
265.303,141.446,113.866,115.426
263.949,139.190,113.866,115.426
268.012,137.835,113.866,115.426
265.755,135.579,113.866,115.426
265.303,133.322,113.866,115.426
270.268,132.871,113.866,115.426
267.109,129.711,113.866,115.426
265.755,128.357,113.866,115.426
269.817,126.100,113.866,115.426
265.755,122.941,113.866,115.426
269.817,121.587,113.866,115.426
266.658,118.427,113.866,115.426
269.817,117.073,113.866,115.426
269.366,113.914,113.866,115.426
273.428,109.851,113.866,115.426
271.171,113.914,113.866,115.426
270.720,115.268,113.866,115.426
269.366,111.205,113.866,115.426
271.622,113.462,113.866,115.426
268.463,110.303,113.866,115.426
272.525,111.657,113.866,115.426
269.366,108.497,113.866,115.426
272.525,110.754,113.866,115.426
270.268,107.595,113.866,115.426
273.428,109.851,113.866,115.426
270.268,105.789,113.866,115.426
273.428,106.240,113.866,115.426
271.171,106.692,113.866,115.426
273.428,108.046,113.866,115.426
271.171,105.789,113.866,115.426
270.210,105.715,111.438,112.964
272.676,106.493,109.061,110.555
268.785,105.197,109.061,110.555
270.082,103.900,109.061,110.555
268.785,102.603,109.061,110.555
268.352,103.900,109.061,110.555
268.785,101.738,109.061,110.555
267.488,102.170,109.061,110.555
267.056,101.738,109.061,110.555
268.352,101.306,109.061,110.555
267.056,102.603,109.061,110.555
267.488,103.035,109.061,110.555
265.326,103.467,109.061,110.555
267.488,104.764,109.061,110.555
264.462,105.197,109.061,110.555
266.623,106.493,109.061,110.555
263.597,108.655,109.061,110.555
264.029,108.223,109.061,110.555
261.868,110.384,109.061,110.555
262.300,110.817,109.061,110.555
261.003,110.384,109.061,110.555
258.842,112.546,109.061,110.555
260.139,111.249,109.061,110.555
257.977,113.410,109.061,110.555
258.409,113.843,109.061,110.555
259.706,114.275,109.061,110.555
256.680,116.437,109.061,110.555
257.977,116.869,109.061,110.555
257.545,115.572,109.061,110.555
256.248,116.869,109.061,110.555
257.545,114.707,109.061,110.555
255.383,116.004,109.061,110.555
257.316,112.539,111.474,113.001
254.223,113.864,111.474,113.001
258.200,114.306,111.474,113.001
255.991,115.632,111.474,113.001
259.084,116.074,111.474,113.001
259.526,117.399,111.474,113.001
260.851,118.725,111.474,113.001
263.944,119.167,111.474,113.001
264.386,121.376,111.474,113.001
266.596,121.818,111.474,113.001
267.921,122.260,111.474,113.001
270.131,123.586,111.474,113.001
272.340,122.260,111.474,113.001
272.782,124.469,111.474,113.001
276.759,124.028,111.474,113.001
278.084,123.586,111.474,113.001
281.178,124.028,111.474,113.001
284.271,125.353,111.474,113.001
282.945,126.679,111.474,113.001
287.806,127.121,111.474,113.001
288.248,128.446,111.474,113.001
290.457,130.656,111.474,113.001
288.248,131.981,111.474,113.001
291.341,133.307,111.474,113.001
288.248,135.516,111.474,113.001
288.689,135.958,111.474,113.001
287.364,136.400,111.474,113.001
286.038,136.842,111.474,113.001
284.713,137.284,111.474,113.001
283.387,137.726,111.474,113.001
282.945,137.284,111.474,113.001
283.387,138.610,111.474,113.001
282.061,139.051,111.474,113.001
281.620,139.493,111.474,113.001
281.178,140.819,111.474,113.001
279.852,141.261,111.474,113.001
277.643,142.586,111.474,113.001
276.317,141.261,111.474,113.001
278.526,143.470,111.474,113.001
276.317,144.796,111.474,113.001
278.526,144.354,111.474,113.001
277.201,145.680,111.474,113.001
274.592,143.971,113.940,115.501
278.657,144.423,113.940,115.501
276.399,143.068,113.940,115.501
275.044,144.423,113.940,115.501
277.302,143.971,113.940,115.501
275.044,145.326,113.940,115.501
273.689,143.971,113.940,115.501
271.431,146.229,113.940,115.501
270.076,147.584,113.940,115.501
267.817,147.133,113.940,115.501
264.656,149.391,113.940,115.501
254.492,149.519,116.461,118.057
246.644,149.057,116.461,118.057
247.751,148.230,119.038,120.669
240.070,145.427,121.672,123.339
243.446,146.874,121.672,123.339
244.893,147.356,121.672,123.339
238.623,146.874,121.672,123.339
241.034,146.391,121.672,123.339
243.446,148.803,121.672,123.339
238.140,147.356,121.672,123.339
240.552,147.838,121.672,123.339
237.176,145.427,121.672,123.339
238.623,145.909,121.672,123.339
234.282,142.533,121.672,123.339
235.438,141.669,124.364,126.067
235.596,136.694,127.115,128.857
231.062,137.198,127.115,128.857
231.565,132.663,127.115,128.857
232.069,133.167,127.115,128.857
225.519,129.640,127.115,128.857
228.038,128.128,127.115,128.857
224.511,125.609,127.115,128.857
226.023,127.120,127.115,128.857
221.488,123.593,127.115,128.857
222.999,125.105,127.115,128.857
223.503,121.578,127.115,128.857
224.007,124.097,127.115,128.857
217.457,120.570,127.115,128.857
216.384,123.401,124.405,126.109
217.863,121.921,124.405,126.109
217.370,121.428,124.405,126.109
213.918,118.963,124.405,126.109
210.466,117.483,124.405,126.109
207.515,118.353,121.752,123.419
261.085,104.357,121.752,123.419
268.431,98.695,119.155,120.787
269.246,96.796,116.614,118.212
269.153,94.047,114.127,115.691
270.806,93.972,111.694,113.224
271.249,92.644,111.694,113.224
271.691,93.087,111.694,113.224
270.363,90.873,111.694,113.224
272.577,93.972,111.694,113.224
274.791,92.644,111.694,113.224
277.004,95.743,111.694,113.224
280.822,96.787,114.165,115.729
284.723,98.794,116.691,118.289
276.860,94.631,116.691,118.289
280.848,98.601,119.272,120.906
283.943,96.773,121.911,123.581
278.627,93.390,121.911,123.581
283.943,93.874,121.911,123.581
285.393,92.424,121.911,123.581
282.977,90.008,121.911,123.581
286.359,91.457,121.911,123.581
283.943,89.041,121.911,123.581
285.393,90.491,121.911,123.581
285.876,89.041,121.911,123.581
286.359,91.457,121.911,123.581
282.010,88.075,121.911,123.581
286.359,89.524,121.911,123.581
282.010,86.142,121.911,123.581
286.359,87.591,121.911,123.581
282.010,85.175,121.911,123.581
286.359,87.591,121.911,123.581
282.010,84.209,121.911,123.581
286.359,87.591,121.911,123.581
283.943,88.075,121.911,123.581
286.359,89.524,121.911,123.581
282.010,87.108,121.911,123.581
285.393,89.524,121.911,123.581
281.044,85.175,121.911,123.581
283.460,86.625,121.911,123.581
279.111,81.309,121.911,123.581
282.493,81.792,121.911,123.581
280.077,78.410,121.911,123.581
282.493,78.893,121.911,123.581
282.977,77.443,121.911,123.581
283.460,79.859,121.911,123.581
283.943,81.309,121.911,123.581
285.393,81.792,121.911,123.581
286.843,84.208,121.911,123.581
285.393,84.692,121.911,123.581
288.776,85.175,121.911,123.581
292.158,86.625,121.911,123.581
290.709,83.242,121.911,123.581
293.125,85.658,121.911,123.581
292.642,83.242,121.911,123.581
296.991,84.692,121.911,123.581
297.474,83.242,121.911,123.581
299.890,81.792,121.911,123.581
302.307,83.242,121.911,123.581
303.756,79.859,121.911,123.581
305.206,82.275,121.911,123.581
305.689,79.859,121.911,123.581
308.106,82.275,121.911,123.581
306.656,79.859,121.911,123.581
308.106,81.309,121.911,123.581
306.656,77.926,121.911,123.581
306.173,80.342,121.911,123.581
306.656,76.960,121.911,123.581
305.206,79.376,121.911,123.581
304.723,78.893,121.911,123.581
306.173,80.342,121.911,123.581
304.723,80.826,121.911,123.581
307.139,83.242,121.911,123.581
304.723,80.826,121.911,123.581
309.072,85.175,121.911,123.581
307.622,87.591,121.911,123.581
311.972,88.074,121.911,123.581
312.455,87.591,121.911,123.581
312.938,89.041,121.911,123.581
315.354,90.491,121.911,123.581
314.871,88.074,121.911,123.581
316.321,90.491,121.911,123.581
314.871,87.108,121.911,123.581
317.287,89.524,121.911,123.581
313.905,86.141,121.911,123.581
315.354,85.658,121.911,123.581
313.905,83.242,121.911,123.581
312.455,80.826,121.911,123.581
309.563,77.020,119.312,120.946
311.291,75.118,116.767,118.367
310.305,71.473,114.277,115.843
310.214,70.525,111.840,113.372
310.124,68.743,109.455,110.954
310.873,70.344,107.121,108.588
309.151,67.819,104.837,106.273
309.067,70.153,102.601,104.006
308.985,68.518,100.413,101.788
308.137,69.987,98.272,99.618
308.527,71.935,98.272,99.618
307.358,72.325,98.272,99.618
306.189,71.935,98.272,99.618
305.021,74.662,98.272,99.618
303.852,75.830,98.272,99.618
305.021,77.778,98.272,99.618
302.294,79.726,98.272,99.618
302.684,81.674,98.272,99.618
301.515,82.063,98.272,99.618
300.346,84.011,98.272,99.618
300.736,84.400,98.272,99.618
301.125,84.011,98.272,99.618
299.957,85.959,98.272,99.618
301.125,85.569,98.272,99.618
299.957,85.959,98.272,99.618
300.346,86.348,98.272,99.618
300.736,85.180,98.272,99.618
299.567,87.127,98.272,99.618
300.736,86.738,98.272,99.618
299.567,87.127,98.272,99.618
299.957,87.517,98.272,99.618
298.009,87.127,98.272,99.618
299.957,87.517,98.272,99.618
299.567,87.127,98.272,99.618
301.515,88.296,98.272,99.618
301.125,88.685,98.272,99.618
299.957,88.296,98.272,99.618
300.346,87.127,98.272,99.618
299.178,89.075,98.272,99.618
300.346,87.127,98.272,99.618
299.178,88.296,98.272,99.618
299.567,85.569,98.272,99.618
298.399,87.517,98.272,99.618
298.788,88.685,98.272,99.618
297.620,91.412,98.272,99.618
297.230,93.360,98.272,99.618
296.061,96.087,98.272,99.618
297.230,98.814,98.272,99.618
295.282,101.540,98.272,99.618
294.893,104.267,98.272,99.618
293.724,105.436,98.272,99.618
294.893,106.604,98.272,99.618
292.166,107.773,98.272,99.618
294.114,105.046,98.272,99.618
291.387,107.773,98.272,99.618
293.335,104.267,98.272,99.618
290.608,106.215,98.272,99.618
293.335,101.930,98.272,99.618
290.608,104.657,98.272,99.618
292.555,101.151,98.272,99.618
289.829,103.099,98.272,99.618
291.776,100.372,98.272,99.618
289.050,101.540,98.272,99.618
290.997,99.593,98.272,99.618
287.491,102.319,98.272,99.618
288.660,102.709,98.272,99.618
287.491,105.436,98.272,99.618
287.102,107.384,98.272,99.618
287.491,109.331,98.272,99.618
288.660,110.500,98.272,99.618
287.491,112.448,98.272,99.618
287.881,112.058,98.272,99.618
285.154,113.227,98.272,99.618
286.323,109.721,98.272,99.618
282.817,111.669,98.272,99.618
283.986,108.163,98.272,99.618
281.259,110.889,98.272,99.618
280.869,108.163,98.272,99.618
278.921,110.889,98.272,99.618
280.869,108.942,98.272,99.618
278.142,110.889,98.272,99.618
280.090,109.721,98.272,99.618
278.921,110.110,98.272,99.618
280.090,110.500,98.272,99.618
279.701,107.773,98.272,99.618
280.869,108.942,98.272,99.618
278.142,106.994,98.272,99.618
279.311,108.163,98.272,99.618
279.701,104.657,98.272,99.618
280.090,106.604,98.272,99.618
278.921,102.319,98.272,99.618
280.869,105.046,98.272,99.618
281.803,98.690,100.446,101.822
279.812,101.477,100.446,101.822
281.803,102.672,100.446,101.822
279.452,98.654,102.668,104.075
283.115,102.317,102.668,104.075
279.452,99.468,102.668,104.075
283.115,103.131,102.668,104.075
279.452,100.282,102.668,104.075
283.929,103.944,102.668,104.075
278.993,98.149,104.940,106.377
282.737,101.060,104.940,106.377
278.161,95.653,104.940,106.377
281.073,99.397,104.940,106.377
276.497,93.157,104.940,106.377
281.073,97.733,104.940,106.377
276.497,92.325,104.940,106.377
279.409,93.573,104.940,106.377
273.501,87.649,107.261,108.731
276.477,89.775,107.261,108.731
271.800,85.948,107.261,108.731
275.627,88.924,107.261,108.731
270.950,84.247,107.261,108.731
274.776,87.224,107.261,108.731
273.501,83.397,107.261,108.731
276.477,85.523,107.261,108.731
274.351,81.696,107.261,108.731
276.477,82.972,107.261,108.731
272.651,79.145,107.261,108.731
274.776,78.720,107.261,108.731
275.202,78.295,107.261,108.731
271.375,74.468,107.261,108.731
275.202,76.594,107.261,108.731
273.076,73.618,107.261,108.731
276.052,75.744,107.261,108.731
273.926,72.767,107.261,108.731
276.902,74.893,107.261,108.731
278.178,74.468,107.261,108.731
280.304,74.893,107.261,108.731
283.280,76.169,107.261,108.731
283.705,74.043,107.261,108.731
284.981,76.169,107.261,108.731
285.406,73.193,107.261,108.731
287.532,74.468,107.261,108.731
288.807,74.043,107.261,108.731
289.233,74.468,107.261,108.731
291.358,74.893,107.261,108.731
290.083,74.468,107.261,108.731
290.508,74.043,107.261,108.731
290.933,74.468,107.261,108.731
288.807,73.193,107.261,108.731
290.083,74.468,107.261,108.731
289.658,74.893,107.261,108.731
290.933,77.019,107.261,108.731
292.209,79.145,107.261,108.731
293.484,78.720,107.261,108.731
293.909,81.696,107.261,108.731
294.335,82.972,107.261,108.731
295.610,84.247,107.261,108.731
296.886,82.972,107.261,108.731
293.909,85.948,107.261,108.731
296.886,87.224,107.261,108.731
295.610,87.649,107.261,108.731
296.886,88.924,107.261,108.731
294.760,89.350,107.261,108.731
296.035,89.775,107.261,108.731
295.610,90.200,107.261,108.731
296.886,88.074,107.261,108.731
297.311,90.200,107.261,108.731
295.185,89.775,107.261,108.731
293.460,92.983,104.974,106.412
290.547,94.231,104.974,106.412
293.460,92.983,104.974,106.412
290.970,95.321,102.735,104.143
291.377,94.099,102.735,104.143
293.413,93.692,102.735,104.143
285.939,94.652,105.009,106.447
280.891,93.043,107.332,108.802
241.300,100.226,109.707,111.209
232.168,102.401,109.707,111.209
232.308,99.817,112.134,113.670
230.085,101.150,112.134,113.670
232.073,98.509,114.615,116.185
229.801,99.872,114.615,116.185
230.256,101.235,114.615,116.185
230.710,99.872,114.615,116.185
231.164,102.144,114.615,116.185
231.619,101.690,114.615,116.185
232.982,103.961,114.615,116.185
229.801,103.507,114.615,116.185
232.073,104.870,114.615,116.185
234.345,107.142,114.615,116.185
231.164,105.779,114.615,116.185
233.436,107.142,114.615,116.185
233.890,105.779,114.615,116.185
231.619,108.050,114.615,116.185
233.890,105.779,114.615,116.185
231.619,107.142,114.615,116.185
233.890,105.779,114.615,116.185
234.345,108.050,114.615,116.185
235.708,106.687,114.615,116.185
231.619,108.959,114.615,116.185
233.890,107.596,114.615,116.185
235.253,109.868,114.615,116.185
231.164,108.505,114.615,116.185
233.436,108.959,114.615,116.185
235.708,107.596,114.615,116.185
232.527,109.868,114.615,116.185
235.708,109.413,114.615,116.185
236.162,109.868,114.615,116.185
236.616,111.231,114.615,116.185
237.979,108.959,114.615,116.185
232.982,110.322,114.615,116.185
235.253,110.776,114.615,116.185
237.525,112.139,114.615,116.185
237.979,109.868,114.615,116.185
234.799,112.139,114.615,116.185
237.071,109.868,114.615,116.185
238.434,113.048,114.615,116.185
235.253,110.776,114.615,116.185
237.525,113.048,114.615,116.185
238.888,110.776,114.615,116.185
234.799,113.048,114.615,116.185
237.071,111.685,114.615,116.185
238.434,113.957,114.615,116.185
238.888,111.685,114.615,116.185
234.799,113.048,114.615,116.185
237.071,110.776,114.615,116.185
239.342,113.956,114.615,116.185
239.797,110.776,114.615,116.185
236.616,113.956,114.615,116.185
238.888,111.685,114.615,116.185
240.251,113.956,114.615,116.185
237.071,111.685,114.615,116.185
239.342,114.865,114.615,116.185
237.071,115.319,114.615,116.185
237.525,115.774,114.615,116.185
233.436,116.228,114.615,116.185
233.890,116.682,114.615,116.185
229.801,117.137,114.615,116.185
231.164,116.682,114.615,116.185
231.619,118.954,114.615,116.185
227.530,117.591,114.615,116.185
228.893,119.863,114.615,116.185
229.347,122.134,114.615,116.185
226.167,119.863,114.615,116.185
228.438,123.043,114.615,116.185
225.258,121.680,114.615,116.185
227.530,123.952,114.615,116.185
227.984,122.589,114.615,116.185
228.438,124.860,114.615,116.185
225.258,124.406,114.615,116.185
227.530,124.860,114.615,116.185
227.984,125.315,114.615,116.185
223.895,123.952,114.615,116.185
227.075,125.315,114.615,116.185
228.438,125.769,114.615,116.185
228.893,126.223,114.615,116.185
224.804,124.860,114.615,116.185
227.984,128.041,114.615,116.185
230.256,127.586,114.615,116.185
231.619,129.858,114.615,116.185
232.982,131.221,114.615,116.185
227.075,128.041,114.615,116.185
231.164,129.404,114.615,116.185
234.345,130.767,114.615,116.185
237.525,131.221,114.615,116.185
239.797,130.767,114.615,116.185
247.587,134.195,112.171,113.707
280.069,128.122,109.779,111.282
287.466,125.076,109.779,111.282
292.412,125.004,107.437,108.909
291.505,126.576,105.146,106.587
293.831,127.310,102.904,104.314
292.963,129.602,100.710,102.089
292.563,128.405,100.710,102.089
292.963,129.602,100.710,102.089
292.563,130.800,100.710,102.089
293.761,132.796,100.710,102.089
292.141,136.578,98.562,99.912
292.532,139.313,98.562,99.912
292.923,141.266,98.562,99.912
293.313,144.001,98.562,99.912
294.485,146.736,98.562,99.912
294.876,147.127,98.562,99.912
294.485,147.517,98.562,99.912
295.658,148.689,98.562,99.912
295.267,148.299,98.562,99.912
294.876,147.908,98.562,99.912
294.486,148.299,98.562,99.912
294.095,146.345,98.562,99.912
293.704,145.173,98.562,99.912
294.876,144.001,98.562,99.912
295.267,144.392,98.562,99.912
294.876,142.438,98.562,99.912
296.048,142.048,98.562,99.912
296.439,140.094,98.562,99.912
297.611,137.359,98.562,99.912
298.002,136.187,98.562,99.912
297.611,133.452,98.562,99.912
298.783,130.717,98.562,99.912
297.611,127.983,98.562,99.912
300.346,126.029,98.562,99.912
298.392,123.294,98.562,99.912
296.439,120.559,98.562,99.912
294.486,118.606,98.562,99.912
293.313,115.871,98.562,99.912
289.797,113.918,98.562,99.912
287.844,111.964,98.562,99.912
285.109,111.573,98.562,99.912
283.155,111.183,98.562,99.912
281.202,110.792,98.562,99.912
279.249,111.964,98.562,99.912
278.076,111.573,98.562,99.912
276.904,111.183,98.562,99.912
276.514,112.355,98.562,99.912
276.904,112.745,98.562,99.912
274.951,113.917,98.562,99.912
274.266,113.218,100.743,102.123
274.665,112.818,100.743,102.123
272.669,114.016,100.743,102.123
273.068,112.818,100.743,102.123
272.669,114.815,100.743,102.123
272.269,113.617,100.743,102.123
273.467,114.016,100.743,102.123
273.867,112.818,100.743,102.123
271.870,114.016,100.743,102.123
273.867,112.818,100.743,102.123
273.467,114.815,100.743,102.123
274.424,111.614,102.972,104.382
274.016,111.205,102.972,104.382
273.608,110.797,102.972,104.382
274.832,110.389,102.972,104.382
276.057,109.165,102.972,104.382
274.016,109.573,102.972,104.382
275.241,108.348,102.972,104.382
275.649,107.940,102.972,104.382
275.241,109.165,102.972,104.382
274.832,108.756,102.972,104.382
275.241,109.165,102.972,104.382
274.832,109.573,102.972,104.382
276.057,108.348,102.972,104.382
274.832,108.756,102.972,104.382
276.057,108.348,102.972,104.382
275.649,107.124,102.972,104.382
276.873,108.348,102.972,104.382
277.282,106.307,102.972,104.382
276.873,107.532,102.972,104.382
278.098,106.307,102.972,104.382
277.690,108.348,102.972,104.382
278.914,106.307,102.972,104.382
278.506,109.165,102.972,104.382
278.098,109.573,102.972,104.382
277.690,109.981,102.972,104.382
278.098,111.205,102.972,104.382
276.873,112.430,102.972,104.382
277.282,112.838,102.972,104.382
276.057,114.879,102.972,104.382
275.649,115.287,102.972,104.382
276.057,118.144,102.972,104.382
274.832,118.553,102.972,104.382
276.057,119.777,102.972,104.382
274.832,119.369,102.972,104.382
276.057,120.593,102.972,104.382
275.649,120.185,102.972,104.382
276.873,121.410,102.972,104.382
278.098,119.369,102.972,104.382
277.690,119.777,102.972,104.382
279.731,119.369,102.972,104.382
281.771,118.144,102.972,104.382
284.629,118.553,102.972,104.382
283.404,116.512,102.972,104.382
282.180,116.920,102.972,104.382
280.139,120.593,102.972,104.382
276.465,121.002,102.972,104.382
280.139,117.328,102.972,104.382
283.812,111.205,102.972,104.382
287.486,115.695,102.972,104.382
283.812,119.369,102.972,104.382
285.853,118.961,102.972,104.382
287.078,117.736,102.972,104.382
286.670,116.512,102.972,104.382
288.710,116.104,102.972,104.382
288.302,117.328,102.972,104.382
289.527,116.104,102.972,104.382
290.751,118.144,102.972,104.382
291.976,119.369,102.972,104.382
294.017,118.144,102.972,104.382
294.425,121.002,102.972,104.382
297.282,120.593,102.972,104.382
298.507,121.818,102.972,104.382
301.364,122.226,102.972,104.382
302.588,123.451,102.972,104.382
304.629,122.226,102.972,104.382
305.854,124.267,102.972,104.382
307.894,123.043,102.972,104.382
308.873,119.770,105.250,106.692
306.787,120.188,105.250,106.692
308.038,117.267,105.250,106.692
305.118,116.016,105.250,106.692
306.370,116.433,105.250,106.692
304.283,114.347,105.250,106.692
303.032,113.095,105.250,106.692
301.780,112.678,105.250,106.692
300.529,110.592,105.250,106.692
297.608,108.506,105.250,106.692
296.357,107.254,105.250,106.692
294.271,105.168,105.250,106.692
292.185,103.082,105.250,106.692
291.767,102.665,105.250,106.692
290.516,100.579,105.250,106.692
289.264,100.162,105.250,106.692
287.178,98.910,105.250,106.692
286.761,100.996,105.250,106.692
285.509,101.413,105.250,106.692
283.423,101.831,105.250,106.692
283.006,103.082,105.250,106.692
280.920,105.168,105.250,106.692
279.668,103.082,105.250,106.692
280.920,106.837,105.250,106.692
278.000,106.420,105.250,106.692
279.251,107.671,105.250,106.692
278.000,107.254,105.250,106.692
278.417,107.671,105.250,106.692
279.668,107.254,105.250,106.692
280.920,105.168,105.250,106.692
278.000,120.605,105.250,106.692
279.251,113.512,105.250,106.692
278.000,109.757,105.250,106.692
281.754,111.843,105.250,106.692
288.012,108.923,105.250,106.692
285.092,107.671,105.250,106.692
288.847,116.433,105.250,106.692
290.098,117.684,105.250,106.692
289.681,118.102,105.250,106.692
291.767,120.188,105.250,106.692
293.019,118.102,105.250,106.692
291.767,121.022,105.250,106.692
293.019,120.605,105.250,106.692
291.767,120.188,105.250,106.692
293.019,119.770,105.250,106.692
292.602,121.022,105.250,106.692
293.019,119.770,105.250,106.692
293.436,119.353,105.250,106.692
294.688,118.936,105.250,106.692
295.105,120.188,105.250,106.692
293.853,118.102,105.250,106.692
296.774,120.188,105.250,106.692
294.688,118.936,105.250,106.692
295.939,121.856,105.250,106.692
293.019,120.605,105.250,106.692
292.602,121.856,105.250,106.692
292.184,122.274,105.250,106.692
289.264,121.022,105.250,106.692
289.681,122.274,105.250,106.692
287.595,120.188,105.250,106.692
287.178,120.605,105.250,106.692
285.092,120.188,105.250,106.692
286.344,118.936,105.250,106.692
286.761,121.022,105.250,106.692
287.178,119.770,105.250,106.692
287.595,121.856,105.250,106.692
288.847,120.605,105.250,106.692
290.098,121.856,105.250,106.692
288.847,123.108,105.250,106.692
290.098,122.691,105.250,106.692
288.847,123.108,105.250,106.692
290.933,123.525,105.250,106.692
288.847,123.108,105.250,106.692
290.933,124.360,105.250,106.692
288.847,123.108,105.250,106.692
290.098,126.028,105.250,106.692
288.847,124.777,105.250,106.692
290.098,126.028,105.250,106.692
288.012,125.611,105.250,106.692
289.264,125.194,105.250,106.692
288.847,123.942,105.250,106.692
290.098,126.028,105.250,106.692
288.012,125.611,105.250,106.692
289.264,125.194,105.250,106.692
288.847,124.777,105.250,106.692
289.264,126.863,105.250,106.692
288.012,125.611,105.250,106.692
287.595,126.028,105.250,106.692
288.847,126.446,105.250,106.692
288.430,125.194,105.250,106.692
287.178,124.777,105.250,106.692
287.595,126.028,105.250,106.692
288.012,125.611,105.250,106.692
285.092,126.863,105.250,106.692
286.344,128.114,105.250,106.692
283.423,130.200,105.250,106.692
282.172,128.949,105.250,106.692
279.251,132.704,105.250,106.692
277.999,133.955,105.250,106.692
275.913,136.876,105.250,106.692
276.331,138.127,105.250,106.692
279.251,141.048,105.250,106.692
274.662,142.299,105.250,106.692
275.913,140.213,105.250,106.692
277.999,143.134,105.250,106.692
280.328,146.282,103.005,104.416
279.103,145.874,103.005,104.416
279.511,147.099,103.005,104.416
279.103,147.507,103.005,104.416
282.169,149.801,100.809,102.190
280.171,149.401,100.809,102.190
281.370,149.801,100.809,102.190
279.372,147.803,100.809,102.190
277.374,147.403,100.809,102.190
275.376,149.401,100.809,102.190
272.579,149.002,100.809,102.190
272.179,147.803,100.809,102.190
269.382,147.403,100.809,102.190
268.982,147.004,100.809,102.190
270.181,146.604,100.809,102.190
267.384,149.401,100.809,102.190
269.382,148.203,100.809,102.190
266.585,151.000,100.809,102.190
270.181,148.203,100.809,102.190
267.384,151.000,100.809,102.190
270.181,148.203,100.809,102.190
269.782,149.401,100.809,102.190
274.177,147.403,100.809,102.190
272.978,149.401,100.809,102.190
276.575,147.403,100.809,102.190
276.175,146.205,100.809,102.190
277.374,144.207,100.809,102.190
276.974,143.008,100.809,102.190
278.972,141.809,100.809,102.190
278.573,139.811,100.809,102.190
278.173,140.211,100.809,102.190
277.774,141.409,100.809,102.190
278.173,139.411,100.809,102.190
277.774,140.610,100.809,102.190
278.173,140.211,100.809,102.190
276.974,140.610,100.809,102.190
276.575,139.411,100.809,102.190
272.557,139.525,103.039,104.451
265.909,137.098,105.319,106.762
247.851,137.216,107.649,109.124
242.304,135.083,107.649,109.124
243.584,135.509,107.649,109.124
239.744,132.522,107.649,109.124
241.877,133.802,107.649,109.124
238.890,132.522,107.649,109.124
240.171,132.096,107.649,109.124
240.597,134.229,107.649,109.124
239.317,132.949,107.649,109.124
239.744,133.376,107.649,109.124
238.464,132.096,107.649,109.124
238.890,131.669,107.649,109.124
239.317,130.389,107.649,109.124
237.184,132.522,107.649,109.124
238.464,131.242,107.649,109.124
239.744,133.376,107.649,109.124
241.024,134.656,107.649,109.124
243.158,135.083,107.649,109.124
245.291,137.216,107.649,109.124
246.571,139.350,107.649,109.124
247.852,140.630,107.649,109.124
249.760,139.865,110.031,111.538
246.707,142.046,110.031,111.538
248.887,140.738,110.031,111.538
249.028,136.336,112.465,114.006
242.341,139.457,112.465,114.006
245.259,134.033,114.953,116.528
239.335,137.223,114.953,116.528
244.348,134.033,114.953,116.528
261.208,125.375,114.953,116.528
268.954,117.629,114.953,116.528
273.055,113.528,114.953,116.528
270.777,115.806,114.953,116.528
273.966,110.794,114.953,116.528
271.688,113.984,114.953,116.528
270.321,115.351,114.953,116.528
272.599,113.072,114.953,116.528
269.410,115.351,114.953,116.528
272.599,111.250,114.953,116.528
268.498,114.439,114.953,116.528
272.599,110.338,114.953,116.528
269.410,113.528,114.953,116.528
272.599,113.984,114.953,116.528
271.232,113.528,114.953,116.528
272.599,114.895,114.953,116.528
269.410,116.262,114.953,116.528
272.599,116.718,114.953,116.528
269.410,118.085,114.953,116.528
270.777,118.540,114.953,116.528
265.764,119.907,114.953,116.528
261.663,116.718,114.953,116.528
263.030,118.996,114.953,116.528
258.929,117.629,114.953,116.528
260.296,118.996,114.953,116.528
257.107,118.540,114.953,116.528
259.144,118.669,117.497,119.106
256.815,119.135,117.497,119.106
260.076,119.601,117.497,119.106
260.541,120.998,117.497,119.106
261.007,122.395,117.497,119.106
264.267,121.930,117.497,119.106
265.665,123.327,117.497,119.106
268.925,124.724,117.497,119.106
271.254,125.190,117.497,119.106
268.925,127.519,117.497,119.106
274.048,124.258,117.497,119.106
275.445,127.519,117.497,119.106
276.843,124.258,117.497,119.106
276.377,126.587,117.497,119.106
279.874,126.510,114.991,116.566
278.904,128.193,112.539,114.081
281.134,127.747,112.539,114.081
282.473,129.085,112.539,114.081
283.811,128.639,112.539,114.081
285.441,130.285,110.139,111.648
289.561,130.213,107.790,109.267
289.134,132.350,107.790,109.267
290.415,131.922,107.790,109.267
289.988,132.350,107.790,109.267
289.561,133.631,107.790,109.267
290.843,133.204,107.790,109.267
288.706,133.631,107.790,109.267
289.134,134.059,107.790,109.267
287.852,131.922,107.790,109.267
287.424,133.204,107.790,109.267
286.997,132.777,107.790,109.267
285.715,134.059,107.790,109.267
284.433,133.631,107.790,109.267
284.861,134.913,107.790,109.267
283.579,135.340,107.790,109.267
284.006,136.622,107.790,109.267
282.724,137.904,107.790,109.267
284.861,136.622,107.790,109.267
284.433,139.613,107.790,109.267
284.861,139.186,107.790,109.267
285.288,138.759,107.790,109.267
286.849,139.512,105.492,106.937
286.431,138.257,105.492,106.937
284.340,137.003,105.492,106.937
283.086,135.748,105.492,106.937
283.504,134.494,105.492,106.937
282.249,134.076,105.492,106.937
281.831,132.821,105.492,106.937
280.577,131.567,105.492,106.937
279.322,130.312,105.492,106.937
278.904,129.894,105.492,106.937
279.322,126.967,105.492,106.937
278.068,126.549,105.492,106.937
280.995,125.294,105.492,106.937
278.904,124.876,105.492,106.937
278.486,122.785,105.492,106.937
277.231,120.695,105.492,106.937
279.322,118.604,105.492,106.937
277.231,115.677,105.492,106.937
276.813,114.422,105.492,106.937
276.395,114.004,105.492,106.937
275.977,111.913,105.492,106.937
275.559,111.495,105.492,106.937
274.304,113.586,105.492,106.937
273.050,111.495,105.492,106.937
274.304,113.586,105.492,106.937
272.214,111.495,105.492,106.937
275.141,113.586,105.492,106.937
272.214,109.822,105.492,106.937
275.141,109.404,105.492,106.937
273.050,108.986,105.492,106.937
271.795,106.895,105.492,106.937
270.541,105.641,105.492,106.937
269.286,104.386,105.492,106.937
268.868,104.804,105.492,106.937
270.123,102.714,105.492,106.937
268.032,103.132,105.492,106.937
270.959,102.714,105.492,106.937
268.032,102.295,105.492,106.937
271.795,104.386,105.492,106.937
268.868,104.804,105.492,106.937
273.468,106.059,105.492,106.937
271.377,108.986,105.492,106.937
275.141,110.240,105.492,106.937
274.723,112.331,105.492,106.937
278.669,114.681,103.242,104.656
277.441,116.727,103.242,104.656
279.487,118.773,103.242,104.656
278.260,120.001,103.242,104.656
280.306,119.592,103.242,104.656
279.078,121.638,103.242,104.656
278.207,119.993,101.040,102.424
279.408,120.393,101.040,102.424
279.809,121.595,101.040,102.424
279.408,121.194,101.040,102.424
280.610,120.794,101.040,102.424
280.209,121.194,101.040,102.424
281.411,122.396,101.040,102.424
282.612,123.597,101.040,102.424
283.814,126.401,101.040,102.424
285.016,126.801,101.040,102.424
286.217,127.202,101.040,102.424
285.817,128.403,101.040,102.424
283.814,127.202,101.040,102.424
283.413,126.000,101.040,102.424
282.212,124.799,101.040,102.424
280.209,122.796,101.040,102.424
278.207,120.794,101.040,102.424
276.204,117.990,101.040,102.424
274.202,116.788,101.040,102.424
273.000,114.786,101.040,102.424
270.997,115.186,101.040,102.424
269.796,113.985,101.040,102.424
268.594,113.584,101.040,102.424
266.592,113.184,101.040,102.424
266.720,111.635,103.276,104.691
263.036,110.407,103.276,104.691
258.920,107.975,105.561,107.007
252.644,105.882,105.561,107.007
246.701,103.396,107.896,109.374
240.626,99.968,110.284,111.794
235.324,97.370,112.724,114.268
228.978,93.788,115.218,116.796
223.438,89.179,117.767,119.380
218.745,84.468,120.372,122.021
214.451,81.128,120.372,122.021
211.634,75.323,123.036,124.721
209.767,69.389,125.758,127.480
207.859,64.359,128.540,130.301
208.368,59.773,128.540,130.301
208.532,55.689,131.384,133.184
210.095,54.126,131.384,133.184
211.657,51.522,131.384,133.184
213.219,48.918,131.384,133.184
214.782,46.314,131.384,133.184
215.303,44.752,131.384,133.184
215.823,45.273,131.384,133.184
216.344,48.918,131.384,133.184
216.865,52.564,131.384,133.184
218.428,59.334,131.384,133.184
218.948,66.105,131.384,133.184
220.511,70.792,131.384,133.184
219.990,70.271,131.384,133.184
222.594,69.750,131.384,133.184
218.948,65.063,131.384,133.184
219.469,62.459,131.384,133.184
216.865,55.689,131.384,133.184
219.194,47.191,134.291,136.131
221.574,39.610,137.262,139.142
225.383,34.713,137.262,139.142
229.192,30.904,137.262,139.142
234.089,27.096,137.262,139.142
238.986,24.375,137.262,139.142
243.883,21.655,137.262,139.142
247.691,17.846,137.262,139.142
251.500,16.214,137.262,139.142
255.309,15.669,137.262,139.142
257.742,13.566,140.299,142.221
261.635,15.234,140.299,142.221
263.303,14.678,140.299,142.221
263.482,13.682,143.403,145.368
265.187,14.250,143.403,145.368
264.191,10.873,146.576,148.584
264.772,11.454,146.576,148.584
263.029,9.711,146.576,148.584
260.804,3.847,149.819,151.871
260.210,2.066,149.819,151.871
261.992,0.284,149.819,151.871
262.586,0.878,149.819,151.871
262.777,1.046,153.134,155.231
