225.000,135.000,61.000,71.000
222.663,137.337,61.000,71.000
217.730,137.077,61.000,71.000
213.315,132.144,61.000,71.000
209.711,129.147,59.699,69.486
207.932,126.351,59.699,69.486
206.365,122.439,58.426,68.004
206.613,119.206,58.426,68.004
206.225,117.679,59.719,69.509
201.608,106.097,61.040,71.047
199.004,101.595,59.738,69.531
197.224,99.307,59.738,69.531
193.918,94.984,59.738,69.531
192.646,91.678,59.738,69.531
189.611,88.007,61.060,71.070
188.312,86.188,61.060,71.070
188.445,86.211,62.411,72.642
188.711,85.945,62.411,72.642
189.508,84.085,62.411,72.642
189.773,85.414,62.411,72.642
188.976,88.867,62.411,72.642
188.711,87.539,62.411,72.642
188.976,90.992,62.411,72.642
189.242,92.852,62.411,72.642
190.570,95.243,62.411,72.642
192.430,98.697,62.411,72.642
193.758,102.150,62.411,72.642
194.997,105.481,63.792,74.249
196.898,109.011,63.792,74.249
199.342,106.024,63.792,74.249
200.156,103.580,63.792,74.249
201.514,100.593,63.792,74.249
203.415,94.891,63.792,74.249
204.230,88.102,63.792,74.249
205.044,81.314,63.792,74.249
206.945,75.612,63.792,74.249
208.846,72.082,63.792,74.249
210.203,68.552,63.792,74.249
211.018,66.651,63.792,74.249
212.919,68.008,63.792,74.249
214.277,66.651,63.792,74.249
214.005,70.181,63.792,74.249
215.363,72.625,63.792,74.249
214.548,77.241,63.792,74.249
214.277,81.314,63.792,74.249
214.005,86.473,63.792,74.249
215.363,92.176,63.792,74.249
215.091,97.878,63.792,74.249
216.992,103.037,63.792,74.249
217.263,108.196,63.792,74.249
217.403,113.855,65.203,75.892
218.236,118.573,65.203,75.892
220.178,120.516,65.203,75.892
223.231,115.797,65.203,75.892
226.840,110.524,65.203,75.892
229.337,102.475,65.203,75.892
232.390,93.316,65.203,75.892
233.223,86.932,65.203,75.892
229.371,79.449,63.813,74.274
226.926,74.831,63.813,74.274
231.010,76.932,62.452,72.690
231.807,79.856,62.452,72.690
235.804,83.962,61.120,71.140
239.186,87.865,61.120,71.140
242.048,90.727,61.120,71.140
241.268,92.027,61.120,71.140
242.048,93.849,61.120,71.140
241.268,94.109,61.120,71.140
242.569,94.889,61.120,71.140
242.308,95.670,61.120,71.140
244.130,96.971,61.120,71.140
244.390,99.832,61.120,71.140
246.211,103.215,61.120,71.140
246.471,107.637,61.120,71.140
245.170,110.499,61.120,71.140
245.430,111.280,61.120,71.140
246.211,109.979,61.120,71.140
246.991,107.117,61.120,71.140
248.292,102.174,61.120,71.140
249.593,94.109,61.120,71.140
250.894,83.962,61.120,71.140
252.195,74.336,61.120,71.140
253.496,68.352,61.120,71.140
253.235,63.929,61.120,71.140
255.057,60.027,61.120,71.140
255.837,57.165,61.120,71.140
256.097,55.864,61.120,71.140
257.918,55.084,61.120,71.140
258.699,55.864,61.120,71.140
258.959,57.165,61.120,71.140
259.740,60.027,61.120,71.140
259.479,62.889,61.120,71.140
258.699,66.791,61.120,71.140
258.439,70.694,61.120,71.140
258.699,74.596,61.120,71.140
256.878,79.539,61.120,71.140
254.536,85.523,61.120,71.140
252.715,90.987,61.120,71.140
249.610,96.408,62.472,72.714
246.153,98.801,62.472,72.714
238.873,87.017,61.140,71.163
233.408,82.593,61.140,71.163
231.586,76.087,61.140,71.163
232.887,69.580,61.140,71.163
236.271,63.074,61.140,71.163
240.174,56.047,61.140,71.163
241.996,52.144,61.140,71.163
243.818,50.322,61.140,71.163
246.112,52.505,62.493,72.738
249.560,56.944,63.876,74.347
252.521,62.045,65.289,75.992
251.687,65.658,65.289,75.992
251.409,69.271,65.289,75.992
251.302,71.421,63.896,74.371
249.942,73.324,63.896,74.371
249.126,73.052,63.896,74.371
246.678,72.236,63.896,74.371
245.318,73.596,63.896,74.371
243.414,76.044,63.896,74.371
240.966,79.580,63.896,74.371
238.518,84.204,63.896,74.371
234.707,86.485,65.310,76.017
233.317,82.315,65.310,76.017
233.039,82.593,65.310,76.017
235.541,80.091,65.310,76.017
236.838,79.539,66.755,77.699
238.753,73.078,68.232,79.418
243.109,64.074,68.232,79.418
247.466,57.975,68.232,79.418
251.822,53.618,68.232,79.418
256.179,56.232,68.232,79.418
260.536,59.427,68.232,79.418
261.988,65.526,68.232,79.418
262.859,72.206,68.232,79.418
260.826,78.306,68.232,79.418
259.374,83.243,68.232,79.418
260.245,86.438,68.232,79.418
256.214,89.804,66.777,77.724
253.655,90.657,66.777,77.724
255.645,90.373,66.777,77.724
252.518,92.362,66.777,77.724
250.529,92.647,66.777,77.724
246.834,94.068,66.777,77.724
243.138,95.489,66.777,77.724
240.580,92.931,66.777,77.724
236.885,94.921,66.777,77.724
233.190,96.910,66.777,77.724
230.631,93.784,66.777,77.724
232.053,88.383,66.777,77.724
234.611,81.845,66.777,77.724
235.347,75.382,68.254,79.444
236.099,69.379,69.765,81.201
238.716,63.859,71.308,82.998
241.448,58.699,71.308,82.998
245.394,55.360,71.308,82.998
246.912,58.699,71.308,82.998
246.001,64.466,71.308,82.998
248.126,72.662,71.308,82.998
247.423,80.276,69.787,81.228
245.344,85.326,69.787,81.228
242.670,89.188,69.787,81.228
239.997,89.485,69.787,81.228
236.729,87.405,69.787,81.228
232.867,85.326,69.787,81.228
228.705,85.352,71.332,83.025
225.081,86.008,72.910,84.862
222.020,87.324,74.523,86.740
220.434,87.641,74.523,86.740
214.673,90.960,76.172,88.659
210.130,93.679,77.857,90.620
206.174,95.084,79.580,92.625
207.190,92.035,79.580,92.625
209.562,87.631,79.580,92.625
211.933,81.195,79.580,92.625
214.304,72.727,79.580,92.625
218.030,64.935,79.580,92.625
222.434,57.822,79.580,92.625
228.192,52.741,79.580,92.625
232.596,52.402,79.580,92.625
234.967,54.773,79.580,92.625
233.951,59.854,79.580,92.625
235.645,65.613,79.580,92.625
236.661,71.372,79.580,92.625
236.322,77.130,79.580,92.625
234.629,81.534,79.580,92.625
232.257,83.228,79.580,92.625
228.531,84.244,79.580,92.625
225.482,85.938,79.580,92.625
223.111,88.309,79.580,92.625
219.385,89.325,79.580,92.625
217.014,90.341,79.580,92.625
213.965,92.035,79.580,92.625
210.239,95.084,79.580,92.625
207.190,96.777,79.580,92.625
205.497,95.084,79.580,92.625
204.480,93.390,79.580,92.625
204.819,88.309,79.580,92.625
201.770,81.873,79.580,92.625
202.787,67.984,79.580,92.625
201.093,58.838,79.580,92.625
200.754,49.692,79.580,92.625
200.623,43.170,77.883,90.650
199.217,41.900,76.222,88.717
198.892,40.278,76.222,88.717
197.919,41.900,76.222,88.717
198.244,43.522,76.222,88.717
198.568,46.442,76.222,88.717
199.541,49.362,76.222,88.717
199.217,52.931,76.222,88.717
198.244,57.149,76.222,88.717
197.919,62.016,76.222,88.717
197.595,67.532,76.222,88.717
199.217,73.047,76.222,88.717
198.892,78.563,76.222,88.717
199.866,84.078,76.222,88.717
201.488,88.945,76.222,88.717
202.461,93.163,76.222,88.717
204.084,96.732,76.222,88.717
205.057,97.705,76.222,88.717
206.679,93.487,76.222,88.717
210.307,89.743,74.596,86.825
211.894,83.710,74.596,86.825
214.117,77.041,74.596,86.825
216.340,69.738,74.596,86.825
217.441,64.237,73.005,84.974
219.616,56.468,73.005,84.974
218.684,49.942,73.005,84.974
221.481,43.416,73.005,84.974
223.575,35.705,74.621,86.854
223.079,28.483,76.272,88.775
225.940,21.775,77.959,90.739
227.488,16.295,79.684,92.747
226.255,16.325,81.447,94.799
229.310,13.478,83.249,96.896
231.082,15.958,83.249,96.896
232.145,17.021,83.249,96.896
234.626,20.211,83.249,96.896
235.689,23.400,83.249,96.896
238.169,28.715,83.249,96.896
238.715,35.555,81.474,94.830
237.675,41.451,81.474,94.830
235.247,45.959,81.474,94.830
232.126,48.387,81.474,94.830
227.618,45.959,81.474,94.830
223.109,41.451,81.474,94.830
217.907,34.861,81.474,94.830
212.705,28.966,81.474,94.830
208.197,23.070,81.474,94.830
203.688,18.561,81.474,94.830
199.873,16.134,81.474,94.830
195.365,17.868,81.474,94.830
191.945,19.337,83.276,96.928
188.754,21.819,83.276,96.928
186.982,24.300,83.276,96.928
183.083,25.364,83.276,96.928
179.893,27.845,83.276,96.928
175.284,31.035,83.276,96.928
170.676,34.935,83.276,96.928
167.486,38.834,83.276,96.928
164.295,42.024,83.276,96.928
160.396,45.214,83.276,96.928
157.206,47.696,83.276,96.928
152.598,53.013,83.276,96.928
147.280,59.039,83.276,96.928
146.217,65.774,83.276,96.928
144.445,70.382,83.276,96.928
148.344,68.610,83.276,96.928
151.468,62.757,85.119,99.073
153.280,55.873,85.119,99.073
154.367,47.539,85.119,99.073
159.077,37.032,85.119,99.073
165.236,28.699,85.119,99.073
169.947,21.814,85.119,99.073
173.207,16.380,85.119,99.073
177.956,14.293,83.304,96.960
181.857,11.811,83.304,96.960
185.758,11.456,83.304,96.960
191.076,8.974,83.304,96.960
195.686,8.619,83.304,96.960
200.296,8.974,83.304,96.960
204.906,10.747,83.304,96.960
207.388,13.229,83.304,96.960
211.288,16.420,83.304,96.960
214.480,20.321,83.304,96.960
218.380,24.931,83.304,96.960
223.028,31.775,81.527,94.892
222.681,44.615,81.527,94.892
223.722,49.821,81.527,94.892
219.211,55.026,81.527,94.892
213.725,58.379,79.789,92.869
202.517,57.360,79.789,92.869
196.064,50.228,79.789,92.869
190.290,36.303,79.789,92.869
183.837,26.454,79.789,92.869
176.964,15.913,81.554,94.923
171.757,8.622,81.554,94.923
166.550,4.804,81.554,94.923
160.245,3.394,83.358,97.024
156.010,6.370,85.203,99.170
149.423,8.659,87.088,101.364
144.229,12.538,89.015,103.607
138.920,17.288,90.984,105.899
132.690,22.947,92.997,108.242
127.965,24.625,95.055,110.637
132.488,27.755,93.027,108.278
131.572,31.581,91.044,105.969
133.663,34.578,89.102,103.709
133.517,38.974,87.202,101.497
133.373,45.423,85.342,99.333
130.830,53.052,85.342,99.333
130.467,60.681,85.342,99.333
129.377,69.036,85.342,99.333
129.740,73.758,85.342,99.333
131.557,72.669,85.342,99.333
133.373,67.946,85.342,99.333
135.916,61.044,85.342,99.333
139.912,47.603,85.342,99.333
142.455,34.162,85.342,99.333
145.724,24.353,85.342,99.333
148.994,15.998,85.342,99.333
152.355,11.805,83.522,97.215
154.843,9.316,83.522,97.215
158.043,11.094,83.522,97.215
161.243,8.605,83.522,97.215
163.732,8.961,83.522,97.215
166.931,7.183,83.522,97.215
170.842,8.250,83.522,97.215
171.909,10.738,83.522,97.215
172.975,13.227,83.522,97.215
174.042,16.427,83.522,97.215
174.397,19.627,83.522,97.215
174.753,23.537,83.522,97.215
175.108,28.870,83.522,97.215
176.175,36.336,83.522,97.215
175.108,43.091,83.522,97.215
175.464,48.424,83.522,97.215
173.686,50.913,83.522,97.215
173.331,51.268,83.522,97.215
171.553,48.780,83.522,97.215
170.487,42.736,83.522,97.215
170.131,36.692,83.522,97.215
171.198,29.937,83.522,97.215
170.842,24.604,83.522,97.215
169.775,20.693,83.522,97.215
169.420,21.049,83.522,97.215
168.353,21.404,83.522,97.215
166.576,19.627,83.522,97.215
166.931,20.693,83.522,97.215
165.865,20.338,83.522,97.215
165.509,20.693,83.522,97.215
164.443,18.205,83.522,97.215
164.087,19.982,83.522,97.215
163.021,21.049,83.522,97.215
161.954,22.826,83.522,97.215
160.176,25.315,83.522,97.215
159.110,29.937,83.522,97.215
156.621,36.692,83.522,97.215
154.132,48.424,83.522,97.215
149.889,63.210,85.370,99.366
146.618,70.114,85.370,99.366
144.801,76.292,85.370,99.366
139.350,82.470,85.370,99.366
132.905,87.382,83.550,97.247
128.993,91.294,83.550,97.247
125.081,94.495,83.550,97.247
