51.000,53.000,87.000,290.000
53.144,52.285,87.000,290.000
55.288,51.571,87.000,290.000
57.433,52.285,87.000,290.000
61.006,51.571,87.000,290.000
63.150,50.856,87.000,290.000
65.294,51.571,87.000,290.000
68.868,50.856,87.000,290.000
71.012,51.571,87.000,290.000
74.586,50.856,87.000,290.000
78.160,50.141,87.000,290.000
81.733,49.426,87.000,290.000
83.877,50.141,87.000,290.000
87.451,49.426,87.000,290.000
91.025,50.141,87.000,290.000
93.169,49.426,87.000,290.000
95.313,50.141,87.000,290.000
98.886,49.426,87.000,290.000
101.031,50.141,87.000,290.000
103.175,49.426,87.000,290.000
106.748,50.141,87.000,290.000
108.893,50.856,87.000,290.000
111.037,51.571,87.000,290.000
114.610,50.856,87.000,290.000
116.755,51.571,87.000,290.000
118.899,50.856,87.000,290.000
122.472,51.571,87.000,290.000
124.617,52.285,87.000,290.000
126.761,51.571,87.000,290.000
128.905,50.856,87.000,290.000
132.478,50.141,87.000,290.000
134.623,50.856,87.000,290.000
136.767,51.571,87.000,290.000
138.911,49.426,87.000,290.000
141.055,50.141,87.000,290.000
143.199,49.426,87.000,290.000
145.343,50.141,87.000,290.000
148.338,53.922,85.145,283.816
152.617,56.274,83.329,277.763
156.039,55.590,83.329,277.763
156.724,54.905,83.329,277.763
160.147,54.220,83.329,277.763
159.462,54.905,83.329,277.763
160.147,52.851,83.329,277.763
159.462,53.536,83.329,277.763
165.623,55.590,83.329,277.763
168.491,57.891,81.552,271.840
170.501,57.222,81.552,271.840
172.017,60.766,79.813,266.043
173.984,60.110,79.813,266.043
177.262,59.454,79.813,266.043
178.745,62.923,78.111,260.369
180.670,60.998,78.111,260.369
183.879,60.356,78.111,260.369
185.804,59.715,78.111,260.369
187.729,60.356,78.111,260.369
189.654,60.998,78.111,260.369
191.579,60.356,78.111,260.369
193.504,60.998,78.111,260.369
194.146,60.356,78.111,260.369
196.071,60.998,78.111,260.369
197.996,60.356,78.111,260.369
200.684,63.751,76.445,254.817
203.315,67.073,74.815,249.383
205.159,66.459,74.815,249.383
207.003,65.844,74.815,249.383
208.847,66.459,74.815,249.383
209.462,65.844,74.815,249.383
211.305,66.459,74.815,249.383
213.149,65.844,74.815,249.383
213.764,67.688,74.815,249.383
214.378,67.073,74.815,249.383
217.452,67.688,74.815,249.383
218.066,67.073,74.815,249.383
219.910,66.459,74.815,249.383
221.300,72.080,73.219,244.065
221.902,70.275,73.219,244.065
223.706,72.080,73.219,244.065
225.067,74.102,71.658,238.860
228.668,79.486,70.130,233.766
228.092,76.606,70.130,233.766
231.616,82.985,68.634,228.781
232.180,80.166,68.634,228.781
233.871,79.602,68.634,228.781
234.435,81.294,68.634,228.781
237.254,79.602,68.634,228.781
238.946,80.166,68.634,228.781
239.510,79.602,68.634,228.781
241.201,79.039,68.634,228.781
241.765,78.475,68.634,228.781
242.329,79.039,68.634,228.781
245.148,77.347,68.634,228.781
246.840,76.783,68.634,228.781
247.028,79.766,67.171,223.902
244.568,74.427,68.657,228.856
243.223,70.139,70.176,233.920
243.799,69.563,70.176,233.920
244.376,68.986,70.176,233.920
246.105,69.563,70.176,233.920
246.682,67.833,70.176,233.920
250.717,68.410,70.176,233.920
253.600,68.986,70.176,233.920
253.023,68.410,70.176,233.920
254.753,70.139,70.176,233.920
256.057,73.189,68.679,228.931
256.621,73.753,68.679,228.931
258.788,68.294,70.199,233.996
258.610,65.107,71.752,239.173
259.943,69.362,70.222,234.073
260.136,72.414,68.724,229.081
261.830,70.720,68.724,229.081
262.394,71.284,68.724,229.081
262.959,69.591,68.724,229.081
264.653,69.026,68.724,229.081
264.088,67.332,68.724,229.081
260.136,66.768,68.724,229.081
258.442,66.203,68.724,229.081
264.653,67.897,68.724,229.081
270.863,67.332,68.724,229.081
272.557,65.639,68.724,229.081
269.734,65.074,68.724,229.081
270.731,60.782,70.245,234.150
271.308,60.205,70.245,234.150
269.577,59.628,70.245,234.150
269.000,59.051,70.245,234.150
267.268,58.474,70.245,234.150
267.846,57.897,70.245,234.150
268.423,58.474,70.245,234.150
267.846,57.897,70.245,234.150
267.268,58.474,70.245,234.150
267.846,56.743,70.245,234.150
267.268,57.320,70.245,234.150
267.846,56.743,70.245,234.150
268.423,57.320,70.245,234.150
267.846,56.743,70.245,234.150
268.423,57.320,70.245,234.150
269.000,56.743,70.245,234.150
269.577,57.320,70.245,234.150
270.154,55.589,70.245,234.150
270.731,56.166,70.245,234.150
272.462,54.435,70.245,234.150
273.039,55.012,70.245,234.150
272.462,53.280,70.245,234.150
274.193,52.703,70.245,234.150
275.499,56.869,68.747,229.156
277.865,58.768,67.281,224.270
279.115,61.692,65.846,219.487
280.738,61.151,65.846,219.487
281.961,64.013,64.442,214.806
283.549,63.483,64.442,214.806
284.079,62.954,64.442,214.806
287.317,65.754,63.068,210.226
286.799,65.236,63.068,210.226
288.970,67.977,61.723,205.742
290.491,68.484,61.723,205.742
289.984,67.977,61.723,205.742
291.505,68.484,61.723,205.742
292.012,67.977,61.723,205.742
292.519,68.484,61.723,205.742
292.012,67.977,61.723,205.742
294.136,71.637,60.406,201.355
293.640,70.148,60.406,201.355
293.144,69.652,60.406,201.355
296.180,73.234,59.118,197.061
295.694,72.748,59.118,197.061
296.180,71.291,59.118,197.061
297.637,70.806,59.118,197.061
296.180,70.320,59.118,197.061
299.579,70.806,59.118,197.061
297.151,69.349,59.118,197.061
301.058,72.854,57.858,192.859
300.583,72.379,57.858,192.859
301.058,72.854,57.858,192.859
302.484,71.428,57.858,192.859
302.643,74.859,56.624,188.746
304.038,74.394,56.624,188.746
305.091,75.958,55.416,184.721
305.546,75.503,55.416,184.721
306.912,74.137,55.416,184.721
307.064,77.423,54.234,180.782
309.789,78.921,53.078,176.926
311.097,80.229,53.078,176.926
311.533,79.793,53.078,176.926
312.520,81.260,51.946,173.153
314.307,82.695,50.838,169.461
313.890,83.112,50.838,169.461
314.307,81.859,50.838,169.461
313.890,81.442,50.838,169.461
315.639,83.651,49.754,165.847
316.048,83.242,49.754,165.847
317.274,82.834,49.754,165.847
316.048,81.607,49.754,165.847
319.336,84.558,48.693,162.310
320.537,86.558,48.693,162.310
322.212,89.445,47.655,158.849
321.821,89.054,47.655,158.849
323.778,89.445,47.655,158.849
324.664,91.516,46.638,155.461
325.813,90.367,46.638,155.461
324.664,89.984,46.638,155.461
327.008,93.488,45.644,152.146
325.883,91.613,45.644,152.146
326.258,91.238,45.644,152.146
327.383,92.363,45.644,152.146
327.008,91.238,45.644,152.146
325.883,90.113,45.644,152.146
327.008,90.488,45.644,152.146
327.383,89.363,45.644,152.146
327.758,90.488,45.644,152.146
327.383,89.363,45.644,152.146
328.508,90.488,45.644,152.146
328.882,89.363,45.644,152.146
328.508,90.488,45.644,152.146
329.632,89.363,45.644,152.146
330.007,89.738,45.644,152.146
330.856,92.445,44.670,148.902
331.222,91.344,44.670,148.902
330.856,90.977,44.670,148.902
332.393,93.625,43.718,145.726
333.470,93.266,43.718,145.726
333.590,93.782,42.786,142.619
334.645,93.430,42.786,142.619
334.085,95.967,41.873,139.577
334.863,97.124,40.980,136.601
334.526,97.461,40.980,136.601
334.639,100.540,40.106,133.688
335.627,99.551,40.106,133.688
335.298,99.222,40.106,133.688
336.286,98.892,40.106,133.688
336.615,97.904,40.106,133.688
335.627,98.233,40.106,133.688
335.956,98.563,40.106,133.688
337.337,100.941,39.251,130.837
338.066,101.403,38.414,128.047
338.382,102.350,38.414,128.047
338.487,104.020,37.595,125.316
339.781,104.463,36.793,122.644
339.479,104.161,36.793,122.644
339.781,105.067,36.793,122.644
340.083,104.765,36.793,122.644
340.386,104.463,36.793,122.644
340.487,106.062,36.008,120.028
340.782,105.766,36.008,120.028
340.881,107.901,35.241,117.468
340.592,107.033,35.241,117.468
340.881,107.322,35.241,117.468
341.171,106.454,35.241,117.468
341.460,107.322,35.241,117.468
340.592,107.033,35.241,117.468
340.302,107.322,35.241,117.468
341.171,107.033,35.241,117.468
341.826,109.122,34.489,114.963
340.976,108.839,34.489,114.963
340.692,108.556,34.489,114.963
341.542,108.272,34.489,114.963
341.637,110.864,33.754,112.512
341.914,110.032,33.754,112.512
341.637,110.309,33.754,112.512
341.360,110.586,33.754,112.512
341.452,112.588,33.034,110.112
342.266,111.774,33.034,110.112
341.995,112.045,33.034,110.112
341.724,111.231,33.034,110.112
341.452,110.960,33.034,110.112
342.266,110.688,33.034,110.112
342.538,110.960,33.034,110.112
342.266,109.603,33.034,110.112
342.538,110.960,33.034,110.112
342.266,110.145,33.034,110.112
343.080,110.417,33.034,110.112
342.809,110.688,33.034,110.112
343.080,110.417,33.034,110.112
343.352,110.145,33.034,110.112
344.166,109.331,33.034,110.112
343.895,109.060,33.034,110.112
344.166,108.789,33.034,110.112
343.895,110.145,33.034,110.112
343.985,110.535,32.329,107.764
344.074,111.940,31.640,105.466
344.854,112.200,31.640,105.466
345.114,111.940,31.640,105.466
345.374,111.160,31.640,105.466
344.594,111.940,31.640,105.466
344.854,111.160,31.640,105.466
345.114,111.940,31.640,105.466
345.374,111.160,31.640,105.466
345.460,112.535,30.965,103.217
345.715,111.772,30.965,103.217
344.952,112.026,30.965,103.217
345.715,112.281,30.965,103.217
345.460,112.026,30.965,103.217
346.224,112.281,30.965,103.217
346.478,112.026,30.965,103.217
346.732,111.772,30.965,103.217
346.817,114.099,30.305,101.016
347.380,114.456,29.659,98.862
346.650,114.699,29.659,98.862
348.140,115.519,29.026,96.753
347.901,115.280,29.026,96.753
347.663,114.565,29.026,96.753
347.425,115.280,29.026,96.753
348.140,114.565,29.026,96.753
348.378,114.803,29.026,96.753
348.617,113.611,29.026,96.753
347.901,114.803,29.026,96.753
348.140,113.611,29.026,96.753
348.378,114.326,29.026,96.753
348.458,114.209,28.407,94.690
348.225,113.975,28.407,94.690
348.458,114.676,28.407,94.690
347.758,113.975,28.407,94.690
347.991,114.676,28.407,94.690
348.225,113.975,28.407,94.690
347.991,114.209,28.407,94.690
347.758,113.042,28.407,94.690
347.525,114.209,28.407,94.690
347.291,112.575,28.407,94.690
347.525,112.809,28.407,94.690
346.825,113.042,28.407,94.690
347.058,113.275,28.407,94.690
347.291,112.109,28.407,94.690
347.058,113.275,28.407,94.690
346.825,112.109,28.407,94.690
346.591,112.809,28.407,94.690
345.891,112.575,28.407,94.690
346.124,111.875,28.407,94.690
346.358,112.575,28.407,94.690
345.658,111.875,28.407,94.690
345.891,112.109,28.407,94.690
346.124,112.342,28.407,94.690
346.358,111.642,28.407,94.690
345.658,111.875,28.407,94.690
345.891,111.642,28.407,94.690
346.124,111.408,28.407,94.690
346.358,111.175,28.407,94.690
345.986,113.309,27.801,92.671
346.214,113.081,27.801,92.671
345.850,113.849,27.208,90.695
346.521,114.072,27.208,90.695
346.297,114.296,27.208,90.695
346.074,113.625,27.208,90.695
345.850,114.296,27.208,90.695
346.968,113.625,27.208,90.695
345.850,114.296,27.208,90.695
346.968,113.625,27.208,90.695
346.297,114.296,27.208,90.695
346.521,113.625,27.208,90.695
347.026,115.670,26.628,88.761
347.245,114.576,26.628,88.761
347.464,115.670,26.628,88.761
348.120,114.576,26.628,88.761
