163.000,44.000,47.000,164.000
164.197,38.812,47.000,164.000
166.193,33.624,47.000,164.000
168.188,27.638,47.000,164.000
167.789,30.432,47.000,164.000
168.986,21.253,47.000,164.000
168.587,11.276,47.000,164.000
166.592,4.492,47.000,164.000
165.394,-4.687,47.000,164.000
165.794,-12.269,47.000,164.000
163.798,-9.476,47.000,164.000
164.197,-14.663,47.000,164.000
165.394,-11.870,47.000,164.000
166.592,-17.856,47.000,164.000
166.193,-15.861,47.000,164.000
166.592,-11.471,47.000,164.000
166.193,9.680,47.000,164.000
168.188,20.455,47.000,164.000
168.587,24.845,47.000,164.000
166.592,26.840,47.000,164.000
167.789,32.028,47.000,164.000
168.986,37.216,47.000,164.000
167.789,40.009,47.000,164.000
167.390,38.014,47.000,164.000
171.780,44.798,47.000,164.000
169.784,49.986,47.000,164.000
170.981,56.770,47.000,164.000
163.399,60.362,47.000,164.000
158.211,56.770,47.000,164.000
155.418,55.573,47.000,164.000
151.826,52.780,47.000,164.000
145.840,49.188,47.000,164.000
141.450,44.000,47.000,164.000
138.657,39.610,47.000,164.000
137.459,37.615,47.000,164.000
141.051,34.023,47.000,164.000
140.652,33.624,47.000,164.000
144.244,30.831,47.000,164.000
148.633,30.432,47.000,164.000
152.225,30.831,47.000,164.000
155.817,34.422,47.000,164.000
156.216,42.005,47.000,164.000
156.615,43.202,47.000,164.000
153.821,46.794,47.000,164.000
152.624,49.587,47.000,164.000
153.821,49.188,47.000,164.000
155.817,51.183,47.000,164.000
153.023,52.381,47.000,164.000
152.624,54.376,47.000,164.000
153.023,53.977,47.000,164.000
155.019,52.780,47.000,164.000
153.023,57.169,47.000,164.000
153.422,55.174,47.000,164.000
151.427,58.766,47.000,164.000
151.826,56.770,47.000,164.000
148.234,60.362,47.000,164.000
145.441,58.367,47.000,164.000
141.051,59.564,47.000,164.000
135.863,58.367,47.000,164.000
129.877,57.967,47.000,164.000
123.891,56.770,47.000,164.000
117.905,53.977,47.000,164.000
112.003,48.436,48.040,167.628
106.700,44.765,48.040,167.628
102.213,42.726,48.040,167.628
98.542,44.765,48.040,167.628
97.318,46.805,48.040,167.628
98.542,50.476,48.040,167.628
98.134,49.252,48.040,167.628
99.358,53.739,48.040,167.628
101.397,56.594,48.040,167.628
106.700,60.265,48.040,167.628
109.555,60.673,48.040,167.628
111.595,58.634,48.040,167.628
111.187,59.857,48.040,167.628
114.042,55.370,48.040,167.628
115.266,52.515,48.040,167.628
118.530,50.764,47.015,164.054
120.955,51.359,46.013,160.555
122.127,51.750,46.013,160.555
122.518,50.578,46.013,160.555
122.909,52.531,46.013,160.555
124.862,52.922,46.013,160.555
127.597,53.312,46.013,160.555
129.550,56.047,46.013,160.555
132.285,55.657,46.013,160.555
131.113,57.610,46.013,160.555
135.746,56.686,45.032,157.131
138.423,59.363,45.032,157.131
141.099,58.980,45.032,157.131
143.011,58.598,45.032,157.131
145.687,62.804,45.032,157.131
145.305,64.716,45.032,157.131
144.923,68.157,45.032,157.131
147.599,64.716,45.032,157.131
147.711,74.130,44.071,153.781
147.337,79.743,44.071,153.781
150.704,80.118,44.071,153.781
150.330,82.737,44.071,153.781
155.943,78.621,44.071,153.781
157.066,78.247,44.071,153.781
160.434,77.872,44.071,153.781
160.059,78.995,44.071,153.781
163.427,75.627,44.071,153.781
166.047,73.008,44.071,153.781
165.672,69.640,44.071,153.781
166.047,66.272,44.071,153.781
167.169,66.646,44.071,153.781
166.047,64.775,44.071,153.781
165.672,68.143,44.071,153.781
166.047,78.995,44.071,153.781
166.421,83.860,44.071,153.781
166.047,79.743,44.071,153.781
164.924,77.872,44.071,153.781
164.312,80.594,43.131,150.501
162.301,77.610,42.212,147.292
161.226,75.818,42.212,147.292
157.283,71.159,42.212,147.292
158.358,72.234,42.212,147.292
153.699,66.858,42.212,147.292
150.473,63.632,42.212,147.292
147.248,61.123,42.212,147.292
145.970,60.275,41.311,144.151
143.515,59.924,41.311,144.151
144.567,60.977,41.311,144.151
145.620,59.924,41.311,144.151
147.373,61.678,41.311,144.151
151.933,66.940,41.311,144.151
154.389,70.798,41.311,144.151
157.546,77.463,41.311,144.151
158.598,84.829,41.311,144.151
159.377,92.790,40.430,141.077
158.347,89.014,40.430,141.077
160.750,85.924,40.430,141.077
161.780,78.715,40.430,141.077
165.556,72.879,40.430,141.077
163.153,73.222,40.430,141.077
167.616,70.133,40.430,141.077
165.899,67.043,40.430,141.077
163.496,65.327,40.430,141.077
158.347,64.983,40.430,141.077
151.824,65.327,40.430,141.077
144.615,64.983,40.430,141.077
137.406,61.894,40.430,141.077
129.510,59.491,40.430,141.077
124.361,59.834,40.430,141.077
118.525,57.431,40.430,141.077
114.749,59.148,40.430,141.077
113.032,60.177,40.430,141.077
112.003,57.088,40.430,141.077
110.973,59.491,40.430,141.077
111.316,62.580,40.430,141.077
110.973,65.670,40.430,141.077
113.376,68.760,40.430,141.077
114.406,72.536,40.430,141.077
116.122,76.999,40.430,141.077
118.525,81.461,40.430,141.077
120.928,85.238,40.430,141.077
124.018,88.327,40.430,141.077
127.107,88.670,40.430,141.077
130.197,88.327,40.430,141.077
135.346,85.924,40.430,141.077
136.376,86.954,40.430,141.077
136.033,90.044,40.430,141.077
138.436,84.208,40.430,141.077
136.720,78.372,40.430,141.077
133.630,79.402,40.430,141.077
129.854,81.118,40.430,141.077
131.570,77.342,40.430,141.077
127.794,76.312,40.430,141.077
124.018,77.342,40.430,141.077
122.301,74.252,40.430,141.077
118.525,75.969,40.430,141.077
116.122,76.312,40.430,141.077
115.779,76.655,40.430,141.077
114.749,77.685,40.430,141.077
115.779,78.028,40.430,141.077
114.749,79.745,40.430,141.077
114.406,82.835,40.430,141.077
112.003,87.984,40.430,141.077
109.062,90.341,41.325,144.198
106.606,94.903,41.325,144.198
104.852,100.868,41.325,144.198
102.395,104.727,41.325,144.198
105.553,100.166,41.325,144.198
105.202,98.411,41.325,144.198
104.150,99.464,41.325,144.198
103.097,97.008,41.325,144.198
99.237,94.552,41.325,144.198
94.676,91.394,41.325,144.198
91.518,86.832,41.325,144.198
88.360,82.972,41.325,144.198
85.202,79.814,41.325,144.198
82.044,75.955,41.325,144.198
79.588,72.095,41.325,144.198
79.237,68.235,41.325,144.198
78.886,65.779,41.325,144.198
76.430,71.744,41.325,144.198
75.377,76.306,41.325,144.198
79.653,70.706,42.239,147.388
81.790,72.424,43.174,150.649
77.024,77.923,43.174,150.649
72.259,84.155,43.174,150.649
68.960,89.654,43.174,150.649
72.259,85.621,43.174,150.649
70.426,91.120,43.174,150.649
73.725,90.020,43.174,150.649
77.758,88.921,43.174,150.649
81.790,87.821,43.174,150.649
93.154,86.721,43.174,150.649
97.920,86.355,43.174,150.649
102.685,88.921,43.174,150.649
108.184,87.088,43.174,150.649
111.483,86.721,43.174,150.649
114.049,87.821,43.174,150.649
112.950,91.120,43.174,150.649
114.049,92.953,43.174,150.649
112.950,94.786,43.174,150.649
114.049,92.220,43.174,150.649
111.483,94.786,43.174,150.649
110.384,97.352,43.174,150.649
108.551,96.986,43.174,150.649
107.451,98.085,43.174,150.649
105.618,98.452,43.174,150.649
105.725,95.465,42.253,147.437
106.801,92.953,42.253,147.437
107.160,94.030,42.253,147.437
111.824,98.694,42.253,147.437
115.770,100.488,42.253,147.437
119.717,99.411,42.253,147.437
122.228,99.053,42.253,147.437
126.175,96.541,42.253,147.437
130.839,94.747,42.253,147.437
133.721,88.277,43.188,150.699
137.755,82.777,43.188,150.699
140.322,78.743,43.188,150.699
137.755,83.510,43.188,150.699
141.055,78.010,43.188,150.699
139.222,80.577,43.188,150.699
143.255,75.809,43.188,150.699
139.222,82.043,43.188,150.699
142.522,86.077,43.188,150.699
148.756,82.777,43.188,150.699
152.056,80.210,43.188,150.699
165.624,134.849,43.188,150.699
167.852,137.516,42.267,147.485
169.341,135.284,41.366,144.340
164.775,109.644,41.366,144.340
159.506,97.351,41.366,144.340
152.833,92.082,41.366,144.340
150.374,87.516,41.366,144.340
164.857,87.741,42.281,147.533
160.190,80.202,42.281,147.533
148.343,66.919,42.281,147.533
145.112,60.816,42.281,147.533
143.317,61.175,42.281,147.533
146.548,68.714,42.281,147.533
146.907,76.971,42.281,147.533
153.728,78.766,42.281,147.533
166.293,81.279,42.281,147.533
168.088,75.176,42.281,147.533
171.319,78.407,42.281,147.533
175.986,80.202,42.281,147.533
177.781,75.535,42.281,147.533
175.451,65.337,43.216,150.797
174.350,60.566,43.216,150.797
176.185,64.603,43.216,150.797
169.996,64.838,44.172,154.134
168.871,65.963,44.172,154.134
163.245,60.337,44.172,154.134
153.118,62.213,44.172,154.134
139.991,55.837,44.172,154.134
125.364,62.963,44.172,154.134
118.988,68.589,44.172,154.134
119.363,71.964,44.172,154.134
113.815,67.535,45.150,157.544
110.365,68.685,45.150,157.544
109.215,63.702,45.150,157.544
109.598,64.852,45.150,157.544
111.515,60.635,45.150,157.544
114.199,64.085,45.150,157.544
118.416,66.002,45.150,157.544
121.866,70.986,45.150,157.544
123.783,71.369,45.150,157.544
124.634,83.025,44.187,154.184
125.009,91.655,44.187,154.184
123.133,97.282,44.187,154.184
125.009,88.653,44.187,154.184
127.635,80.024,44.187,154.184
143.018,49.634,44.187,154.184
147.145,41.005,44.187,154.184
150.522,38.378,44.187,154.184
150.146,40.254,44.187,154.184
150.825,39.716,45.165,157.596
151.209,41.634,45.165,157.596
148.524,45.852,45.165,157.596
145.073,50.837,45.165,157.596
142.584,53.471,46.164,161.083
144.544,50.727,46.164,161.083
141.187,53.418,47.185,164.646
137.581,56.223,47.185,164.646
133.174,60.630,47.185,164.646
134.376,65.838,47.185,164.646
133.174,71.046,47.185,164.646
132.773,73.851,47.185,164.646
133.174,68.643,47.185,164.646
133.574,61.832,47.185,164.646
134.776,58.226,47.185,164.646
134.376,62.633,47.185,164.646
137.180,62.232,47.185,164.646
139.183,60.229,47.185,164.646
141.988,59.027,47.185,164.646
144.792,57.024,47.185,164.646
146.796,55.021,47.185,164.646
147.196,53.017,47.185,164.646
146.796,50.213,47.185,164.646
143.991,46.607,47.185,164.646
140.385,48.610,47.185,164.646
141.587,49.812,47.185,164.646
136.379,46.207,47.185,164.646
134.376,49.812,47.185,164.646
133.975,45.405,47.185,164.646
132.773,50.614,47.185,164.646
133.975,52.617,47.185,164.646
135.177,51.415,47.185,164.646
137.180,53.418,47.185,164.646
140.786,55.421,47.185,164.646
145.193,61.431,47.185,164.646
147.997,59.428,47.185,164.646
147.597,63.034,47.185,164.646
146.395,58.626,47.185,164.646
144.392,63.034,47.185,164.646
141.587,54.620,47.185,164.646
137.180,47.008,47.185,164.646
131.972,41.799,47.185,164.646
126.763,34.988,47.185,164.646
126.363,37.793,47.185,164.646
121.956,31.783,47.185,164.646
116.747,28.178,47.185,164.646
113.141,29.379,47.185,164.646
110.337,30.581,47.185,164.646
108.334,33.386,47.185,164.646
107.132,31.383,47.185,164.646
105.128,31.783,47.185,164.646
104.728,31.383,47.185,164.646
104.327,32.585,47.185,164.646
105.529,29.780,47.185,164.646
103.760,25.880,48.229,168.289
101.713,25.471,48.229,168.289
100.484,29.975,48.229,168.289
98.437,31.204,48.229,168.289
98.027,34.890,48.229,168.289
97.618,32.842,48.229,168.289
97.208,34.071,48.229,168.289
99.256,38.575,48.229,168.289
102.122,41.442,48.229,168.289
104.170,41.851,48.229,168.289
107.036,43.080,48.229,168.289
110.722,42.670,48.229,168.289
116.045,43.899,48.229,168.289
119.731,44.308,48.229,168.289
122.598,41.442,48.229,168.289
124.645,44.308,48.229,168.289
127.512,48.813,48.229,168.289
130.378,48.403,48.229,168.289
134.064,45.537,48.229,168.289
135.292,49.222,48.229,168.289
137.340,49.632,48.229,168.289
137.749,48.403,48.229,168.289
138.978,51.270,48.229,168.289
140.206,53.317,48.229,168.289
141.435,52.089,48.229,168.289
141.845,50.041,48.229,168.289
149.858,83.807,47.201,164.700
146.885,90.585,46.194,161.188
143.355,89.408,46.194,161.188
137.471,86.663,46.194,161.188
132.372,90.977,46.194,161.188
130.411,97.645,46.194,161.188
126.097,98.037,46.194,161.188
124.136,97.645,46.194,161.188
121.390,98.822,46.194,161.188
122.261,98.650,45.209,157.751
120.341,99.802,45.209,157.751
121.933,101.854,44.245,154.387
121.558,100.727,44.245,154.387
123.436,101.102,44.245,154.387
126.066,99.975,44.245,154.387
132.452,98.097,44.245,154.387
137.336,96.219,44.245,154.387
142.220,95.092,44.245,154.387
141.093,96.219,44.245,154.387
147.479,92.838,44.245,154.387
153.866,89.456,44.245,154.387
165.512,83.070,44.245,154.387
170.396,79.689,44.245,154.387
173.777,80.064,44.245,154.387
176.407,81.943,44.245,154.387
179.413,87.572,43.301,151.094
183.457,92.352,43.301,151.094
189.235,96.444,42.378,147.872
194.632,88.887,42.378,147.872
199.310,82.050,42.378,147.872
198.950,79.532,42.378,147.872
201.469,81.331,42.378,147.872
203.268,84.569,42.378,147.872
205.787,89.967,42.378,147.872
209.745,102.561,42.378,147.872
216.582,105.799,42.378,147.872
220.540,98.243,42.378,147.872
222.339,92.845,42.378,147.872
221.979,89.607,42.378,147.872
218.741,93.565,42.378,147.872
221.259,97.523,42.378,147.872
220.900,94.285,42.378,147.872
221.259,90.326,42.378,147.872
224.139,108.897,41.474,144.719
223.563,113.495,40.590,141.633
222.335,107.365,39.724,138.612
212.553,98.933,39.724,138.612
208.843,91.175,39.724,138.612
206.482,84.767,39.724,138.612
212.216,99.945,39.724,138.612
213.228,102.980,39.724,138.612
214.240,95.897,39.724,138.612
211.879,88.814,39.724,138.612
211.977,95.169,38.877,135.656
211.437,94.388,38.048,132.763
210.909,90.510,37.237,129.932
209.328,96.517,37.237,129.932
203.953,93.672,37.237,129.932
202.372,99.047,37.237,129.932
202.056,104.421,37.237,129.932
194.152,98.414,37.237,129.932
187.512,92.407,37.237,129.932
