289.000,67.000,64.000,236.000
285.040,65.303,64.000,236.000
283.342,64.737,64.000,236.000
280.514,66.434,64.000,236.000
277.685,65.868,64.000,236.000
273.724,67.566,64.000,236.000
270.896,68.132,64.000,236.000
266.935,69.829,64.000,236.000
262.975,70.395,64.000,236.000
257.883,72.092,64.000,236.000
255.054,72.658,64.000,236.000
249.962,75.486,64.000,236.000
247.133,77.184,64.000,236.000
242.041,78.881,64.000,236.000
236.950,80.578,64.000,236.000
234.121,78.881,64.000,236.000
228.805,85.215,62.635,230.967
226.804,83.942,61.299,226.042
227.980,82.696,59.992,221.221
233.220,81.476,58.713,216.504
235.815,79.919,58.713,216.504
231.939,84.729,57.461,211.887
228.383,82.189,57.461,211.887
223.812,84.729,57.461,211.887
219.039,88.457,56.235,207.368
221.076,90.189,55.036,202.946
226.821,93.760,53.863,198.618
231.106,92.331,53.863,198.618
239.201,88.998,53.863,198.618
246.343,86.618,53.863,198.618
253.485,83.284,53.863,198.618
258.723,78.999,53.863,198.618
254.438,82.332,53.863,198.618
258.723,78.047,53.863,198.618
256.342,70.905,53.863,198.618
253.962,68.524,53.863,198.618
252.241,76.608,52.714,194.383
250.843,76.142,52.714,194.383
245.717,80.336,52.714,194.383
242.455,81.734,52.714,194.383
247.958,87.849,51.590,190.237
254.799,90.129,51.590,190.237
260.728,93.322,51.590,190.237
256.623,93.778,51.590,190.237
269.849,94.234,51.590,190.237
272.597,94.943,50.490,186.180
273.565,95.638,49.413,182.210
274.876,95.201,49.413,182.210
276.186,95.638,49.413,182.210
277.497,94.327,49.413,182.210
267.498,96.691,48.359,178.324
265.360,96.264,48.359,178.324
269.208,98.401,48.359,178.324
270.490,97.974,48.359,178.324
274.338,100.111,48.359,178.324
281.605,101.394,48.359,178.324
286.308,100.111,48.359,178.324
285.025,99.684,48.359,178.324
291.438,101.821,48.359,178.324
293.575,100.539,48.359,178.324
295.713,99.256,48.359,178.324
299.560,97.974,48.359,178.324
305.118,94.981,48.359,178.324
311.530,93.699,48.359,178.324
315.378,91.561,48.359,178.324
314.950,90.279,48.359,178.324
309.393,87.286,48.359,178.324
303.835,84.294,48.359,178.324
299.988,81.301,48.359,178.324
295.461,77.111,49.429,182.270
288.907,79.296,49.429,182.270
283.226,80.607,49.429,182.270
278.420,82.791,49.429,182.270
280.605,84.102,49.429,182.270
284.138,72.566,50.523,186.303
281.905,60.507,50.523,186.303
280.565,53.807,50.523,186.303
279.812,55.363,49.445,182.330
275.705,54.358,48.391,178.441
273.335,55.024,47.359,174.636
271.015,53.254,46.349,170.912
271.114,51.523,45.361,167.267
281.139,96.033,45.361,167.267
288.193,97.430,44.393,163.700
296.434,92.328,44.393,163.700
301.536,87.226,44.393,163.700
305.853,81.340,44.393,163.700
303.106,76.238,44.393,163.700
301.929,77.415,44.393,163.700
304.676,81.732,44.393,163.700
304.771,89.908,43.447,160.209
308.566,96.429,42.520,156.793
278.847,76.365,43.461,160.262
268.474,75.981,43.461,160.262
266.553,78.670,43.461,160.262
265.400,78.286,43.461,160.262
267.321,80.975,43.461,160.262
267.705,78.286,43.461,160.262
268.858,77.134,43.461,160.262
266.937,75.981,43.461,160.262
264.248,73.292,43.461,160.262
262.327,71.371,43.461,160.262
258.869,67.913,43.461,160.262
257.716,66.760,43.461,160.262
255.795,64.839,43.461,160.262
253.106,62.918,43.461,160.262
251.185,60.997,43.461,160.262
250.032,59.845,43.461,160.262
246.575,57.924,43.461,160.262
246.190,56.771,43.461,160.262
244.269,54.850,43.461,160.262
246.959,52.929,43.461,160.262
249.274,51.305,42.534,156.844
251.539,52.615,41.627,153.499
253.757,56.025,40.739,150.226
255.927,57.974,39.870,147.022
261.213,56.917,39.870,147.022
266.500,57.269,39.870,147.022
277.457,55.100,39.020,143.887
287.460,51.995,39.020,143.887
252.966,61.177,38.188,140.819
251.747,59.099,37.374,137.816
260.006,54.143,37.374,137.816
266.944,53.152,37.374,137.816
277.215,51.118,36.577,134.877
281.656,52.868,35.797,132.000
286.003,58.241,35.033,129.185
289.660,62.305,34.286,126.430
293.600,66.851,34.286,126.430
297.541,70.791,34.286,126.430
303.299,74.732,34.286,126.430
309.664,81.097,34.286,126.430
320.273,95.342,34.286,126.430
323.000,101.707,34.286,126.430
325.122,102.010,34.286,126.430
324.213,99.282,34.286,126.430
321.485,94.736,34.286,126.430
318.757,89.583,34.286,126.430
312.998,69.276,34.286,126.430
300.571,45.938,34.286,126.430
298.450,41.998,34.286,126.430
300.276,44.806,33.555,123.734
301.759,47.476,33.555,123.734
304.429,47.773,33.555,123.734
310.065,47.476,33.555,123.734
315.701,47.773,33.555,123.734
320.150,44.510,33.555,123.734
325.940,46.115,32.839,121.096
332.167,45.448,32.139,118.513
334.974,49.176,31.454,115.986
330.753,52.825,30.783,113.512
317.963,42.756,30.783,113.512
313.337,41.395,30.783,113.512
311.432,44.389,30.783,113.512
309.527,47.382,30.783,113.512
311.432,48.743,30.783,113.512
313.337,47.382,30.783,113.512
314.154,45.477,30.783,113.512
294.288,104.528,30.783,113.512
298.370,106.977,30.783,113.512
302.996,101.263,30.783,113.512
307.623,97.181,30.783,113.512
310.616,92.011,30.783,113.512
314.154,89.561,30.783,113.512
319.324,90.922,30.783,113.512
303.813,100.991,30.783,113.512
325.311,96.909,30.783,113.512
337.012,93.915,30.783,113.512
340.550,94.188,30.783,113.512
337.668,94.908,31.464,116.024
336.277,96.855,31.464,116.024
333.664,99.969,30.793,113.550
316.938,96.719,30.136,111.128
313.475,96.986,30.136,111.128
313.741,100.982,30.136,111.128
309.745,102.847,30.136,111.128
335.587,83.399,30.136,111.128
337.984,79.935,30.136,111.128
342.902,90.038,30.803,113.587
341.714,91.325,31.485,116.100
342.810,89.751,32.181,118.669
346.291,89.324,32.893,121.294
343.815,86.474,33.621,123.978
339.951,88.554,33.621,123.978
338.465,91.229,33.621,123.978
335.935,88.316,34.365,126.721
333.201,87.405,34.365,126.721
320.138,86.493,34.365,126.721
314.973,88.620,34.365,126.721
309.809,93.177,34.365,126.721
307.075,94.088,34.365,126.721
304.948,99.252,34.365,126.721
301.606,100.164,34.365,126.721
298.752,102.393,33.632,124.019
295.385,102.856,32.915,121.374
291.529,103.309,32.213,118.786
288.966,103.594,32.213,118.786
286.840,104.586,31.526,116.252
285.296,103.945,30.854,113.773
282.733,100.689,30.196,111.347
280.330,97.753,30.196,111.347
275.259,94.816,30.196,111.347
271.788,93.482,30.196,111.347
268.852,94.816,30.196,111.347
273.390,96.685,30.196,111.347
275.259,96.418,30.196,111.347
274.458,96.151,30.196,111.347
273.123,95.350,30.196,111.347
272.856,95.083,30.196,111.347
271.521,92.681,30.196,111.347
270.721,91.880,30.196,111.347
272.844,88.694,29.552,108.973
272.403,87.086,28.922,106.649
275.001,87.763,29.562,109.008
273.172,86.456,29.562,109.008
275.285,89.859,30.216,111.420
273.565,89.458,30.884,113.885
277.114,93.553,30.884,113.885
272.970,95.031,30.226,111.457
270.565,97.970,30.226,111.457
273.505,99.840,30.226,111.457
272.169,100.642,30.226,111.457
275.642,101.978,30.226,111.457
273.237,101.176,30.226,111.457
275.108,100.909,30.226,111.457
277.512,99.573,30.226,111.457
280.452,97.703,30.226,111.457
284.460,97.970,30.226,111.457
287.933,98.237,30.226,111.457
293.544,98.504,30.226,111.457
298.087,98.237,30.226,111.457
301.026,101.176,30.226,111.457
298.087,102.512,30.226,111.457
295.576,105.503,29.581,109.080
291.653,106.288,29.581,109.080
288.342,105.895,30.235,111.493
286.066,106.048,30.904,113.960
281.422,104.136,30.904,113.960
277.870,103.863,30.904,113.960
283.607,100.858,30.904,113.960
281.695,99.492,30.904,113.960
286.339,89.383,30.904,113.960
286.066,89.110,30.904,113.960
276.126,97.962,30.245,111.530
271.037,99.924,29.600,109.151
269.587,104.367,28.969,106.824
335.800,105.259,28.351,104.546
333.928,132.705,27.747,102.316
331.721,138.346,27.747,102.316
323.136,138.591,27.747,102.316
319.521,137.205,28.361,104.580
321.028,140.470,28.988,106.894
320.441,137.958,29.629,109.259
322.275,139.792,29.629,109.259
318.346,142.673,29.629,109.259
314.485,155.867,30.285,111.676
317.966,161.489,30.285,111.676
322.517,159.080,30.285,111.676
324.926,163.095,30.285,111.676
313.414,125.347,30.285,111.676
319.572,123.472,30.285,111.676
308.595,125.347,30.285,111.676
301.367,124.008,30.285,111.676
297.351,111.960,30.285,111.676
295.477,108.480,30.285,111.676
291.997,110.354,30.285,111.676
287.981,110.086,30.285,111.676
278.611,108.748,30.285,111.676
275.130,107.945,30.285,111.676
271.582,109.909,29.639,109.295
267.652,110.171,29.639,109.295
263.170,113.610,29.007,106.964
258.289,115.986,28.389,104.683
248.674,119.763,27.783,102.450
244.946,122.986,27.191,100.266
241.821,126.591,27.191,100.266
243.985,132.120,27.191,100.266
247.590,136.206,27.191,100.266
249.273,139.812,27.191,100.266
253.359,126.111,27.191,100.266
251.312,119.765,27.792,102.484
252.050,121.484,27.792,102.484
254.546,123.664,28.407,104.751
259.317,134.965,28.407,104.751
263.251,139.712,27.801,102.518
263.005,143.399,27.801,102.518
263.742,147.577,27.801,102.518
261.433,153.171,27.208,100.331
263.598,149.563,27.208,100.331
272.016,139.220,27.208,100.331
272.738,137.537,27.208,100.331
264.914,136.520,26.628,98.192
263.156,134.617,26.060,96.098
260.547,130.091,25.505,94.048
258.067,128.963,25.505,94.048
268.118,121.056,24.961,92.043
272.425,119.698,24.428,90.080
280.415,118.619,24.428,90.080
284.950,119.698,24.428,90.080
294.236,124.665,24.428,90.080
298.339,125.313,24.428,90.080
299.851,130.280,24.428,90.080
302.658,135.247,24.428,90.080
311.512,137.622,24.428,90.080
309.568,139.566,24.428,90.080
300.715,140.645,24.428,90.080
292.441,138.900,23.908,88.159
282.085,137.421,23.908,88.159
273.988,136.120,23.398,86.279
264.868,135.644,22.899,84.439
258.188,137.466,22.899,84.439
250.698,135.644,22.899,84.439
248.066,134.632,22.899,84.439
244.625,136.049,22.899,84.439
242.803,137.466,22.899,84.439
245.280,139.262,23.405,86.307
242.660,133.800,23.923,88.217
252.177,92.560,23.923,88.217
256.618,91.503,23.923,88.217
265.711,92.983,23.923,88.217
270.576,94.464,23.923,88.217
280.092,97.213,23.923,88.217
284.111,99.116,23.923,88.217
286.437,100.174,23.923,88.217
286.648,99.116,23.923,88.217
289.398,97.213,23.923,88.217
292.147,96.156,23.923,88.217
291.935,94.252,23.923,88.217
292.570,93.618,23.923,88.217
290.666,91.291,23.923,88.217
289.186,91.926,23.923,88.217
286.860,91.291,23.923,88.217
285.379,91.926,23.923,88.217
285.168,92.983,23.923,88.217
287.071,94.887,23.923,88.217
288.129,97.213,23.923,88.217
289.609,99.962,23.923,88.217
288.129,102.289,23.923,88.217
290.878,112.228,23.923,88.217
289.821,115.823,23.923,88.217
288.763,115.189,23.923,88.217
286.014,119.207,23.923,88.217
283.336,116.695,24.453,90.169
279.253,113.231,24.994,92.164
275.938,109.475,24.994,92.164
273.950,107.486,24.994,92.164
273.729,106.382,24.994,92.164
275.276,105.719,24.994,92.164
278.590,104.172,24.994,92.164
280.578,103.067,24.994,92.164
284.465,105.541,24.461,90.198
287.852,107.545,23.939,88.275
287.217,109.873,23.939,88.275
285.736,111.777,23.939,88.275
277.906,114.952,23.939,88.275
273.885,114.740,23.939,88.275
271.134,112.412,23.939,88.275
268.806,111.354,23.939,88.275
260.553,107.756,23.939,88.275
255.262,104.159,23.939,88.275
245.739,96.329,23.939,88.275
241.719,92.731,23.939,88.275
226.743,121.834,24.469,90.228
229.555,123.348,24.469,90.228
239.722,118.806,24.469,90.228
245.994,119.455,24.469,90.228
255.295,123.132,24.469,90.228
260.703,126.376,24.469,90.228
276.061,130.486,24.469,90.228
282.766,132.433,24.469,90.228
294.230,133.947,24.469,90.228
305.694,133.298,24.469,90.228
314.995,135.678,24.469,90.228
302.666,145.411,24.469,90.228
305.478,146.493,24.469,90.228
306.992,144.546,24.469,90.228
303.748,141.301,24.469,90.228
294.879,138.490,24.469,90.228
279.087,137.575,23.947,88.304
271.677,135.247,23.947,88.304
262.998,126.567,23.947,88.304
259.823,123.392,23.947,88.304
255.800,126.567,23.947,88.304
253.895,128.472,23.947,88.304
256.647,131.224,23.947,88.304
255.589,134.400,23.947,88.304
257.071,135.035,23.947,88.304
260.669,133.976,23.947,88.304
267.652,130.584,24.477,90.257
273.892,126.667,25.018,92.254
285.613,121.580,25.018,92.254
290.258,120.032,25.018,92.254
293.575,119.368,25.018,92.254
296.450,120.917,25.018,92.254
287.383,117.157,25.018,92.254
285.392,114.282,25.018,92.254
281.632,112.734,25.018,92.254
279.200,114.282,25.018,92.254
295.028,94.162,24.485,90.287
297.841,93.512,24.485,90.287
297.192,95.460,24.485,90.287
294.378,91.781,24.485,90.287
302.820,92.430,24.485,90.287
286.153,97.408,24.485,90.287
284.638,99.356,24.485,90.287
283.123,100.006,24.485,90.287
279.443,102.387,24.485,90.287
283.123,104.768,24.485,90.287
279.443,127.494,24.485,90.287
277.495,131.174,24.485,90.287
269.487,128.360,24.485,90.287
264.942,124.681,24.485,90.287
249.574,126.196,24.485,90.287
242.431,127.711,24.485,90.287
239.617,124.897,24.485,90.287
238.102,121.650,24.485,90.287
236.709,116.834,25.026,92.285
239.585,111.746,25.026,92.285
242.903,102.675,25.026,92.285
242.239,99.799,25.026,92.285
241.440,98.864,24.493,90.317
243.162,101.288,23.970,88.391
241.679,107.433,23.970,88.391
240.619,109.340,23.970,88.391
238.712,111.247,23.970,88.391
238.076,111.035,23.970,88.391
236.085,107.688,23.459,86.506
233.337,106.412,22.959,84.661
225.422,107.427,22.959,84.661
222.378,108.442,22.959,84.661
215.274,113.516,22.959,84.661
212.976,116.570,22.469,82.855
209.599,123.919,22.469,82.855
207.017,126.502,22.469,82.855
204.037,129.481,22.469,82.855
201.852,130.474,22.469,82.855
200.369,130.018,21.990,81.089
200.041,129.571,21.521,79.359
202.895,129.000,21.521,79.359
206.129,126.907,21.521,79.359
209.744,125.195,21.521,79.359
209.173,126.527,21.521,79.359
210.505,129.000,21.521,79.359
208.490,131.477,21.997,81.115
211.018,137.895,21.997,81.115
214.324,140.811,21.997,81.115
221.519,119.227,21.997,81.115
225.992,119.810,21.997,81.115
233.187,123.116,21.997,81.115
236.104,121.755,21.997,81.115
239.020,120.393,21.997,81.115
239.993,120.199,21.997,81.115
239.409,119.616,21.997,81.115
241.159,120.977,21.997,81.115
241.354,120.004,21.997,81.115
240.382,120.199,21.997,81.115
240.576,120.393,21.997,81.115
240.771,119.421,21.997,81.115
242.910,116.893,21.997,81.115
244.660,114.754,21.997,81.115
248.354,106.392,21.997,81.115
255.938,101.531,21.997,81.115
261.189,95.892,21.997,81.115
264.494,95.308,21.997,81.115
267.022,97.447,21.997,81.115
267.995,99.975,21.997,81.115
267.800,104.448,21.997,81.115
268.384,107.365,21.997,81.115
270.523,111.059,21.997,81.115
270.328,113.976,21.997,81.115
274.801,116.893,21.997,81.115
278.391,118.215,22.484,82.910
287.335,116.824,22.484,82.910
