162.000,188.000,34.000,84.000
162.144,189.114,33.275,82.209
161.922,189.337,33.275,82.209
161.255,189.114,33.275,82.209
161.033,188.448,33.275,82.209
160.366,187.781,33.275,82.209
159.256,187.115,33.275,82.209
159.478,185.115,33.275,82.209
158.367,184.449,33.275,82.209
157.700,184.227,33.275,82.209
158.367,183.560,33.275,82.209
158.145,183.782,33.275,82.209
159.256,184.449,33.275,82.209
159.478,184.671,33.275,82.209
158.811,185.782,33.275,82.209
159.478,186.893,33.275,82.209
159.700,188.004,33.275,82.209
160.366,188.670,33.275,82.209
160.589,190.670,33.275,82.209
161.255,191.780,33.275,82.209
162.810,192.891,33.275,82.209
164.365,194.002,33.275,82.209
166.647,195.521,32.565,80.456
167.300,194.869,32.565,80.456
167.952,194.651,32.565,80.456
168.604,193.564,32.565,80.456
168.822,193.347,32.565,80.456
170.344,192.695,32.565,80.456
171.431,192.912,32.565,80.456
171.648,192.260,32.565,80.456
171.866,191.607,32.565,80.456
171.214,190.085,32.565,80.456
170.126,190.738,32.565,80.456
169.007,190.548,31.871,78.740
167.911,192.003,31.191,77.061
163.537,193.877,31.191,77.061
159.580,195.751,31.191,77.061
165.620,192.211,31.191,77.061
167.078,192.003,31.191,77.061
166.005,194.229,30.526,75.417
164.986,194.841,30.526,75.417
163.559,195.045,30.526,75.417
161.724,196.045,29.875,73.809
160.727,196.644,29.875,73.809
160.926,196.843,29.875,73.809
161.524,197.441,29.875,73.809
159.344,198.036,29.238,72.235
158.368,197.060,29.238,72.235
157.782,197.255,29.238,72.235
154.463,198.231,29.238,72.235
151.507,198.040,29.885,73.833
154.500,197.840,29.885,73.833
153.901,197.242,29.885,73.833
152.904,197.042,29.885,73.833
151.507,196.843,29.885,73.833
150.908,196.244,29.885,73.833
149.112,196.444,29.885,73.833
148.115,196.643,29.885,73.833
147.472,196.469,29.248,72.259
147.276,197.055,29.248,72.259
146.691,195.688,29.248,72.259
145.714,195.883,29.248,72.259
145.128,195.297,29.248,72.259
144.543,196.664,29.248,72.259
145.128,197.250,29.248,72.259
147.276,197.445,29.248,72.259
147.862,198.031,29.248,72.259
147.667,198.226,29.248,72.259
150.987,199.203,29.248,72.259
153.916,198.617,29.248,72.259
154.111,198.422,29.248,72.259
155.869,197.445,29.248,72.259
156.845,196.469,29.248,72.259
158.212,195.102,29.248,72.259
159.842,196.061,28.624,70.718
159.650,197.781,28.624,70.718
162.135,196.443,28.624,70.718
165.766,196.252,28.624,70.718
168.633,196.061,28.624,70.718
171.117,196.252,28.624,70.718
172.837,196.443,28.624,70.718
175.322,196.252,28.624,70.718
178.189,195.678,28.624,70.718
180.053,195.094,29.257,72.282
183.765,194.508,29.257,72.282
187.476,193.532,29.257,72.282
191.188,192.946,29.257,72.282
194.509,192.359,29.257,72.282
196.657,193.336,29.257,72.282
199.978,193.532,29.257,72.282
202.127,194.118,29.257,72.282
203.104,194.313,29.257,72.282
203.690,195.290,29.257,72.282
202.713,195.485,29.257,72.282
203.299,195.680,29.257,72.282
203.885,196.266,29.257,72.282
203.299,196.071,29.257,72.282
203.885,195.876,29.257,72.282
203.299,195.680,29.257,72.282
203.885,195.876,29.257,72.282
203.690,194.508,29.257,72.282
203.885,194.704,29.257,72.282
204.471,194.118,29.257,72.282
204.666,193.141,29.257,72.282
205.252,192.555,29.257,72.282
206.620,192.750,29.257,72.282
207.206,191.773,29.257,72.282
208.964,190.797,29.257,72.282
209.941,189.429,29.257,72.282
211.699,187.671,29.257,72.282
212.675,186.695,29.257,72.282
214.434,185.327,29.257,72.282
215.801,183.569,29.257,72.282
217.168,183.374,29.257,72.282
219.317,182.006,29.257,72.282
221.075,180.639,29.257,72.282
222.443,180.053,29.257,72.282
223.419,178.685,29.257,72.282
224.396,178.490,29.257,72.282
225.763,177.513,29.257,72.282
227.131,177.318,29.257,72.282
228.498,176.732,29.257,72.282
228.694,176.927,29.257,72.282
228.889,175.951,29.257,72.282
229.084,176.146,29.257,72.282
229.280,176.732,29.257,72.282
229.084,177.318,29.257,72.282
228.889,176.732,29.257,72.282
227.552,176.946,29.904,73.882
228.151,175.548,29.904,73.882
228.351,176.546,29.904,73.882
228.950,176.347,29.904,73.882
228.351,176.147,29.904,73.882
228.950,175.548,29.904,73.882
228.351,176.147,29.904,73.882
228.950,175.548,29.904,73.882
227.997,175.352,30.566,75.516
228.201,174.740,30.566,75.516
228.405,174.944,30.566,75.516
227.385,174.332,30.566,75.516
227.589,174.536,30.566,75.516
227.793,174.740,30.566,75.516
227.997,174.944,30.566,75.516
228.610,173.924,30.566,75.516
227.997,174.128,30.566,75.516
228.610,174.332,30.566,75.516
228.405,174.536,30.566,75.516
228.201,174.740,30.566,75.516
229.222,174.536,30.566,75.516
228.610,174.332,30.566,75.516
229.630,173.720,30.566,75.516
230.242,174.740,30.566,75.516
230.038,175.352,30.566,75.516
231.467,175.556,30.566,75.516
231.671,176.985,30.566,75.516
232.691,178.005,30.566,75.516
232.079,179.434,30.566,75.516
232.283,181.679,30.566,75.516
230.854,183.107,30.566,75.516
230.590,184.503,29.914,73.906
230.390,185.501,29.914,73.906
230.517,186.097,29.276,72.330
228.758,185.120,29.276,72.330
227.780,184.142,29.276,72.330
226.412,183.165,29.276,72.330
224.653,181.797,29.276,72.330
223.675,181.210,29.276,72.330
223.089,179.842,29.276,72.330
222.459,179.294,28.652,70.787
222.650,177.573,28.652,70.787
222.459,176.233,28.652,70.787
222.212,173.854,28.041,69.278
222.024,173.292,28.041,69.278
222.212,173.105,28.041,69.278
222.024,171.794,28.041,69.278
221.782,171.631,27.443,67.800
221.191,170.058,26.858,66.355
220.614,169.901,26.285,64.940
221.491,168.672,26.285,64.940
220.965,168.848,26.285,64.940
220.087,170.427,26.285,64.940
223.071,174.464,26.285,64.940
221.491,177.096,26.285,64.940
218.859,175.868,26.285,64.940
217.630,175.341,26.285,64.940
218.157,175.868,26.285,64.940
216.577,174.990,26.285,64.940
215.349,175.868,26.285,64.940
213.418,176.394,26.285,64.940
211.488,177.974,26.285,64.940
210.259,178.500,26.285,64.940
208.329,180.080,26.285,64.940
206.749,180.606,26.285,64.940
204.819,181.133,26.285,64.940
202.888,181.659,26.285,64.940
200.607,180.782,26.285,64.940
200.080,180.606,26.285,64.940
198.501,179.378,26.285,64.940
198.676,178.500,26.285,64.940
198.150,177.623,26.285,64.940
197.623,175.692,26.285,64.940
197.799,175.166,26.285,64.940
196.921,175.341,26.285,64.940
194.991,175.868,26.285,64.940
194.464,175.692,26.285,64.940
193.587,176.219,26.285,64.940
192.358,178.149,26.285,64.940
190.428,179.027,26.285,64.940
189.550,180.255,26.285,64.940
188.322,181.835,26.285,64.940
187.120,182.391,26.867,66.376
185.147,182.212,26.867,66.376
183.533,181.673,26.867,66.376
186.224,181.853,26.867,66.376
188.197,178.803,26.867,66.376
190.170,178.983,26.867,66.376
191.426,175.933,26.867,66.376
192.431,175.757,27.461,67.845
191.514,174.474,27.461,67.845
193.531,174.290,27.461,67.845
194.081,173.740,27.461,67.845
195.490,173.561,28.069,69.346
193.428,172.249,28.069,69.346
193.990,173.186,28.069,69.346
192.678,172.998,28.069,69.346
195.115,173.186,28.069,69.346
192.678,172.624,28.069,69.346
195.115,172.436,28.069,69.346
192.304,171.499,28.069,69.346
190.617,171.312,28.069,69.346
191.554,171.874,28.069,69.346
188.743,170.562,28.069,69.346
187.431,169.625,28.069,69.346
186.494,169.438,28.069,69.346
187.056,168.875,28.069,69.346
186.494,169.063,28.069,69.346
187.806,168.875,28.069,69.346
189.118,168.688,28.069,69.346
189.680,168.875,28.069,69.346
190.242,169.063,28.069,69.346
190.804,169.625,28.069,69.346
191.741,169.812,28.069,69.346
193.053,170.375,28.069,69.346
194.365,170.562,28.069,69.346
195.677,171.124,28.069,69.346
196.989,171.686,28.069,69.346
197.551,170.749,28.069,69.346
199.987,170.187,28.069,69.346
200.924,169.625,28.069,69.346
202.611,167.564,28.069,69.346
202.424,166.626,28.069,69.346
202.697,165.665,28.690,70.880
201.356,163.558,28.690,70.880
200.840,163.767,29.324,72.448
199.077,164.355,29.324,72.448
200.056,164.942,29.324,72.448
201.427,165.529,29.324,72.448
201.231,166.900,29.324,72.448
198.294,168.271,29.324,72.448
199.273,169.250,29.324,72.448
202.993,169.445,29.324,72.448
203.189,169.250,29.324,72.448
201.818,171.403,29.324,72.448
203.581,170.816,29.324,72.448
204.951,170.620,29.324,72.448
204.364,169.641,29.324,72.448
205.343,168.271,29.324,72.448
206.322,169.250,29.324,72.448
207.692,169.054,29.324,72.448
210.238,170.816,29.324,72.448
212.783,171.012,29.324,72.448
214.287,170.413,29.973,74.051
217.070,170.217,30.636,75.690
219.320,169.194,30.636,75.690
223.013,168.994,31.314,77.364
228.658,168.785,31.314,77.364
234.836,170.617,30.646,75.715
249.364,217.066,30.646,75.715
254.070,215.633,30.646,75.715
260.413,216.656,30.646,75.715
245.160,216.083,29.993,74.100
246.444,216.294,29.353,72.520
248.080,217.634,28.727,70.973
249.310,218.945,28.115,69.460
249.123,219.509,28.115,69.460
248.935,219.696,28.115,69.460
250.139,221.342,27.515,67.978
264.067,222.243,26.928,66.529
267.300,232.831,26.354,65.110
269.747,236.309,26.937,66.551
271.006,238.647,26.937,66.551
273.704,237.748,26.937,66.551
263.452,239.727,26.937,66.551
259.982,239.550,27.533,68.023
257.225,240.102,27.533,68.023
265.497,260.875,27.533,68.023
268.255,262.897,27.533,68.023
269.434,264.508,26.946,66.572
271.053,264.688,26.946,66.572
284.907,216.651,26.946,66.572
279.329,217.551,26.946,66.572
274.472,217.011,26.946,66.572
271.811,216.507,26.371,65.153
269.547,216.014,25.809,63.763
308.663,184.479,25.809,63.763
300.800,183.996,25.259,62.404
293.886,185.177,25.259,62.404
284.890,185.680,24.720,61.073
277.358,185.854,24.193,59.770
270.089,186.661,24.193,59.770
267.389,187.766,23.677,58.496
267.489,187.628,23.172,57.248
265.201,189.580,22.678,56.028
265.297,188.864,22.194,54.833
262.534,190.449,21.721,53.663
301.256,191.464,21.721,53.663
295.197,191.337,21.258,52.519
287.959,192.331,21.258,52.519
281.856,191.621,21.258,52.519
276.036,192.898,21.258,52.519
268.880,191.287,21.728,53.681
262.820,191.439,21.265,52.536
261.258,192.717,21.265,52.536
260.832,193.711,21.265,52.536
261.542,193.569,21.265,52.536
259.128,193.711,21.265,52.536
264.665,194.421,21.265,52.536
259.696,194.563,21.265,52.536
258.702,194.421,21.265,52.536
260.264,194.279,21.265,52.536
260.690,194.137,21.265,52.536
262.820,194.279,21.265,52.536
264.665,194.989,21.265,52.536
265.943,194.563,21.265,52.536
267.221,195.557,21.265,52.536
269.067,195.131,21.265,52.536
270.629,194.989,21.265,52.536
272.758,195.131,21.265,52.536
274.888,195.557,21.265,52.536
277.715,196.528,20.811,51.416
279.142,196.674,20.367,50.319
304.918,196.817,19.933,49.246
306.382,198.015,19.933,49.246
316.242,194.847,20.374,50.336
329.981,195.255,20.374,50.336
336.375,195.119,20.374,50.336
346.033,194.439,20.374,50.336
343.720,194.303,20.374,50.336
362.629,192.262,20.374,50.336
364.803,193.540,20.825,51.450
366.054,195.070,20.825,51.450
376.643,191.471,21.286,52.588
369.964,189.055,21.286,52.588
362.431,189.766,21.286,52.588
381.049,191.329,21.286,52.588
378.307,192.664,21.757,53.751
384.553,192.228,21.757,53.751
385.279,193.535,21.757,53.751
386.395,193.996,22.238,54.941
386.611,194.158,22.730,56.156
384.942,194.310,22.730,56.156
383.868,194.763,22.245,54.959
402.731,193.426,22.245,54.959
402.879,194.763,22.245,54.959
410.454,196.099,22.245,54.959
413.276,197.139,22.245,54.959
406.096,197.301,22.737,56.175
413.215,195.998,22.252,54.977
410.349,197.394,22.745,56.193
413.234,197.850,22.745,56.193
430.394,232.018,22.745,56.193
430.615,231.554,23.248,57.436
463.372,195.973,23.762,58.707
464.483,196.131,23.762,58.707
465.276,195.655,23.762,58.707
466.386,196.131,23.762,58.707
468.449,195.973,23.762,58.707
469.877,195.814,23.762,58.707
470.988,196.925,23.762,58.707
472.864,198.086,24.288,60.006
475.793,198.600,24.826,61.334
473.970,193.622,25.375,62.691
478.883,194.130,25.375,62.691
476.681,211.242,25.375,62.691
478.206,211.073,25.375,62.691
484.813,198.366,25.375,62.691
485.660,196.163,25.375,62.691
483.119,189.556,25.375,62.691
482.950,177.527,25.375,62.691
484.474,171.936,25.375,62.691
482.950,168.717,25.375,62.691
483.797,169.903,25.375,62.691
483.340,172.901,25.936,64.078
487.545,195.728,26.510,65.495
489.138,196.967,26.510,65.495
491.439,198.560,26.510,65.495
492.678,196.613,26.510,65.495
492.568,194.603,27.097,66.945
488.327,186.542,27.696,68.426
486.293,179.700,27.696,68.426
