275.000,137.000,23.000,26.000
277.025,134.397,23.000,26.000
277.892,133.336,23.000,26.000
278.760,133.626,23.000,26.000
279.435,133.722,23.000,26.000
276.253,136.132,23.000,26.000
270.758,141.821,23.000,26.000
268.348,149.630,23.000,26.000
267.866,149.919,23.000,26.000
269.119,153.679,23.000,26.000
271.529,152.811,23.000,26.000
276.061,150.401,23.000,26.000
277.892,144.520,23.000,26.000
278.760,142.881,23.000,26.000
278.085,132.179,23.000,26.000
276.639,120.321,23.000,26.000
275.771,104.220,23.000,26.000
274.325,87.734,23.000,26.000
273.650,86.095,23.000,26.000
274.518,75.200,23.000,26.000
276.928,67.198,23.000,26.000
280.110,59.003,23.000,26.000
280.978,53.122,23.000,26.000
281.652,52.061,23.000,26.000
281.363,52.544,23.000,26.000
282.617,57.075,23.000,26.000
285.220,64.306,23.000,26.000
284.738,71.151,23.000,26.000
285.412,71.633,23.000,26.000
282.038,72.694,23.000,26.000
278.471,70.090,23.000,26.000
277.603,62.281,23.000,26.000
278.278,56.786,23.000,26.000
277.796,55.725,23.000,26.000
277.507,53.893,23.000,26.000
275.675,51.290,23.000,26.000
276.928,48.301,23.000,26.000
278.567,46.470,23.000,26.000
278.471,46.952,23.000,26.000
276.832,44.541,23.000,26.000
272.879,39.624,23.000,26.000
267.383,32.779,23.000,26.000
262.659,26.320,23.000,26.000
262.949,26.609,23.000,26.000
261.310,27.862,23.000,26.000
256.200,32.008,23.000,26.000
250.126,33.068,23.000,26.000
249.644,34.515,23.000,26.000
250.319,34.418,23.000,26.000
257.357,45.313,23.000,26.000
266.709,56.207,23.000,26.000
275.096,62.667,23.000,26.000
283.677,66.620,23.000,26.000
284.738,67.102,23.000,26.000
293.897,74.525,23.000,26.000
298.428,86.191,23.000,26.000
293.511,98.243,23.000,26.000
283.195,103.545,23.000,26.000
282.713,103.256,23.000,26.000
272.590,100.653,23.000,26.000
262.081,90.337,23.000,26.000
253.500,81.756,23.000,26.000
248.198,75.297,23.000,26.000
247.330,75.586,23.000,26.000
244.920,73.368,23.000,26.000
243.473,73.465,23.000,26.000
242.413,72.019,23.000,26.000
242.316,69.994,23.000,26.000
242.027,70.090,23.000,26.000
241.545,67.680,23.000,26.000
242.220,65.848,23.000,26.000
241.160,64.788,23.000,26.000
239.906,65.270,23.000,26.000
240.774,65.752,23.000,26.000
241.256,69.512,23.000,26.000
242.702,74.236,23.000,26.000
241.256,81.081,23.000,26.000
235.953,90.433,23.000,26.000
236.628,91.108,23.000,26.000
231.326,100.653,23.000,26.000
225.444,104.606,23.000,26.000
218.792,105.281,23.000,26.000
210.790,104.027,23.000,26.000
210.115,104.316,23.000,26.000
199.413,105.184,23.000,26.000
191.457,105.997,23.509,26.575
189.190,102.942,23.509,26.575
189.880,97.522,23.509,26.575
189.190,97.621,23.509,26.575
190.471,97.128,23.509,26.575
191.358,99.000,23.509,26.575
192.836,100.084,23.509,26.575
197.271,97.423,23.509,26.575
196.975,97.325,23.509,26.575
200.424,93.482,23.509,26.575
196.384,95.157,23.509,26.575
189.387,98.803,23.509,26.575
182.588,99.690,23.509,26.575
183.043,100.316,24.029,27.163
179.747,100.956,24.561,27.764
178.087,100.970,25.104,28.378
175.298,101.420,25.659,29.006
168.877,104.782,26.227,29.648
168.107,103.572,26.227,29.648
165.193,108.377,26.807,30.304
165.980,109.613,26.807,30.304
165.418,107.478,26.807,30.304
163.140,101.197,27.401,30.975
162.106,99.015,27.401,30.975
157.155,89.735,28.007,31.660
152.577,81.399,28.007,31.660
149.407,76.116,28.007,31.660
144.828,67.077,28.007,31.660
143.772,65.081,28.007,31.660
137.080,55.806,28.007,31.660
130.858,47.940,28.007,31.660
129.208,45.763,28.626,32.360
133.747,39.305,29.260,33.076
134.314,37.030,29.907,33.808
135.674,37.567,30.569,34.556
137.064,38.647,31.245,35.321
140.931,45.458,31.937,36.102
147.661,55.476,32.643,36.901
148.345,56.707,32.643,36.901
153.408,64.233,32.643,36.901
154.913,73.948,32.643,36.901
155.324,84.758,32.643,36.901
157.650,93.926,32.643,36.901
158.608,94.884,32.643,36.901
168.597,99.946,32.643,36.901
180.501,101.178,32.643,36.901
190.788,97.505,33.365,37.717
197.361,90.651,33.365,37.717
198.008,88.638,34.104,38.552
204.727,82.491,34.104,38.552
209.837,74.204,34.858,39.405
208.230,62.368,34.858,39.405
203.116,44.980,34.858,39.405
202.677,42.788,34.858,39.405
195.517,31.829,34.858,39.405
192.157,23.500,34.858,39.405
189.380,15.172,34.858,39.405
186.896,6.551,34.858,39.405
186.750,4.943,34.858,39.405
183.974,-2.216,34.858,39.405
184.650,-2.501,35.629,40.277
186.292,2.129,35.629,40.277
183.156,8.253,35.629,40.277
183.007,8.701,35.629,40.277
174.792,14.525,35.629,40.277
163.890,27.220,35.629,40.277
156.572,47.681,35.629,40.277
152.838,63.662,35.629,40.277
150.896,64.707,35.629,40.277
143.877,73.220,35.629,40.277
138.989,79.128,36.418,41.168
136.844,79.148,37.223,42.079
137.565,74.635,38.047,43.010
136.648,72.339,38.889,43.961
132.666,63.227,39.749,44.934
126.176,49.419,40.629,45.928
122.016,39.900,41.528,46.944
114.879,33.459,41.528,46.944
114.008,32.241,41.528,46.944
114.879,38.681,41.528,46.944
117.142,45.470,41.528,46.944
124.279,47.733,41.528,46.944
133.853,49.648,41.528,46.944
135.420,50.518,41.528,46.944
143.949,49.300,41.528,46.944
152.131,48.081,41.528,46.944
159.616,43.381,41.528,46.944
162.924,35.200,41.528,46.944
162.750,34.329,41.528,46.944
160.138,26.496,41.528,46.944
158.572,23.537,41.528,46.944
159.790,26.496,41.528,46.944
162.414,34.211,40.642,45.943
162.585,35.063,40.642,45.943
166.162,44.092,40.642,45.943
170.762,57.551,40.642,45.943
174.340,69.647,40.642,45.943
179.535,77.197,39.775,44.963
180.369,77.364,39.775,44.963
182.560,78.969,38.927,44.004
182.397,79.458,38.927,44.004
181.397,80.399,38.097,43.066
181.957,80.704,37.284,42.148
182.113,80.236,37.284,42.148
181.957,81.017,37.284,42.148
183.676,86.487,37.284,42.148
186.958,95.396,37.284,42.148
192.428,104.929,37.284,42.148
191.959,105.711,37.284,42.148
197.430,112.431,37.284,42.148
200.087,115.401,37.284,42.148
202.744,119.917,36.489,41.249
203.814,123.435,36.489,41.249
204.056,125.202,35.711,40.369
202.273,128.085,34.950,39.508
199.782,133.506,34.950,39.508
196.998,135.703,34.950,39.508
194.801,136.436,34.950,39.508
194.361,136.289,34.950,39.508
193.922,136.436,34.950,39.508
193.482,137.754,34.950,39.508
195.387,139.366,34.950,39.508
196.705,140.684,34.950,39.508
195.680,141.124,34.950,39.508
197.584,139.512,34.950,39.508
200.368,136.729,34.950,39.508
203.152,130.429,34.950,39.508
205.056,125.302,34.950,39.508
204.617,123.397,34.950,39.508
205.349,123.837,34.950,39.508
206.961,125.448,34.950,39.508
209.158,126.767,34.950,39.508
212.235,125.155,34.950,39.508
213.553,125.888,34.950,39.508
215.751,123.104,34.950,39.508
219.120,117.391,34.950,39.508
224.834,111.384,34.950,39.508
227.324,101.275,34.950,39.508
228.350,98.199,34.950,39.508
229.961,91.020,34.950,39.508
229.522,83.549,34.950,39.508
228.203,80.179,34.950,39.508
226.592,80.619,34.950,39.508
226.738,79.593,34.950,39.508
224.248,81.791,34.950,39.508
221.757,87.211,34.950,39.508
219.267,91.460,34.950,39.508
220.292,92.485,34.950,39.508
219.853,92.339,34.950,39.508
221.464,93.364,34.950,39.508
224.834,90.581,34.950,39.508
229.082,81.644,34.950,39.508
235.809,71.192,34.204,38.666
236.813,69.902,34.204,38.666
241.545,62.303,34.204,38.666
243.982,54.991,34.204,38.666
247.853,52.266,34.204,38.666
252.011,48.969,34.204,38.666
252.728,49.399,34.204,38.666
256.026,43.807,34.204,38.666
261.044,39.362,34.204,38.666
265.489,35.204,34.204,38.666
269.360,31.907,34.204,38.666
270.650,32.624,34.204,38.666
273.088,29.900,34.204,38.666
274.952,31.190,34.204,38.666
275.095,32.767,34.204,38.666
274.378,39.219,34.204,38.666
274.808,39.936,34.204,38.666
273.231,46.961,34.204,38.666
271.654,57.428,34.204,38.666
270.077,66.748,34.204,38.666
270.507,73.200,34.204,38.666
269.790,73.630,34.204,38.666
269.073,75.494,34.204,38.666
269.217,74.203,34.204,38.666
269.933,72.053,34.204,38.666
271.224,69.042,34.204,38.666
270.621,67.934,33.475,37.841
272.445,63.865,33.475,37.841
272.305,58.953,33.475,37.841
271.603,56.287,33.475,37.841
272.586,53.621,33.475,37.841
272.165,52.920,33.475,37.841
273.989,51.095,33.475,37.841
275.252,47.587,33.475,37.841
277.637,46.605,33.475,37.841
278.900,48.149,33.475,37.841
279.040,47.166,33.475,37.841
278.619,48.991,33.475,37.841
276.234,51.376,33.475,37.841
275.813,53.481,33.475,37.841
273.708,56.989,33.475,37.841
273.849,58.532,33.475,37.841
271.182,62.040,33.475,37.841
268.516,67.232,33.475,37.841
263.044,68.495,33.475,37.841
255.607,67.794,33.475,37.841
254.905,68.776,33.475,37.841
246.346,68.074,33.475,37.841
237.786,69.898,33.475,37.841
231.191,68.916,33.475,37.841
225.719,67.373,33.475,37.841
225.298,67.513,33.475,37.841
218.422,68.495,33.475,37.841
211.827,73.126,33.475,37.841
206.916,81.124,33.475,37.841
204.250,89.683,33.475,37.841
204.951,91.227,33.475,37.841
202.846,96.700,33.475,37.841
201.584,100.769,33.475,37.841
202.566,105.119,33.475,37.841
204.951,110.030,33.475,37.841
205.933,111.293,33.475,37.841
208.880,115.923,33.475,37.841
211.266,122.799,33.475,37.841
211.406,127.991,33.475,37.841
210.704,131.218,33.475,37.841
211.687,131.078,33.475,37.841
210.143,132.622,33.475,37.841
210.845,133.884,33.475,37.841
211.266,136.550,33.475,37.841
211.687,139.497,33.475,37.841
212.108,140.479,33.475,37.841
212.809,142.023,33.475,37.841
211.827,143.566,33.475,37.841
212.248,144.549,33.475,37.841
211.266,146.092,33.475,37.841
211.623,146.693,34.216,38.678
211.691,147.902,34.973,39.534
212.424,149.807,34.973,39.534
213.450,156.111,34.973,39.534
214.477,163.001,34.973,39.534
214.916,164.614,34.973,39.534
215.356,167.986,34.973,39.534
214.623,169.891,34.973,39.534
217.115,168.572,34.973,39.534
222.539,165.787,34.973,39.534
223.272,164.174,34.973,39.534
225.471,157.284,34.973,39.534
227.084,146.875,34.973,39.534
228.697,134.708,34.973,39.534
233.534,123.420,34.973,39.534
233.681,121.807,34.973,39.534
238.519,114.331,34.973,39.534
241.011,107.441,34.973,39.534
244.089,99.964,34.973,39.534
246.875,91.901,34.973,39.534
248.487,90.875,34.973,39.534
251.566,84.864,34.973,39.534
258.163,80.613,34.973,39.534
263.880,77.241,34.973,39.534
266.959,70.938,34.973,39.534
267.985,71.084,34.973,39.534
269.891,65.660,34.973,39.534
272.090,61.409,34.973,39.534
273.376,57.169,35.746,40.409
273.825,54.921,35.746,40.409
273.896,55.252,36.537,41.303
272.518,56.936,36.537,41.303
271.752,59.234,36.537,41.303
273.743,62.144,36.537,41.303
278.797,65.054,36.537,41.303
278.950,66.126,36.537,41.303
284.311,67.504,36.537,41.303
289.365,68.576,36.537,41.303
295.338,69.036,36.537,41.303
300.699,67.964,36.537,41.303
301.464,68.423,36.537,41.303
305.293,70.414,36.537,41.303
312.492,74.856,36.537,41.303
322.753,78.072,36.537,41.303
331.177,79.757,36.537,41.303
332.862,80.829,36.537,41.303
340.673,79.757,36.537,41.303
348.790,80.523,36.537,41.303
355.376,81.595,36.537,41.303
358.286,80.829,36.537,41.303
359.311,81.166,37.346,42.217
361.010,77.613,38.172,43.151
362.770,74.893,38.172,43.151
364.850,76.653,38.172,43.151
366.610,80.334,38.172,43.151
367.410,82.414,38.172,43.151
368.850,83.854,38.172,43.151
371.570,85.294,38.172,43.151
373.971,92.494,38.172,43.151
339.569,78.894,38.172,43.151
339.729,78.414,38.172,43.151
355.249,86.574,38.172,43.151
373.010,91.854,38.172,43.151
