142.000,125.000,91.000,40.000
138.206,124.241,91.000,40.000
133.400,124.494,91.000,40.000
128.088,124.747,91.000,40.000
124.294,124.494,91.000,40.000
119.488,123.735,91.000,40.000
115.188,122.976,91.000,40.000
109.876,122.218,91.000,40.000
105.576,121.965,91.000,40.000
100.771,121.206,91.000,40.000
95.965,120.447,91.000,40.000
91.665,119.688,91.000,40.000
86.859,118.424,91.000,40.000
82.053,118.676,91.000,40.000
76.741,116.906,91.000,40.000
71.935,116.653,91.000,40.000
67.635,115.388,91.000,40.000
61.818,115.641,91.000,40.000
56.506,114.882,91.000,40.000
50.688,114.629,91.000,40.000
45.376,113.871,91.000,40.000
39.559,113.112,91.000,40.000
33.741,113.871,91.000,40.000
27.924,112.606,91.000,40.000
22.106,113.365,91.000,40.000
15.782,114.629,91.000,40.000
10.471,114.882,91.000,40.000
4.653,116.653,91.000,40.000
-1.671,117.918,91.000,40.000
-6.982,119.688,91.000,40.000
-12.294,120.447,91.000,40.000
-15.582,122.724,91.000,40.000
-18.871,122.977,91.000,40.000
-18.112,125.759,91.000,40.000
-16.847,127.024,91.000,40.000
-16.088,128.288,91.000,40.000
-14.824,129.047,91.000,40.000
-15.582,128.794,91.000,40.000
-14.824,128.541,91.000,40.000
-15.077,127.782,91.000,40.000
-14.824,128.035,91.000,40.000
-14.571,128.288,91.000,40.000
-12.800,127.024,91.000,40.000
-13.053,125.759,91.000,40.000
-13.812,123.988,91.000,40.000
-16.594,122.724,91.000,40.000
-18.365,120.953,91.000,40.000
-17.606,119.182,91.000,40.000
-19.882,118.424,91.000,40.000
-17.606,116.653,91.000,40.000
-15.835,115.894,91.000,40.000
-14.571,114.629,91.000,40.000
-13.306,112.859,91.000,40.000
-12.041,112.100,91.000,40.000
-10.271,110.835,91.000,40.000
-5.465,109.571,91.000,40.000
-2.177,107.800,91.000,40.000
3.641,106.535,91.000,40.000
7.941,105.271,91.000,40.000
12.747,105.018,91.000,40.000
18.565,104.259,91.000,40.000
22.865,103.500,91.000,40.000
29.188,102.235,91.000,40.000
32.982,102.488,91.000,40.000
38.294,102.741,91.000,40.000
44.112,102.488,91.000,40.000
47.906,103.247,91.000,40.000
52.712,104.006,91.000,40.000
52.965,105.777,91.000,40.000
53.724,107.041,91.000,40.000
53.976,108.306,91.000,40.000
54.229,110.077,91.000,40.000
53.976,111.341,91.000,40.000
55.241,112.606,91.000,40.000
55.494,113.871,91.000,40.000
55.747,115.135,91.000,40.000
56.506,116.400,91.000,40.000
55.747,117.665,91.000,40.000
56.000,117.918,91.000,40.000
55.747,118.677,91.000,40.000
56.506,119.435,91.000,40.000
56.759,121.206,91.000,40.000
57.012,121.459,91.000,40.000
56.253,123.229,91.000,40.000
56.000,123.482,91.000,40.000
56.253,124.241,91.000,40.000
55.494,125.506,91.000,40.000
56.253,125.253,91.000,40.000
56.000,127.024,91.000,40.000
56.253,127.782,91.000,40.000
56.000,128.541,91.000,40.000
56.253,128.794,91.000,40.000
55.494,129.553,91.000,40.000
55.747,130.818,91.000,40.000
56.000,131.577,91.000,40.000
55.241,132.841,91.000,40.000
55.494,133.600,91.000,40.000
57.265,134.359,91.000,40.000
58.529,136.129,91.000,40.000
61.312,136.382,91.000,40.000
62.577,138.153,91.000,40.000
64.853,137.900,91.000,40.000
66.624,139.671,91.000,40.000
68.394,139.418,91.000,40.000
70.165,141.188,91.000,40.000
72.947,142.453,91.000,40.000
77.247,143.212,91.000,40.000
81.547,144.982,91.000,40.000
84.329,145.235,91.000,40.000
89.641,145.994,91.000,40.000
92.929,147.259,91.000,40.000
97.735,148.524,91.000,40.000
102.035,149.282,91.000,40.000
104.818,150.547,91.000,40.000
110.635,150.800,91.000,40.000
113.924,152.065,91.000,40.000
117.718,152.318,91.000,40.000
121.512,154.088,91.000,40.000
125.306,154.341,91.000,40.000
128.088,156.112,91.000,40.000
132.388,156.365,91.000,40.000
135.171,157.629,91.000,40.000
139.977,157.376,91.000,40.000
143.771,158.641,91.000,40.000
148.577,158.894,91.000,40.000
152.877,159.147,91.000,40.000
156.671,160.412,91.000,40.000
161.477,161.171,91.000,40.000
165.271,161.929,91.000,40.000
170.076,162.182,91.000,40.000
172.859,162.941,91.000,40.000
178.171,163.194,91.000,40.000
180.953,164.459,91.000,40.000
185.759,165.724,91.000,40.000
190.059,165.471,91.000,40.000
192.335,167.747,91.000,40.000
196.129,167.494,91.000,40.000
199.924,169.265,91.000,40.000
202.200,170.024,91.000,40.000
204.476,169.771,91.000,40.000
205.235,172.047,91.000,40.000
206.500,170.782,91.000,40.000
208.271,172.553,91.000,40.000
208.524,173.312,91.000,40.000
210.294,174.071,91.000,40.000
210.547,175.841,91.000,40.000
211.812,175.588,91.000,40.000
213.076,176.347,91.000,40.000
211.306,178.118,91.000,40.000
210.547,178.876,91.000,40.000
209.788,180.647,91.000,40.000
209.029,180.900,91.000,40.000
207.259,182.671,91.000,40.000
206.500,182.924,91.000,40.000
205.235,185.200,91.000,40.000
204.477,185.959,91.000,40.000
204.729,187.224,91.000,40.000
203.971,189.500,91.000,40.000
203.718,189.753,91.000,40.000
199.299,190.098,93.013,40.885
198.524,191.390,93.013,40.885
196.714,193.200,93.013,40.885
196.456,193.976,93.013,40.885
195.680,195.268,93.013,40.885
194.904,195.527,93.013,40.885
195.163,195.786,93.013,40.885
193.353,196.561,93.013,40.885
192.577,196.303,93.013,40.885
191.285,196.044,93.013,40.885
189.475,196.820,93.013,40.885
190.768,195.527,93.013,40.885
188.958,194.234,93.013,40.885
188.182,193.459,93.013,40.885
185.855,192.683,93.013,40.885
186.114,191.390,93.013,40.885
184.304,190.615,93.013,40.885
183.529,188.805,93.013,40.885
182.753,188.029,93.013,40.885
181.460,186.220,93.013,40.885
180.685,184.927,93.013,40.885
178.358,183.634,93.013,40.885
178.099,182.342,93.013,40.885
175.772,180.532,93.013,40.885
175.514,178.722,93.013,40.885
174.221,177.946,93.013,40.885
172.411,177.171,93.013,40.885
171.636,175.361,93.013,40.885
170.343,174.068,93.013,40.885
168.533,172.776,93.013,40.885
167.758,171.483,93.013,40.885
166.465,170.190,93.013,40.885
165.689,168.898,93.013,40.885
166.465,168.122,93.013,40.885
166.206,166.829,93.013,40.885
163.300,164.499,95.071,41.790
154.051,162.650,95.071,41.790
149.435,160.268,97.175,42.714
149.165,158.918,97.175,42.714
147.814,158.647,97.175,42.714
148.625,156.757,97.175,42.714
148.355,157.027,97.175,42.714
148.084,156.757,97.175,42.714
147.814,155.946,97.175,42.714
149.165,154.596,97.175,42.714
151.056,152.165,97.175,42.714
147.544,151.355,97.175,42.714
143.493,150.004,97.175,42.714
141.062,151.355,97.175,42.714
138.631,149.464,97.175,42.714
137.820,148.113,97.175,42.714
133.769,146.763,97.175,42.714
129.177,145.412,97.175,42.714
127.286,146.223,97.175,42.714
126.476,143.792,97.175,42.714
125.666,144.602,97.175,42.714
123.775,142.711,97.175,42.714
122.965,142.441,97.175,42.714
121.074,143.251,97.175,42.714
120.264,141.901,97.175,42.714
122.154,142.171,97.175,42.714
121.344,140.280,97.175,42.714
118.913,141.631,97.175,42.714
116.482,141.901,97.175,42.714
114.051,142.711,97.175,42.714
112.701,141.361,97.175,42.714
110.270,141.091,97.175,42.714
110.000,141.901,97.175,42.714
108.649,141.631,97.175,42.714
108.379,140.820,97.175,42.714
107.029,140.550,97.175,42.714
105.678,140.280,97.175,42.714
104.327,140.550,97.175,42.714
102.437,139.740,97.175,42.714
100.546,141.091,97.175,42.714
98.655,140.820,97.175,42.714
96.765,141.091,97.175,42.714
93.793,141.361,97.175,42.714
91.362,140.550,97.175,42.714
88.932,140.820,97.175,42.714
88.121,141.091,97.175,42.714
89.472,140.820,97.175,42.714
90.282,141.091,97.175,42.714
91.092,139.740,97.175,42.714
94.064,140.010,97.175,42.714
96.494,138.660,97.175,42.714
101.086,137.849,97.175,42.714
104.057,137.579,97.175,42.714
107.029,135.148,97.175,42.714
111.080,134.878,97.175,42.714
115.132,134.068,97.175,42.714
119.183,133.258,97.175,42.714
122.695,130.827,97.175,42.714
127.286,130.016,97.175,42.714
129.717,129.746,97.175,42.714
134.849,128.396,97.175,42.714
138.361,127.585,97.175,42.714
140.792,126.775,97.175,42.714
145.924,125.965,97.175,42.714
146.734,126.775,97.175,42.714
151.866,124.884,97.175,42.714
155.377,125.154,97.175,42.714
157.268,123.264,97.175,42.714
161.319,122.453,97.175,42.714
162.670,122.183,97.175,42.714
167.262,120.833,97.175,42.714
169.153,121.103,97.175,42.714
171.043,120.833,97.175,42.714
171.854,121.103,97.175,42.714
173.744,120.833,97.175,42.714
174.555,121.103,97.175,42.714
175.365,121.913,97.175,42.714
176.715,121.103,97.175,42.714
176.986,122.453,97.175,42.714
175.095,122.183,97.175,42.714
173.744,122.994,97.175,42.714
170.773,124.884,97.175,42.714
169.423,126.235,97.175,42.714
166.992,128.126,97.175,42.714
163.480,130.016,97.175,42.714
162.670,132.447,97.175,42.714
159.159,133.798,97.175,42.714
157.808,135.148,97.175,42.714
154.837,137.579,97.175,42.714
152.946,138.930,97.175,42.714
147.274,142.981,97.175,42.714
146.464,144.332,97.175,42.714
142.952,145.142,97.175,42.714
140.521,147.033,97.175,42.714
139.171,147.303,97.175,42.714
137.280,148.113,97.175,42.714
135.389,147.843,97.175,42.714
134.579,146.493,97.175,42.714
132.688,145.682,97.175,42.714
130.258,144.332,97.175,42.714
128.367,143.521,97.175,42.714
125.936,141.631,97.175,42.714
124.045,140.280,97.175,42.714
122.154,138.390,97.175,42.714
119.183,137.039,97.175,42.714
118.373,136.229,97.175,42.714
114.321,133.798,97.175,42.714
113.511,132.447,97.175,42.714
111.620,131.097,97.175,42.714
109.730,129.746,97.175,42.714
108.919,128.936,97.175,42.714
105.408,128.126,97.175,42.714
103.517,127.855,97.175,42.714
102.167,128.126,97.175,42.714
101.897,128.936,97.175,42.714
102.707,128.666,97.175,42.714
102.977,128.936,97.175,42.714
103.247,129.746,97.175,42.714
104.598,129.476,97.175,42.714
105.948,129.206,97.175,42.714
106.218,128.936,97.175,42.714
107.029,129.746,97.175,42.714
111.080,128.936,97.175,42.714
113.511,128.666,97.175,42.714
118.103,128.396,97.175,42.714
121.614,127.585,97.175,42.714
124.585,127.315,97.175,42.714
129.177,125.965,97.175,42.714
131.068,125.695,97.175,42.714
134.039,124.884,97.175,42.714
137.550,122.993,97.175,42.714
140.521,121.643,97.175,42.714
143.493,118.132,97.175,42.714
146.464,116.241,97.175,42.714
148.355,113.270,97.175,42.714
150.245,110.299,97.175,42.714
152.136,108.408,97.175,42.714
152.946,107.057,97.175,42.714
153.757,106.787,97.175,42.714
154.567,106.517,97.175,42.714
155.377,106.787,97.175,42.714
155.647,108.138,97.175,42.714
156.458,109.488,97.175,42.714
157.268,109.218,97.175,42.714
157.538,109.488,97.175,42.714
158.889,110.839,97.175,42.714
159.159,111.649,97.175,42.714
159.429,113.000,97.175,42.714
159.159,113.810,97.175,42.714
160.509,114.620,97.175,42.714
161.320,115.431,97.175,42.714
162.130,115.701,97.175,42.714
162.400,117.051,97.175,42.714
162.670,117.862,97.175,42.714
164.021,118.672,97.175,42.714
162.670,120.022,97.175,42.714
164.021,120.833,97.175,42.714
165.371,121.643,97.175,42.714
167.802,120.833,97.175,42.714
166.992,122.183,97.175,42.714
165.641,121.913,97.175,42.714
166.992,122.723,97.175,42.714
165.641,123.534,97.175,42.714
166.992,123.264,97.175,42.714
166.722,123.534,97.175,42.714
167.532,123.804,97.175,42.714
168.342,124.614,97.175,42.714
169.153,124.344,97.175,42.714
169.423,124.074,97.175,42.714
170.233,125.424,97.175,42.714
170.503,124.614,97.175,42.714
170.773,125.424,97.175,42.714
171.584,125.154,97.175,42.714
170.773,124.884,97.175,42.714
171.043,126.235,97.175,42.714
168.072,125.424,97.175,42.714
166.722,126.235,97.175,42.714
165.911,125.424,97.175,42.714
162.400,126.775,97.175,42.714
161.050,126.505,97.175,42.714
157.538,127.315,97.175,42.714
155.647,127.045,97.175,42.714
153.217,128.396,97.175,42.714
150.786,128.126,97.175,42.714
150.515,128.396,97.175,42.714
148.625,128.666,97.175,42.714
146.194,128.936,97.175,42.714
143.763,129.746,97.175,42.714
141.872,128.936,97.175,42.714
140.522,129.206,97.175,42.714
139.711,127.855,97.175,42.714
138.925,128.051,95.102,41.803
137.075,128.844,95.102,41.803
132.581,127.522,95.102,41.803
129.144,129.901,95.102,41.803
125.708,130.694,95.102,41.803
125.443,130.430,95.102,41.803
122.536,132.280,95.102,41.803
120.685,132.016,95.102,41.803
118.306,131.751,95.102,41.803
114.341,132.544,95.102,41.803
112.491,132.809,95.102,41.803
110.111,133.073,95.102,41.803
107.204,132.280,95.102,41.803
105.353,133.073,95.102,41.803
101.388,133.866,95.102,41.803
99.538,132.544,95.102,41.803
96.101,134.395,95.102,41.803
92.665,134.130,95.102,41.803
91.872,134.923,95.102,41.803
88.964,134.659,95.102,41.803
87.642,133.866,95.102,41.803
84.734,134.659,95.102,41.803
82.884,133.866,95.102,41.803
79.976,135.188,95.102,41.803
76.540,135.452,95.102,41.803
74.689,136.245,95.102,41.803
71.781,135.452,95.102,41.803
69.931,135.717,95.102,41.803
67.023,135.981,95.102,41.803
63.587,134.659,95.102,41.803
62.265,135.452,95.102,41.803
57.243,136.774,95.102,41.803
54.863,135.981,95.102,41.803
53.013,136.774,95.102,41.803
50.105,135.981,95.102,41.803
48.255,136.774,95.102,41.803
45.347,137.038,95.102,41.803
42.968,135.717,95.102,41.803
40.060,137.038,95.102,41.803
37.152,136.245,95.102,41.803
35.831,137.038,95.102,41.803
34.509,136.245,95.102,41.803
33.187,136.510,95.102,41.803
30.808,136.774,95.102,41.803
29.486,135.452,95.102,41.803
27.107,136.245,95.102,41.803
25.257,134.923,95.102,41.803
22.878,134.659,95.102,41.803
21.556,132.280,95.102,41.803
18.648,133.073,95.102,41.803
16.798,132.809,95.102,41.803
14.947,130.430,95.102,41.803
13.097,131.751,95.102,41.803
10.189,128.844,95.102,41.803
8.339,128.051,95.102,41.803
7.017,127.257,95.102,41.803
8.339,125.407,95.102,41.803
9.661,124.614,95.102,41.803
10.454,121.706,95.102,41.803
12.304,119.856,95.102,41.803
13.097,119.063,95.102,41.803
13.361,117.212,95.102,41.803
14.683,115.362,95.102,41.803
16.005,114.569,95.102,41.803
15.740,113.247,95.102,41.803
18.120,110.339,95.102,41.803
17.327,111.132,95.102,41.803
18.120,109.282,95.102,41.803
18.384,110.075,95.102,41.803
17.591,110.339,95.102,41.803
18.913,109.546,95.102,41.803
19.706,110.868,95.102,41.803
19.970,109.546,95.102,41.803
20.234,110.868,95.102,41.803
21.027,111.661,95.102,41.803
21.292,111.925,95.102,41.803
22.613,113.776,95.102,41.803
22.349,114.040,95.102,41.803
23.671,115.362,95.102,41.803
24.464,117.212,95.102,41.803
24.728,118.534,95.102,41.803
27.107,120.385,95.102,41.803
26.314,120.649,95.102,41.803
28.165,121.442,95.102,41.803
27.372,122.764,95.102,41.803
27.636,122.499,95.102,41.803
28.429,124.350,95.102,41.803
28.165,124.085,95.102,41.803
31.072,125.407,95.102,41.803
30.808,125.143,95.102,41.803
33.187,126.993,95.102,41.803
32.394,127.257,95.102,41.803
33.716,129.108,95.102,41.803
34.509,129.372,95.102,41.803
36.359,131.751,95.102,41.803
36.095,131.487,95.102,41.803
37.945,133.337,95.102,41.803
38.210,134.659,95.102,41.803
38.474,134.395,95.102,41.803
40.324,136.774,95.102,41.803
42.175,135.981,95.102,41.803
44.025,137.831,95.102,41.803
44.818,138.624,95.102,41.803
46.669,139.417,95.102,41.803
48.519,140.739,95.102,41.803
48.783,141.003,95.102,41.803
50.105,142.325,95.102,41.803
50.370,142.061,95.102,41.803
52.220,142.325,95.102,41.803
55.128,142.061,95.102,41.803
58.564,141.796,95.102,41.803
62.001,140.475,95.102,41.803
63.322,142.854,95.102,41.803
59.357,144.704,95.102,41.803
59.093,146.026,95.102,41.803
60.415,148.405,95.102,41.803
61.736,150.784,95.102,41.803
61.472,152.635,95.102,41.803
61.736,155.014,95.102,41.803
64.115,155.278,95.102,41.803
65.966,157.128,95.102,41.803
66.759,157.393,95.102,41.803
69.667,158.714,95.102,41.803
72.046,157.921,95.102,41.803
75.108,157.733,97.207,42.728
77.539,159.625,97.207,42.728
74.027,157.193,97.207,42.728
67.812,155.302,97.207,42.728
69.163,154.491,97.207,42.728
74.297,156.382,97.207,42.728
77.810,156.112,97.207,42.728
82.403,158.544,97.207,42.728
85.375,159.354,97.207,42.728
90.509,157.463,97.207,42.728
99.965,160.435,97.207,42.728
105.099,161.246,97.207,42.728
115.096,161.516,97.207,42.728
119.149,161.246,97.207,42.728
124.823,162.597,97.207,42.728
135.901,163.407,97.207,42.728
145.358,164.218,97.207,42.728
158.057,166.109,97.207,42.728
171.296,168.001,97.207,42.728
177.511,167.190,97.207,42.728
189.129,165.299,97.207,42.728
199.667,165.569,97.207,42.728
209.664,165.299,97.207,42.728
220.201,163.407,97.207,42.728
230.198,163.678,97.207,42.728
235.332,161.786,97.207,42.728
242.627,162.597,97.207,42.728
248.842,161.786,97.207,42.728
252.895,164.758,97.207,42.728
249.922,167.730,97.207,42.728
238.845,165.299,97.207,42.728
234.251,162.867,97.207,42.728
231.279,162.056,97.207,42.728
234.251,161.786,97.207,42.728
238.304,160.435,97.207,42.728
242.357,157.463,97.207,42.728
244.789,156.112,97.207,42.728
244.519,153.140,97.207,42.728
241.546,148.547,97.207,42.728
236.953,146.115,97.207,42.728
232.794,145.362,99.357,43.674
236.384,145.638,99.357,43.674
239.422,142.600,99.357,43.674
240.803,143.981,99.357,43.674
242.736,146.467,99.357,43.674
245.935,147.989,101.556,44.640
216.404,143.688,103.803,45.627
216.115,141.091,103.803,45.627
221.597,142.534,103.803,45.627
227.656,143.977,103.803,45.627
233.715,140.803,103.803,45.627
236.312,142.245,103.803,45.627
235.446,143.111,103.803,45.627
206.305,143.400,103.803,45.627
200.823,141.380,103.803,45.627
202.843,141.668,103.803,45.627
206.017,142.534,103.803,45.627
210.344,141.668,103.803,45.627
215.249,142.534,103.803,45.627
219.577,141.091,103.803,45.627
224.482,141.380,103.803,45.627
229.387,139.937,103.803,45.627
234.292,139.072,103.803,45.627
212.653,138.206,103.803,45.627
208.325,136.186,103.803,45.627
205.151,134.167,103.803,45.627
199.669,133.301,103.803,45.627
201.689,131.281,103.803,45.627
203.708,132.147,103.803,45.627
213.230,130.127,103.803,45.627
219.866,129.839,103.803,45.627
225.348,128.396,103.803,45.627
231.984,128.685,103.803,45.627
238.043,128.396,103.803,45.627
241.794,125.799,103.803,45.627
244.391,126.088,103.803,45.627
242.371,127.531,103.803,45.627
238.043,127.819,103.803,45.627
227.945,125.799,103.803,45.627
226.502,125.511,103.803,45.627
227.945,126.954,103.803,45.627
229.387,124.357,103.803,45.627
230.830,126.377,103.803,45.627
229.387,123.780,103.803,45.627
229.099,122.337,103.803,45.627
230.541,123.780,103.803,45.627
229.099,122.337,103.803,45.627
230.541,123.780,103.803,45.627
229.099,121.760,103.803,45.627
229.387,122.049,103.803,45.627
229.099,122.337,103.803,45.627
228.233,121.472,103.803,45.627
229.676,121.183,103.803,45.627
228.810,121.472,103.803,45.627
229.099,119.452,103.803,45.627
231.118,121.472,103.803,45.627
230.253,119.452,103.803,45.627
232.273,120.317,103.803,45.627
231.407,118.298,103.803,45.627
231.118,119.163,103.803,45.627
230.253,118.298,103.803,45.627
228.810,117.432,103.803,45.627
228.522,117.721,103.803,45.627
229.964,115.701,103.803,45.627
228.522,116.567,103.803,45.627
227.079,115.701,103.803,45.627
227.945,114.258,103.803,45.627
231.118,112.816,103.803,45.627
233.138,110.796,103.803,45.627
232.273,108.776,103.803,45.627
228.522,107.334,103.803,45.627
223.617,109.931,103.803,45.627
220.443,109.642,103.803,45.627
223.040,110.508,103.803,45.627
223.905,108.488,103.803,45.627
223.617,108.199,103.803,45.627
223.328,106.757,103.803,45.627
224.771,105.314,103.803,45.627
226.213,107.334,103.803,45.627
225.925,106.468,103.803,45.627
225.636,107.334,103.803,45.627
225.348,107.045,103.803,45.627
223.302,108.037,106.099,46.637
222.417,105.973,106.099,46.637
220.325,106.987,108.447,47.669
218.187,106.147,110.846,48.724
217.879,103.990,110.846,48.724
216.955,106.763,110.846,48.724
215.414,105.839,110.846,48.724
213.874,106.763,110.846,48.724
212.333,108.303,110.846,48.724
211.409,105.531,110.846,48.724
210.485,107.071,110.846,48.724
208.944,107.379,110.846,48.724
207.404,106.455,110.846,48.724
205.247,106.763,110.846,48.724
193.231,107.071,110.846,48.724
181.831,107.379,110.846,48.724
169.815,107.071,110.846,48.724
146.707,108.612,110.846,48.724
134.075,107.687,110.846,48.724
128.221,107.379,110.846,48.724
121.134,107.687,110.846,48.724
113.432,106.763,110.846,48.724
107.578,106.455,110.846,48.724
101.107,105.531,110.846,48.724
95.870,105.839,110.846,48.724
90.632,104.298,110.846,48.724
85.394,103.374,110.846,48.724
81.389,103.682,110.846,48.724
82.929,103.374,110.846,48.724
86.935,102.450,110.846,48.724
90.324,103.374,110.846,48.724
102.956,101.833,110.846,48.724
116.821,101.525,110.846,48.724
129.453,100.601,110.846,48.724
143.934,99.677,110.846,48.724
158.415,99.368,110.846,48.724
171.663,98.444,110.846,48.724
178.750,98.136,110.846,48.724
183.988,97.828,110.846,48.724
191.074,96.904,110.846,48.724
196.312,95.979,110.846,48.724
200.933,94.439,110.846,48.724
204.939,95.363,110.846,48.724
207.712,93.206,110.846,48.724
211.101,92.282,110.846,48.724
212.025,91.974,110.846,48.724
215.414,89.817,110.846,48.724
217.571,87.044,110.846,48.724
219.728,86.120,110.846,48.724
233.085,80.403,108.482,47.684
239.418,81.911,108.482,47.684
243.338,79.800,108.482,47.684
232.784,77.086,108.482,47.684
222.230,82.212,108.482,47.684
197.806,93.369,108.482,47.684
190.268,94.877,108.482,47.684
190.569,94.575,108.482,47.684
193.886,94.877,108.482,47.684
195.997,95.178,108.482,47.684
196.901,94.877,108.482,47.684
197.203,93.972,108.482,47.684
196.298,93.671,108.482,47.684
196.600,93.369,108.482,47.684
195.092,93.671,108.482,47.684
195.394,93.369,108.482,47.684
195.695,93.068,108.482,47.684
196.600,92.766,108.482,47.684
193.886,92.464,108.482,47.684
195.394,92.766,108.482,47.684
192.680,93.671,108.482,47.684
194.791,91.560,108.482,47.684
193.283,94.274,108.482,47.684
189.966,93.972,108.482,47.684
192.077,92.464,108.482,47.684
189.966,94.575,108.482,47.684
191.474,93.671,108.482,47.684
191.775,92.766,108.482,47.684
189.664,92.464,108.482,47.684
190.569,92.766,108.482,47.684
189.061,92.464,108.482,47.684
189.363,92.766,108.482,47.684
184.840,92.464,108.482,47.684
181.523,93.972,108.482,47.684
178.809,93.068,108.482,47.684
176.095,93.369,108.482,47.684
172.779,94.274,108.482,47.684
170.065,94.575,108.482,47.684
166.145,94.877,108.482,47.684
162.828,94.575,108.482,47.684
158.908,96.083,108.482,47.684
159.813,95.178,108.482,47.684
154.083,96.686,108.482,47.684
148.957,95.781,108.482,47.684
143.831,96.686,108.482,47.684
137.499,98.194,108.482,47.684
131.167,97.892,108.482,47.684
125.438,100.003,108.482,47.684
115.487,100.907,108.482,47.684
110.361,101.209,108.482,47.684
104.029,103.923,108.482,47.684
97.094,103.621,108.482,47.684
90.761,105.732,108.482,47.684
79.605,107.240,108.482,47.684
73.875,107.541,108.482,47.684
69.352,110.255,108.482,47.684
66.035,109.953,108.482,47.684
66.940,110.858,108.482,47.684
67.242,111.763,108.482,47.684
68.749,111.461,108.482,47.684
70.257,112.366,108.482,47.684
71.162,112.667,108.482,47.684
73.272,111.763,108.482,47.684
72.971,112.064,108.482,47.684
75.082,112.969,108.482,47.684
76.589,111.461,108.482,47.684
78.097,112.969,108.482,47.684
80.208,112.064,108.482,47.684
82.921,111.763,108.482,47.684
84.429,112.064,108.482,47.684
86.540,112.366,108.482,47.684
88.047,113.873,108.482,47.684
90.158,114.778,108.482,47.684
92.269,113.270,108.482,47.684
93.777,115.984,108.482,47.684
95.284,115.080,108.482,47.684
97.395,115.984,108.482,47.684
97.697,117.492,108.482,47.684
100.410,117.793,108.482,47.684
102.521,118.095,108.482,47.684
104.029,118.396,108.482,47.684
106.743,119.904,108.482,47.684
108.853,118.396,108.482,47.684
110.964,120.507,108.482,47.684
113.075,119.603,108.482,47.684
115.789,121.110,108.482,47.684
118.502,119.603,108.482,47.684
121.216,120.507,108.482,47.684
123.930,120.206,108.482,47.684
126.041,120.507,108.482,47.684
129.358,120.206,108.482,47.684
132.674,118.698,108.482,47.684
135.991,118.999,108.482,47.684
135.087,117.492,108.482,47.684
122.724,114.175,108.482,47.684
127.850,110.858,108.482,47.684
132.373,108.144,108.482,47.684
136.293,107.240,108.482,47.684
142.625,108.144,108.482,47.684
147.751,104.827,108.482,47.684
154.083,102.717,108.482,47.684
159.813,103.018,108.482,47.684
164.939,102.114,108.482,47.684
170.668,101.209,108.482,47.684
175.794,100.304,108.482,47.684
177.905,96.987,108.482,47.684
182.428,96.083,108.482,47.684
186.951,94.575,108.482,47.684
192.077,94.877,108.482,47.684
196.821,93.411,110.882,48.739
202.676,91.253,110.882,48.739
208.532,90.945,110.882,48.739
213.772,90.637,110.882,48.739
219.011,89.096,110.882,48.739
224.251,89.404,110.882,48.739
228.258,87.863,110.882,48.739
232.264,87.555,110.882,48.739
230.107,87.247,110.882,48.739
218.087,87.555,110.882,48.739
216.546,87.863,110.882,48.739
220.552,86.938,110.882,48.739
225.176,86.014,110.882,48.739
231.031,85.089,110.882,48.739
238.737,84.781,110.882,48.739
243.976,85.089,110.882,48.739
245.517,85.397,110.882,48.739
234.114,85.706,110.882,48.739
228.874,86.014,110.882,48.739
225.484,86.322,110.882,48.739
222.093,86.630,110.882,48.739
219.320,85.706,110.882,48.739
217.162,86.630,110.882,48.739
215.005,86.938,110.882,48.739
212.847,87.863,110.882,48.739
210.073,88.171,110.882,48.739
207.916,86.630,110.882,48.739
206.375,87.555,110.882,48.739
203.601,87.247,110.882,48.739
200.827,85.706,110.882,48.739
201.752,86.014,110.882,48.739
203.293,85.706,110.882,48.739
204.834,84.781,110.882,48.739
207.608,84.473,110.882,48.739
210.382,83.548,110.882,48.739
213.772,83.240,110.882,48.739
215.929,83.548,110.882,48.739
215.621,83.240,110.882,48.739
212.231,82.932,110.882,48.739
208.224,83.856,110.882,48.739
202.985,84.164,110.882,48.739
197.745,82.007,110.882,48.739
196.204,82.315,110.882,48.739
198.362,80.774,110.882,48.739
202.368,80.466,110.882,48.739
207.608,79.541,110.882,48.739
212.847,79.233,110.882,48.739
216.854,78.309,110.882,48.739
219.011,78.000,110.882,48.739
221.169,78.309,110.882,48.739
223.943,77.384,110.882,48.739
221.169,78.309,110.882,48.739
219.011,79.850,110.882,48.739
217.470,80.774,110.882,48.739
213.464,81.082,110.882,48.739
211.306,82.007,110.882,48.739
209.149,81.082,110.882,48.739
211.306,82.007,110.882,48.739
211.614,81.699,110.882,48.739
211.923,80.774,110.882,48.739
212.231,81.082,110.882,48.739
210.073,80.774,110.882,48.739
207.916,81.082,110.882,48.739
205.142,80.774,110.882,48.739
202.368,81.082,110.882,48.739
197.745,82.007,110.882,48.739
186.958,82.932,110.882,48.739
181.102,83.856,110.882,48.739
176.479,82.932,110.882,48.739
175.554,83.240,110.882,48.739
174.630,82.315,110.882,48.739
176.171,82.623,110.882,48.739
177.712,82.932,110.882,48.739
178.636,83.240,110.882,48.739
175.246,84.164,110.882,48.739
171.856,84.473,110.882,48.739
169.698,85.397,110.882,48.739
166.308,86.938,110.882,48.739
162.918,87.863,110.882,48.739
158.295,88.171,110.882,48.739
154.905,86.630,110.882,48.739
157.678,85.089,110.882,48.739
161.685,86.630,110.882,48.739
165.692,83.856,110.882,48.739
172.164,84.781,110.882,48.739
176.787,84.473,110.882,48.739
186.958,82.315,110.882,48.739
197.129,83.240,110.882,48.739
203.601,80.466,110.882,48.739
215.005,82.007,110.882,48.739
221.477,81.082,110.882,48.739
228.566,82.007,110.882,48.739
234.422,79.850,110.882,48.739
237.196,79.541,110.882,48.739
236.887,77.384,110.882,48.739
239.661,73.377,110.882,48.739
218.564,153.213,108.518,47.700
223.088,208.412,108.518,47.700
220.977,211.127,108.518,47.700
221.278,210.825,108.518,47.700
223.993,209.317,108.518,47.700
225.501,212.032,108.518,47.700
227.009,210.524,108.518,47.700
224.898,211.429,108.518,47.700
222.183,212.937,108.518,47.700
218.865,212.032,108.518,47.700
216.754,213.540,108.518,47.700
214.642,214.445,108.518,47.700
213.134,214.143,108.518,47.700
211.626,214.445,108.518,47.700
210.118,214.143,108.518,47.700
208.610,214.445,108.518,47.700
207.102,214.747,108.518,47.700
207.403,214.445,108.518,47.700
206.498,215.350,108.518,47.700
208.610,215.048,108.518,47.700
211.324,214.143,108.518,47.700
212.833,214.445,108.518,47.700
214.944,215.953,108.518,47.700
218.262,213.238,108.518,47.700
219.770,215.350,108.518,47.700
221.882,215.048,108.518,47.700
223.390,214.747,108.518,47.700
221.882,215.651,108.518,47.700
222.183,214.747,108.518,47.700
220.675,216.255,108.518,47.700
220.373,217.160,108.518,47.700
222.485,216.255,108.518,47.700
224.596,217.160,108.518,47.700
223.691,217.461,108.518,47.700
225.199,217.763,108.518,47.700
223.691,218.065,108.518,47.700
222.786,218.969,108.518,47.700
221.881,219.271,108.518,47.700
220.977,220.176,108.518,47.700
220.675,221.081,108.518,47.700
222.786,220.176,108.518,47.700
221.881,221.684,108.518,47.700
224.596,220.176,108.518,47.700
223.691,222.287,108.518,47.700
227.009,221.986,108.518,47.700
226.104,221.684,108.518,47.700
227.009,222.589,108.518,47.700
226.708,223.494,108.518,47.700
229.900,223.712,106.204,46.683
229.014,224.007,106.204,46.683
227.538,224.893,106.204,46.683
224.881,225.778,106.204,46.683
222.815,226.073,106.204,46.683
223.110,226.369,106.204,46.683
225.177,227.254,106.204,46.683
227.243,226.959,106.204,46.683
229.309,226.664,106.204,46.683
228.424,226.959,106.204,46.683
230.490,227.254,106.204,46.683
233.147,227.549,106.204,46.683
