122.000,51.000,51.000,61.000
121.780,50.780,51.000,61.000
121.560,51.000,51.000,61.000
121.339,52.101,51.000,61.000
121.560,53.203,51.000,61.000
120.899,54.304,51.000,61.000
120.679,55.405,51.000,61.000
120.458,56.506,51.000,61.000
120.679,56.286,51.000,61.000
120.458,57.387,51.000,61.000
120.679,58.048,51.000,61.000
120.018,58.268,51.000,61.000
119.798,58.489,51.000,61.000
119.577,59.149,51.000,61.000
119.357,58.929,51.000,61.000
120.018,59.149,51.000,61.000
119.798,59.370,51.000,61.000
119.137,60.030,51.000,61.000
119.357,60.251,51.000,61.000
119.137,60.471,51.000,61.000
118.917,61.132,51.000,61.000
118.696,60.911,51.000,61.000
118.036,61.132,51.000,61.000
118.256,61.352,51.000,61.000
118.036,62.013,51.000,61.000
117.815,62.233,51.000,61.000
117.595,62.453,51.000,61.000
117.375,62.673,51.000,61.000
117.595,62.013,51.000,61.000
116.494,61.792,51.000,61.000
116.714,61.572,51.000,61.000
115.172,60.911,51.000,61.000
113.631,60.691,51.000,61.000
111.208,59.590,51.000,61.000
109.666,58.929,51.000,61.000
107.243,58.268,51.000,61.000
106.582,57.608,51.000,61.000
105.041,56.506,51.000,61.000
104.820,56.286,51.000,61.000
104.160,56.947,51.000,61.000
104.820,56.727,51.000,61.000
105.041,56.066,51.000,61.000
105.701,55.846,51.000,61.000
106.362,55.185,51.000,61.000
107.463,54.084,51.000,61.000
109.005,52.982,51.000,61.000
109.666,51.881,51.000,61.000
110.327,51.661,51.000,61.000
111.428,51.441,51.000,61.000
112.089,52.542,51.000,61.000
112.309,52.762,51.000,61.000
112.529,53.863,51.000,61.000
112.309,55.846,51.000,61.000
112.529,57.387,51.000,61.000
112.309,60.691,51.000,61.000
112.970,62.233,51.000,61.000
113.190,65.096,51.000,61.000
113.410,67.078,51.000,61.000
113.630,69.061,51.000,61.000
112.529,71.043,51.000,61.000
111.868,73.025,51.000,61.000
111.648,75.448,51.000,61.000
110.987,78.311,51.000,61.000
111.208,80.294,51.000,61.000
111.868,81.835,51.000,61.000
112.529,82.496,51.000,61.000
113.190,84.038,51.000,61.000
115.172,84.699,51.000,61.000
116.714,84.478,51.000,61.000
117.815,86.020,51.000,61.000
119.357,86.240,51.000,61.000
121.780,86.461,51.000,61.000
123.322,86.681,51.000,61.000
125.304,85.139,51.000,61.000
125.965,84.919,51.000,61.000
125.744,82.937,51.000,61.000
125.084,80.954,51.000,61.000
124.423,78.532,51.000,61.000
124.203,75.228,51.000,61.000
123.542,73.686,51.000,61.000
122.441,70.823,51.000,61.000
122.661,69.281,51.000,61.000
122.000,68.180,51.000,61.000
122.220,67.519,51.000,61.000
122.441,66.418,51.000,61.000
122.220,66.638,51.000,61.000
122.000,65.537,51.000,61.000
121.780,64.876,51.000,61.000
121.119,64.656,51.000,61.000
120.899,63.554,51.000,61.000
120.238,62.453,51.000,61.000
119.577,61.792,51.000,61.000
118.036,59.810,51.000,61.000
116.934,58.268,51.000,61.000
114.952,57.608,51.000,61.000
112.529,56.066,51.000,61.000
110.106,55.405,51.000,61.000
108.565,55.625,51.000,61.000
106.582,54.524,51.000,61.000
105.041,54.304,51.000,61.000
104.380,54.965,51.000,61.000
104.160,54.744,51.000,61.000
103.058,54.524,51.000,61.000
102.838,54.304,51.000,61.000
101.737,54.524,51.000,61.000
101.517,53.423,51.000,61.000
100.856,54.084,51.000,61.000
101.076,53.423,51.000,61.000
101.737,53.643,51.000,61.000
101.957,52.982,51.000,61.000
102.618,53.643,51.000,61.000
103.279,53.423,51.000,61.000
104.380,54.524,51.000,61.000
105.481,54.304,51.000,61.000
106.142,55.846,51.000,61.000
106.803,56.506,51.000,61.000
107.904,57.167,51.000,61.000
109.005,59.149,51.000,61.000
110.106,60.691,51.000,61.000
110.767,61.792,51.000,61.000
110.987,62.894,51.000,61.000
111.208,63.554,51.000,61.000
111.428,63.775,51.000,61.000
112.089,64.876,51.000,61.000
112.749,65.537,51.000,61.000
113.410,66.197,51.000,61.000
114.071,67.299,51.000,61.000
113.851,67.519,51.000,61.000
113.630,66.418,51.000,61.000
113.410,67.078,51.000,61.000
114.071,65.977,51.000,61.000
113.410,65.316,51.000,61.000
113.630,65.977,51.000,61.000
112.970,65.316,51.000,61.000
113.190,65.977,51.000,61.000
113.410,65.757,51.000,61.000
113.630,65.977,51.000,61.000
112.529,65.757,51.000,61.000
111.868,65.537,51.000,61.000
111.648,65.316,51.000,61.000
110.547,65.977,51.000,61.000
109.446,64.876,51.000,61.000
109.225,64.215,51.000,61.000
106.362,63.995,51.000,61.000
104.380,63.334,51.000,61.000
102.398,63.554,51.000,61.000
101.737,62.894,51.000,61.000
100.636,63.114,51.000,61.000
100.856,63.775,51.000,61.000
101.517,63.114,51.000,61.000
101.296,63.775,51.000,61.000
102.398,63.554,51.000,61.000
103.058,63.775,51.000,61.000
103.279,64.876,51.000,61.000
103.499,65.537,51.000,61.000
104.160,65.757,51.000,61.000
104.380,65.977,51.000,61.000
104.600,66.638,51.000,61.000
104.820,66.418,51.000,61.000
105.041,66.638,51.000,61.000
105.261,65.977,51.000,61.000
105.481,65.757,51.000,61.000
105.701,65.537,51.000,61.000
105.481,64.876,51.000,61.000
106.142,65.096,51.000,61.000
105.922,65.316,51.000,61.000
105.701,65.537,51.000,61.000
105.481,64.876,51.000,61.000
106.142,65.096,51.000,61.000
105.922,65.316,51.000,61.000
105.261,65.537,51.000,61.000
105.041,64.876,51.000,61.000
104.820,64.656,51.000,61.000
104.160,63.995,51.000,61.000
103.939,64.215,51.000,61.000
103.279,63.995,51.000,61.000
103.058,63.775,51.000,61.000
102.398,63.114,51.000,61.000
102.177,63.334,51.000,61.000
101.957,63.554,51.000,61.000
101.737,62.894,51.000,61.000
101.076,63.114,51.000,61.000
101.296,63.334,51.000,61.000
101.517,63.995,51.000,61.000
100.415,63.775,51.000,61.000
101.076,63.995,51.000,61.000
101.296,64.656,51.000,61.000
101.517,64.876,51.000,61.000
100.856,65.096,51.000,61.000
101.517,65.316,51.000,61.000
101.296,65.977,51.000,61.000
101.957,65.757,51.000,61.000
102.177,65.537,51.000,61.000
102.838,65.757,51.000,61.000
103.058,65.977,51.000,61.000
103.719,66.638,51.000,61.000
103.499,66.858,51.000,61.000
104.600,67.078,51.000,61.000
103.939,68.180,51.000,61.000
104.600,68.840,51.000,61.000
104.820,69.061,51.000,61.000
105.041,69.721,51.000,61.000
105.701,69.942,51.000,61.000
105.481,70.603,51.000,61.000
106.582,70.823,51.000,61.000
105.481,71.484,51.000,61.000
106.582,72.144,51.000,61.000
105.481,72.365,51.000,61.000
106.142,73.025,51.000,61.000
105.922,73.246,51.000,61.000
105.261,73.906,51.000,61.000
105.922,73.686,51.000,61.000
104.380,73.906,51.000,61.000
105.481,74.127,51.000,61.000
105.261,74.787,51.000,61.000
105.168,73.952,49.912,59.699
105.814,74.598,49.912,59.699
103.874,74.814,49.912,59.699
105.383,73.736,49.912,59.699
105.599,73.952,49.912,59.699
103.228,74.167,49.912,59.699
104.737,74.814,49.912,59.699
103.815,73.165,48.848,58.426
104.447,74.642,48.848,58.426
105.080,74.431,48.848,58.426
102.760,74.642,48.848,58.426
103.815,74.009,48.848,58.426
102.760,73.798,48.848,58.426
103.393,72.743,48.848,58.426
104.117,75.196,47.806,57.180
102.040,74.015,46.787,55.961
104.262,74.621,46.787,55.961
102.848,74.015,46.787,55.961
104.262,75.025,46.787,55.961
103.252,75.227,46.787,55.961
103.858,75.429,46.787,55.961
104.464,76.035,46.787,55.961
102.646,75.833,46.787,55.961
103.252,75.631,46.787,55.961
102.242,75.833,46.787,55.961
102.444,75.631,46.787,55.961
102.646,74.621,46.787,55.961
102.444,74.823,46.787,55.961
102.242,74.621,46.787,55.961
102.444,74.015,46.787,55.961
102.646,74.621,46.787,55.961
102.848,73.611,46.787,55.961
103.050,73.813,46.787,55.961
103.252,74.419,46.787,55.961
101.838,75.025,46.787,55.961
102.444,74.015,46.787,55.961
101.838,73.813,46.787,55.961
102.444,71.994,46.787,55.961
101.029,70.984,46.787,55.961
102.040,69.570,46.787,55.961
102.242,67.347,46.787,55.961
100.827,66.741,46.787,55.961
101.838,64.518,46.787,55.961
102.040,63.912,46.787,55.961
102.242,61.285,46.787,55.961
101.231,60.275,46.787,55.961
101.433,58.052,46.787,55.961
101.635,55.830,46.787,55.961
101.838,53.607,46.787,55.961
102.040,51.384,46.787,55.961
102.242,50.778,46.787,55.961
101.231,48.556,46.787,55.961
101.838,46.333,46.787,55.961
102.444,45.727,46.787,55.961
102.242,43.504,46.787,55.961
102.040,43.706,46.787,55.961
103.050,42.292,46.787,55.961
103.252,43.706,46.787,55.961
103.050,43.504,46.787,55.961
104.464,45.727,46.787,55.961
104.666,46.333,46.787,55.961
105.677,48.556,46.787,55.961
106.283,49.566,46.787,55.961
106.889,50.980,46.787,55.961
108.303,52.395,46.787,55.961
108.910,53.809,46.787,55.961
110.324,54.011,46.787,55.961
110.930,55.021,46.787,55.961
112.344,55.628,46.787,55.961
112.951,55.426,46.787,55.961
113.961,56.436,46.787,55.961
114.567,57.042,46.787,55.961
114.365,56.840,46.787,55.961
114.567,57.042,46.787,55.961
115.173,58.052,46.787,55.961
115.779,59.063,46.787,55.961
117.194,60.073,46.787,55.961
117.396,61.487,46.787,55.961
118.346,62.336,47.822,57.199
118.965,63.781,47.822,57.199
119.998,64.814,47.822,57.199
119.791,66.260,47.822,57.199
119.585,68.118,47.822,57.199
119.378,69.564,47.822,57.199
118.759,70.597,47.822,57.199
119.378,72.455,47.822,57.199
118.346,74.314,47.822,57.199
117.313,76.586,47.822,57.199
116.280,77.619,47.822,57.199
115.661,78.238,47.822,57.199
115.041,79.271,47.822,57.199
114.422,79.890,47.822,57.199
113.389,79.271,47.822,57.199
113.183,79.890,47.822,57.199
112.976,78.858,47.822,57.199
113.596,79.064,47.822,57.199
112.976,79.271,47.822,57.199
112.770,79.477,47.822,57.199
111.737,78.445,47.822,57.199
111.530,77.412,47.822,57.199
110.085,76.793,47.822,57.199
109.465,76.173,47.822,57.199
107.436,75.326,48.880,58.464
105.958,74.693,48.880,58.464
104.481,74.059,48.880,58.464
103.425,73.004,48.880,58.464
101.525,72.371,48.880,58.464
100.048,72.159,48.880,58.464
97.726,71.104,48.880,58.464
95.826,70.471,48.880,58.464
94.348,69.837,48.880,58.464
93.293,68.360,48.880,58.464
91.815,68.149,48.880,58.464
89.915,67.515,48.880,58.464
89.282,67.304,48.880,58.464
88.226,66.671,48.880,58.464
86.749,66.882,48.880,58.464
84.849,65.404,48.880,58.464
84.215,65.615,48.880,58.464
83.160,65.404,48.880,58.464
81.682,64.771,48.880,58.464
79.782,63.716,48.880,58.464
78.727,65.615,48.880,58.464
77.671,64.982,48.880,58.464
76.194,64.349,48.880,58.464
75.983,65.404,48.880,58.464
74.785,65.415,49.962,59.758
72.843,65.199,49.962,59.758
72.962,64.762,51.067,61.080
71.859,64.100,51.067,61.080
72.080,64.762,51.067,61.080
89.502,67.629,51.067,61.080
88.841,67.849,51.067,61.080
87.738,68.070,51.067,61.080
86.194,68.290,51.067,61.080
84.651,68.952,51.067,61.080
82.666,68.290,51.067,61.080
80.681,69.393,51.067,61.080
78.696,69.614,51.067,61.080
77.152,68.952,51.067,61.080
75.608,69.614,51.067,61.080
74.065,68.952,51.067,61.080
73.844,69.614,51.067,61.080
72.741,68.952,51.067,61.080
71.639,69.614,51.067,61.080
72.300,69.393,51.067,61.080
72.521,70.937,51.067,61.080
72.300,69.834,51.067,61.080
75.167,69.614,51.067,61.080
76.270,68.511,51.067,61.080
78.696,68.290,51.067,61.080
79.799,68.511,51.067,61.080
80.901,66.967,51.067,61.080
82.004,67.629,51.067,61.080
82.666,65.644,51.067,61.080
64.802,53.514,51.067,61.080
63.699,50.647,51.067,61.080
65.243,48.662,51.067,61.080
66.787,46.677,51.067,61.080
67.007,44.692,51.067,61.080
68.992,43.149,51.067,61.080
69.654,42.487,51.067,61.080
70.756,40.943,51.067,61.080
71.859,40.723,51.067,61.080
72.962,39.620,51.067,61.080
74.947,38.517,51.067,61.080
76.490,37.856,51.067,61.080
78.034,37.635,51.067,61.080
80.460,36.973,51.067,61.080
82.886,37.194,51.067,61.080
84.430,37.415,51.067,61.080
86.856,38.076,51.067,61.080
88.400,38.297,51.067,61.080
90.385,39.399,51.067,61.080
92.369,40.943,51.067,61.080
94.354,41.605,51.067,61.080
95.457,42.707,51.067,61.080
97.001,44.251,51.067,61.080
98.104,46.236,51.067,61.080
99.206,47.780,51.067,61.080
99.868,48.883,51.067,61.080
100.529,50.868,51.067,61.080
100.750,52.852,51.067,61.080
101.412,54.396,51.067,61.080
102.514,57.263,51.067,61.080
101.853,59.248,51.067,61.080
102.514,61.674,51.067,61.080
102.294,63.218,51.067,61.080
102.955,66.085,51.067,61.080
103.176,68.511,51.067,61.080
103.397,70.055,51.067,61.080
104.058,72.922,51.067,61.080
103.838,74.907,51.067,61.080
103.617,76.891,51.067,61.080
103.838,79.317,51.067,61.080
104.058,82.626,51.067,61.080
104.720,84.610,51.067,61.080
104.058,87.477,51.067,61.080
104.720,89.903,51.067,61.080
104.499,93.212,51.067,61.080
104.279,96.079,51.067,61.080
104.940,98.505,51.067,61.080
104.279,100.489,51.067,61.080
104.499,102.915,51.067,61.080
103.397,105.782,51.067,61.080
103.617,108.649,51.067,61.080
102.514,110.634,51.067,61.080
102.294,113.060,51.067,61.080
102.955,115.486,51.067,61.080
102.735,117.030,51.067,61.080
102.217,120.870,49.978,59.777
103.296,122.812,49.978,59.777
103.512,124.323,49.978,59.777
102.432,127.129,49.978,59.777
103.943,128.640,49.978,59.777
103.727,130.583,49.978,59.777
104.375,132.957,49.978,59.777
105.454,134.036,49.978,59.777
106.102,135.979,49.978,59.777
106.749,137.921,49.978,59.777
108.260,137.705,49.978,59.777
107.181,140.511,49.978,59.777
111.666,142.189,48.912,58.503
110.188,143.667,48.912,58.503
114.171,143.273,47.869,57.255
113.685,146.873,46.848,56.034
115.159,147.275,45.849,54.839
114.694,150.341,44.871,53.670
115.663,149.759,44.871,53.670
114.694,151.504,44.871,53.670
114.113,153.248,44.871,53.670
113.919,151.891,44.871,53.670
113.337,153.248,44.871,53.670
112.368,152.666,44.871,53.670
112.175,151.697,44.871,53.670
110.818,153.054,44.871,53.670
112.175,152.085,44.871,53.670
109.869,154.507,45.864,54.857
110.067,153.120,45.864,54.857
109.765,151.075,46.879,56.071
107.776,153.185,47.916,57.311
107.569,150.909,47.916,57.311
106.534,148.633,47.916,57.311
105.500,146.770,47.916,57.311
105.293,144.494,47.916,57.311
105.086,142.218,47.916,57.311
105.397,140.635,46.894,56.089
105.600,137.597,46.894,56.089
104.992,133.344,46.894,56.089
106.005,128.281,46.894,56.089
107.018,123.218,46.894,56.089
106.542,121.279,45.894,54.893
106.343,118.306,45.894,54.893
105.749,115.332,45.894,54.893
104.758,112.359,45.894,54.893
106.542,108.990,45.894,54.893
108.368,106.328,44.916,53.723
110.904,103.722,43.958,52.577
114.117,101.904,43.020,51.456
116.904,101.199,42.103,50.358
119.982,100.159,41.205,49.284
122.308,99.141,40.326,48.233
122.234,98.480,39.466,47.205
124.462,97.176,38.625,46.198
125.999,96.865,37.801,45.213
128.448,96.560,36.995,44.249
131.803,95.761,36.995,44.249
133.560,96.241,36.995,44.249
135.637,95.442,36.995,44.249
137.395,96.241,36.995,44.249
140.111,95.122,36.995,44.249
141.194,94.135,37.813,45.228
111.464,101.598,38.650,46.229
112.942,101.606,39.505,47.251
114.806,99.490,40.379,48.297
116.349,99.861,41.273,49.365
118.310,98.257,41.273,49.365
120.627,98.265,42.186,50.458
122.267,97.354,42.186,50.458
124.635,95.715,42.186,50.458
126.626,96.102,43.119,51.574
128.274,94.179,44.073,52.715
129.959,92.608,45.048,53.881
132.488,91.003,46.045,55.073
133.880,91.202,46.045,55.073
136.863,91.401,46.045,55.073
139.448,91.599,46.045,55.073
141.635,90.605,46.045,55.073
143.823,91.599,46.045,55.073
145.612,92.594,46.045,55.073
146.607,93.588,46.045,55.073
147.999,94.582,46.045,55.073
148.993,95.576,46.045,55.073
150.783,96.968,46.045,55.073
152.572,98.758,46.045,55.073
153.964,100.548,46.045,55.073
155.754,102.735,46.045,55.073
155.157,105.320,46.045,55.073
156.947,108.303,46.045,55.073
158.339,110.888,46.045,55.073
157.742,113.076,46.045,55.073
159.930,115.661,46.045,55.073
161.719,117.053,46.045,55.073
163.111,118.445,46.045,55.073
161.111,120.374,45.063,53.899
162.473,118.233,45.063,53.899
161.265,117.870,44.102,52.750
162.979,115.774,44.102,52.750
163.932,112.918,44.102,52.750
164.884,109.680,44.102,52.750
165.456,106.061,44.102,52.750
165.646,102.823,44.102,52.750
166.217,99.585,44.102,52.750
166.789,96.728,44.102,52.750
167.360,94.252,44.102,52.750
167.931,91.395,44.102,52.750
165.455,90.443,44.102,52.750
166.408,87.586,44.102,52.750
167.360,85.491,44.102,52.750
165.265,83.777,44.102,52.750
166.217,81.301,44.102,52.750
166.408,78.063,44.102,52.750
166.979,75.587,44.102,52.750
164.884,73.492,44.102,52.750
165.836,70.635,44.102,52.750
166.027,68.540,44.102,52.750
165.075,67.206,44.102,52.750
165.646,65.111,44.102,52.750
163.551,65.683,44.102,52.750
162.979,63.969,44.102,52.750
161.646,64.921,44.102,52.750
159.932,65.111,44.102,52.750
158.980,66.445,44.102,52.750
156.696,68.292,43.162,51.625
158.001,67.360,43.162,51.625
155.205,69.038,43.162,51.625
156.883,68.106,43.162,51.625
154.832,70.156,43.162,51.625
154.646,71.461,43.162,51.625
152.595,73.139,43.162,51.625
150.545,74.071,43.162,51.625
149.240,74.257,43.162,51.625
147.563,74.443,43.162,51.625
148.495,72.766,43.162,51.625
145.699,71.461,43.162,51.625
143.094,71.083,44.117,52.767
140.998,72.036,44.117,52.767
138.521,71.464,44.117,52.767
135.464,69.497,45.093,53.934
132.338,70.315,46.090,55.128
129.144,71.150,47.110,56.347
126.092,73.388,47.110,56.347
123.447,73.592,47.110,56.347
121.616,76.237,47.110,56.347
121.412,76.847,47.110,56.347
123.213,74.324,48.152,57.594
125.054,72.608,49.218,58.868
128.258,70.413,50.307,60.171
132.386,70.630,50.307,60.171
134.341,70.848,50.307,60.171
137.166,72.803,50.307,60.171
137.818,75.193,50.307,60.171
136.297,77.583,50.307,60.171
138.252,75.627,50.307,60.171
137.600,77.148,50.307,60.171
138.252,76.062,50.307,60.171
136.731,76.279,50.307,60.171
137.817,74.324,50.307,60.171
134.559,75.410,50.307,60.171
132.603,76.062,50.307,60.171
130.648,77.148,50.307,60.171
130.865,78.234,50.307,60.171
128.041,80.624,50.307,60.171
128.693,81.276,50.307,60.171
130.648,80.624,50.307,60.171
128.693,81.276,50.307,60.171
126.737,82.797,50.307,60.171
123.913,82.145,50.307,60.171
120.426,82.606,51.420,61.502
116.401,82.617,52.557,62.863
114.359,84.660,52.557,62.863
113.678,86.249,52.557,62.863
113.905,87.838,52.557,62.863
116.401,88.973,52.557,62.863
118.444,90.107,52.557,62.863
120.974,92.309,51.437,61.522
120.452,95.320,50.340,60.210
121.104,98.147,50.340,60.210
122.191,101.408,50.340,60.210
121.973,105.103,50.340,60.210
123.495,110.104,50.340,60.210
125.452,114.234,50.340,60.210
114.364,90.538,50.340,60.210
110.501,90.551,49.266,58.926
110.713,91.615,49.266,58.926
108.373,92.679,49.266,58.926
106.884,93.742,49.266,58.926
107.204,94.166,48.216,57.670
105.746,95.623,48.216,57.670
106.461,95.235,47.187,56.440
104.219,97.069,47.187,56.440
104.919,96.296,46.181,55.236
102.725,97.692,46.181,55.236
103.722,95.897,46.181,55.236
101.529,97.692,46.181,55.236
102.127,96.296,46.181,55.236
99.135,98.091,46.181,55.236
122.470,87.919,46.181,55.236
127.057,89.315,46.181,55.236
127.256,90.711,46.181,55.236
127.855,90.911,46.181,55.236
129.308,89.769,45.196,54.058
129.894,91.136,45.196,54.058
129.699,89.769,45.196,54.058
128.723,90.745,45.196,54.058
130.479,88.598,45.196,54.058
101.426,97.923,46.196,55.254
98.224,95.863,47.218,56.477
99.606,92.911,48.263,57.726
100.231,91.035,48.263,57.726
99.606,88.742,48.263,57.726
100.586,84.428,49.331,59.004
99.946,82.084,49.331,59.004
100.064,78.116,50.422,60.309
99.846,75.285,50.422,60.309
99.514,72.133,51.538,61.643
99.292,69.684,51.538,61.643
98.624,66.791,51.538,61.643
98.847,64.788,51.538,61.643
98.624,62.785,51.538,61.643
97.956,61.226,51.538,61.643
96.843,59.223,51.538,61.643
95.285,57.665,51.538,61.643
92.637,56.291,52.678,63.007
90.134,54.698,52.678,63.007
87.632,54.016,52.678,63.007
84.219,52.423,52.678,63.007
81.717,51.741,52.678,63.007
81.034,51.058,52.678,63.007
80.807,49.466,52.678,63.007
79.044,49.949,53.844,64.401
80.672,47.856,53.844,64.401
79.044,48.088,53.844,64.401
80.207,49.251,53.844,64.401
78.114,48.554,53.844,64.401
78.346,51.111,53.844,64.401
78.475,53.053,55.035,65.826
76.633,55.037,56.253,67.282
76.262,56.561,57.497,68.771
74.028,60.286,57.497,68.771
75.269,58.051,57.497,68.771
74.028,62.272,57.497,68.771
75.269,65.004,57.497,68.771
71.048,64.259,57.497,68.771
72.289,68.480,57.497,68.771
69.061,69.722,57.497,68.771
70.303,69.473,57.497,68.771
66.578,73.695,57.497,68.771
68.317,71.956,57.497,68.771
68.565,73.695,57.497,68.771
69.806,72.453,57.497,68.771
71.048,74.688,57.497,68.771
95.631,73.943,57.497,68.771
99.355,73.695,57.497,68.771
99.107,72.950,57.497,68.771
102.335,72.205,57.497,68.771
102.087,71.460,57.497,68.771
103.825,70.218,57.497,68.771
102.087,69.970,57.497,68.771
88.926,69.722,57.497,68.771
90.665,67.487,57.497,68.771
92.403,65.749,57.497,68.771
94.141,63.017,57.497,68.771
95.879,60.286,57.497,68.771
96.624,58.051,57.497,68.771
97.369,56.313,57.497,68.771
98.114,54.575,57.497,68.771
98.362,53.333,57.497,68.771
98.114,52.092,57.497,68.771
99.355,51.347,57.497,68.771
97.617,51.098,57.497,68.771
98.362,50.353,57.497,68.771
98.114,49.608,57.497,68.771
98.362,49.360,57.497,68.771
97.617,48.119,57.497,68.771
96.872,46.877,57.497,68.771
96.624,45.635,57.497,68.771
95.383,43.897,57.497,68.771
94.638,42.656,57.497,68.771
94.886,40.917,57.497,68.771
94.638,39.179,57.497,68.771
93.396,38.434,57.497,68.771
92.154,37.689,57.497,68.771
92.403,36.448,57.497,68.771
90.168,37.193,57.497,68.771
89.423,36.448,57.497,68.771
87.188,37.193,57.497,68.771
85.947,36.448,57.497,68.771
84.208,36.696,57.497,68.771
82.967,34.958,57.497,68.771
81.229,34.710,57.497,68.771
80.484,33.468,57.497,68.771
78.249,33.220,57.497,68.771
78.497,31.482,57.497,68.771
75.766,29.743,57.497,68.771
75.518,27.509,57.497,68.771
74.276,26.267,57.497,68.771
73.034,24.529,57.497,68.771
73.283,23.784,57.497,68.771
71.545,22.046,57.497,68.771
70.800,21.797,57.497,68.771
71.048,21.053,57.497,68.771
71.296,22.294,57.497,68.771
69.061,22.542,57.497,68.771
70.303,22.294,57.497,68.771
69.558,23.039,57.497,68.771
70.303,23.287,57.497,68.771
69.558,25.026,57.497,68.771
70.303,26.267,57.497,68.771
70.055,28.502,57.497,68.771
71.296,30.737,57.497,68.771
71.545,31.978,57.497,68.771
72.290,34.710,57.497,68.771
73.034,36.448,57.497,68.771
74.773,39.676,57.497,68.771
75.518,40.421,57.497,68.771
76.263,43.649,57.497,68.771
77.007,43.401,57.497,68.771
78.746,45.635,57.497,68.771
79.491,44.890,57.497,68.771
80.732,45.139,57.497,68.771
82.470,45.884,57.497,68.771
84.208,45.139,57.497,68.771
86.443,44.394,57.497,68.771
88.181,43.649,57.497,68.771
90.913,41.911,57.497,68.771
93.148,41.166,57.497,68.771
95.879,39.924,57.497,68.771
98.114,38.186,57.497,68.771
100.845,36.944,57.497,68.771
103.577,35.703,57.497,68.771
105.812,34.461,57.497,68.771
108.046,34.213,57.497,68.771
110.778,32.971,57.497,68.771
112.516,31.730,57.497,68.771
114.254,31.978,57.497,68.771
115.496,32.723,57.497,68.771
118.742,31.302,56.271,67.305
120.044,34.597,55.071,65.869
121.778,33.694,53.897,64.465
123.872,36.255,53.897,64.465
126.915,35.372,52.747,63.090
128.575,38.020,51.622,61.744
131.060,38.464,50.522,60.428
133.491,40.160,49.444,59.139
137.105,38.526,48.390,57.878
138.150,40.407,48.390,57.878
141.285,39.211,47.358,56.644
143.564,41.590,46.348,55.436
146.180,40.058,45.360,54.254
147.230,41.959,44.392,53.097
149.339,42.534,44.392,53.097
149.914,44.259,44.392,53.097
152.407,45.218,44.392,53.097
154.132,45.793,44.392,53.097
155.474,47.902,44.392,53.097
154.899,49.244,44.392,53.097
157.391,49.052,44.392,53.097
156.571,51.651,43.446,51.964
158.635,53.340,43.446,51.964
159.948,55.028,43.446,51.964
161.637,56.342,43.446,51.964
162.575,58.405,43.446,51.964
162.012,60.469,43.446,51.964
162.951,62.158,43.446,51.964
163.513,63.471,43.446,51.964
163.701,65.160,43.446,51.964
163.889,66.473,43.446,51.964
164.452,68.162,43.446,51.964
163.513,69.475,43.446,51.964
163.701,70.038,43.446,51.964
163.138,70.601,43.446,51.964
162.200,71.539,43.446,51.964
160.511,72.102,43.446,51.964
158.823,70.789,43.446,51.964
156.759,72.478,43.446,51.964
155.821,70.414,43.446,51.964
154.132,70.977,43.446,51.964
155.445,69.288,43.446,51.964
151.881,70.226,43.446,51.964
149.066,71.164,43.446,51.964
150.755,68.725,43.446,51.964
146.439,71.164,43.446,51.964
144.207,68.837,44.407,53.114
141.330,71.330,44.407,53.114
141.834,68.156,45.389,54.289
137.717,69.136,45.389,54.289
134.978,66.705,46.394,55.490
131.347,67.547,47.420,56.718
129.760,63.732,48.469,57.973
127.269,62.439,49.542,59.256
124.060,63.081,49.542,59.256
119.738,63.092,50.638,60.567
115.321,63.556,51.758,61.907
112.862,63.780,51.758,61.907
109.275,64.254,52.903,63.276
106.304,64.940,52.903,63.276
103.791,65.168,52.903,63.276
100.821,66.310,52.903,63.276
98.308,67.910,52.903,63.276
96.709,69.052,52.903,63.276
94.196,71.565,52.903,63.276
92.139,72.708,52.903,63.276
90.540,73.850,52.903,63.276
89.398,74.535,52.903,63.276
88.255,74.307,52.903,63.276
86.656,75.906,52.903,63.276
86.308,74.495,54.074,64.676
86.074,75.196,54.074,64.676
86.308,76.830,54.074,64.676
86.541,79.866,54.074,64.676
86.308,83.836,54.074,64.676
88.409,87.806,54.074,64.676
89.577,91.309,54.074,64.676
90.745,94.345,54.074,64.676
92.379,97.848,54.074,64.676
94.948,101.351,54.074,64.676
98.918,104.387,54.074,64.676
101.971,108.002,52.920,63.297
101.742,111.888,52.920,63.297
102.428,114.402,52.920,63.297
103.571,117.373,52.920,63.297
103.033,120.911,51.792,61.947
104.152,124.266,51.792,61.947
104.920,126.436,50.687,60.626
106.093,126.449,49.607,59.333
106.307,124.950,49.607,59.333
106.217,124.137,48.549,58.068
106.426,120.992,48.549,58.068
104.539,116.589,48.549,58.068
103.072,111.347,48.549,58.068
98.669,107.364,48.549,58.068
93.427,102.961,48.549,58.068
90.701,96.880,48.549,58.068
89.653,91.220,48.549,58.068
88.898,85.574,49.623,59.353
88.256,80.216,49.623,59.353
86.755,77.002,49.623,59.353
87.398,73.359,49.623,59.353
86.755,69.715,49.623,59.353
88.256,67.787,49.623,59.353
89.327,65.858,49.623,59.353
92.113,64.358,49.623,59.353
95.756,62.858,49.623,59.353
98.971,62.643,49.623,59.353
102.202,61.764,50.721,60.666
105.925,61.545,50.721,60.666
109.211,63.517,50.721,60.666
112.497,64.612,50.721,60.666
115.344,66.145,50.721,60.666
112.283,68.429,51.843,62.008
113.851,69.996,51.843,62.008
115.368,70.007,52.990,63.380
112.850,72.066,52.990,63.380
114.910,71.380,52.990,63.380
116.512,70.236,52.990,63.380
113.995,72.295,52.990,63.380
116.512,69.778,52.990,63.380
118.538,67.890,54.162,64.782
116.432,66.720,54.162,64.782
118.538,64.615,54.162,64.782
116.432,65.317,54.162,64.782
114.327,66.018,54.162,64.782
111.754,65.317,54.162,64.782
109.649,65.551,54.162,64.782
107.076,65.317,54.162,64.782
103.807,63.872,55.361,66.216
101.177,64.589,55.361,66.216
98.069,64.350,55.361,66.216
94.961,66.502,55.361,66.216
92.331,66.741,55.361,66.216
90.179,68.893,55.361,66.216
88.506,70.088,55.361,66.216
87.310,71.762,55.361,66.216
85.637,72.479,55.361,66.216
85.398,73.674,55.361,66.216
83.545,75.670,56.586,67.681
84.278,76.892,56.586,67.681
84.523,79.092,56.586,67.681
83.790,82.269,56.586,67.681
82.079,83.979,56.586,67.681
82.812,87.645,56.586,67.681
84.034,90.333,56.586,67.681
84.767,93.021,56.586,67.681
85.011,95.709,56.586,67.681
85.146,97.242,57.837,69.178
85.396,94.495,57.837,69.178
85.646,93.246,57.837,69.178
86.395,94.495,57.837,69.178
87.644,93.246,57.837,69.178
88.893,94.495,57.837,69.178
90.641,93.246,57.837,69.178
91.391,94.495,57.837,69.178
92.140,92.247,57.837,69.178
93.389,92.996,57.837,69.178
95.137,92.247,57.837,69.178
97.385,92.996,57.837,69.178
100.133,90.248,57.837,69.178
102.381,90.998,57.837,69.178
99.134,101.239,57.837,69.178
101.881,98.991,57.837,69.178
105.129,96.243,57.837,69.178
107.377,92.496,57.837,69.178
108.625,88.750,57.837,69.178
108.376,86.002,57.837,69.178
107.127,84.254,57.837,69.178
105.878,82.505,57.837,69.178
106.128,79.258,57.837,69.178
102.381,78.009,57.837,69.178
101.632,75.761,57.837,69.178
99.883,73.513,57.837,69.178
98.135,71.765,57.837,69.178
94.888,71.015,57.837,69.178
94.138,70.266,57.837,69.178
90.391,69.017,57.837,69.178
89.642,67.269,57.837,69.178
87.894,65.520,57.837,69.178
88.143,63.772,57.837,69.178
86.395,61.524,57.837,69.178
86.645,59.276,57.837,69.178
87.394,58.027,57.837,69.178
87.144,56.278,57.837,69.178
87.394,55.029,57.837,69.178
88.643,54.280,57.837,69.178
89.892,54.530,57.837,69.178
91.640,54.280,57.837,69.178
93.389,55.529,57.837,69.178
95.637,54.280,57.837,69.178
97.885,54.530,57.837,69.178
99.633,53.780,57.837,69.178
100.882,54.030,57.837,69.178
102.131,53.780,57.837,69.178
102.381,54.030,57.837,69.178
104.629,54.280,57.837,69.178
106.877,54.530,57.837,69.178
109.125,54.280,57.837,69.178
108.875,56.528,57.837,69.178
111.623,57.277,57.837,69.178
108.875,60.025,57.837,69.178
110.624,61.773,57.837,69.178
106.877,64.521,57.837,69.178
109.625,62.772,57.837,69.178
111.373,64.521,57.837,69.178
108.625,66.269,57.837,69.178
111.373,65.520,57.837,69.178
113.621,63.772,57.837,69.178
114.370,64.521,57.837,69.178
116.119,62.772,57.837,69.178
112.372,65.021,57.837,69.178
115.120,63.272,57.837,69.178
113.371,65.021,57.837,69.178
116.119,63.772,57.837,69.178
113.871,65.520,57.837,69.178
117.118,63.272,57.837,69.178
115.869,65.520,57.837,69.178
118.617,63.772,57.837,69.178
116.369,66.020,57.837,69.178
119.116,65.270,57.837,69.178
117.867,67.518,57.837,69.178
120.615,67.269,57.837,69.178
118.367,70.516,57.837,69.178
116.119,73.763,57.837,69.178
116.369,77.010,57.837,69.178
113.621,80.257,57.837,69.178
111.873,83.504,57.837,69.178
112.122,85.253,57.837,69.178
109.375,88.000,57.837,69.178
109.125,89.749,57.837,69.178
107.876,91.497,57.837,69.178
108.126,93.246,57.837,69.178
105.878,95.494,57.837,69.178
107.127,97.242,57.837,69.178
104.379,99.490,57.837,69.178
104.629,100.240,57.837,69.178
102.881,101.489,57.837,69.178
103.130,100.240,57.837,69.178
101.382,99.990,57.837,69.178
101.632,98.241,57.837,69.178
101.881,96.493,57.837,69.178
102.131,93.745,57.837,69.178
101.881,91.497,57.837,69.178
102.631,88.250,57.837,69.178
103.880,87.001,57.837,69.178
104.129,83.754,57.837,69.178
104.879,80.507,57.837,69.178
106.128,77.759,57.837,69.178
103.880,75.511,57.837,69.178
106.128,72.264,57.837,69.178
109.375,69.517,57.837,69.178
113.621,65.270,57.837,69.178
112.372,63.022,57.837,69.178
115.619,59.276,57.837,69.178
112.872,58.027,57.837,69.178
110.624,57.277,57.837,69.178
107.876,57.527,57.837,69.178
106.627,54.779,57.837,69.178
103.380,55.029,57.837,69.178
101.132,53.281,57.837,69.178
97.885,53.031,57.837,69.178
95.637,51.782,57.837,69.178
92.889,51.033,57.837,69.178
90.641,50.283,57.837,69.178
87.894,50.533,57.837,69.178
85.146,49.284,57.837,69.178
82.398,50.533,57.837,69.178
79.651,49.784,57.837,69.178
76.903,51.033,57.837,69.178
74.655,51.782,57.837,69.178
71.908,51.532,57.837,69.178
70.159,52.282,57.837,69.178
68.411,53.531,57.837,69.178
66.662,52.282,57.837,69.178
66.412,53.531,57.837,69.178
65.164,52.282,57.837,69.178
63.915,53.531,57.837,69.178
64.164,53.281,57.837,69.178
63.415,54.530,57.837,69.178
64.164,53.780,57.837,69.178
65.913,54.030,57.837,69.178
70.159,54.779,57.837,69.178
72.907,55.029,57.837,69.178
77.653,56.778,57.837,69.178
80.900,57.527,57.837,69.178
85.146,58.776,57.837,69.178
88.393,60.524,57.837,69.178
92.639,61.274,57.837,69.178
96.886,63.022,57.837,69.178
101.132,63.772,57.837,69.178
104.379,64.521,57.837,69.178
108.126,64.771,57.837,69.178
110.873,66.020,57.837,69.178
109.625,69.267,57.837,69.178
114.370,68.018,57.837,69.178
112.122,70.765,57.837,69.178
116.868,69.517,57.837,69.178
122.114,68.767,57.837,69.178
120.365,71.015,57.837,69.178
126.110,70.765,57.837,69.178
132.355,69.517,57.837,69.178
137.101,68.767,57.837,69.178
136.351,70.516,57.837,69.178
132.105,72.264,57.837,69.178
127.359,74.013,57.837,69.178
128.608,75.262,57.837,69.178
129.357,77.010,57.837,69.178
128.108,78.259,57.837,69.178
127.359,80.507,57.837,69.178
126.610,81.256,57.837,69.178
126.360,83.504,57.837,69.178
125.111,84.753,57.837,69.178
123.862,87.501,57.837,69.178
125.111,89.249,57.837,69.178
122.863,92.996,57.837,69.178
122.613,95.244,57.837,69.178
122.363,96.992,57.837,69.178
122.114,96.743,57.837,69.178
121.364,98.491,57.837,69.178
124.112,95.744,57.837,69.178
122.363,98.491,57.837,69.178
124.611,96.243,57.837,69.178
122.863,100.489,57.837,69.178
121.794,103.875,56.604,67.703
121.220,106.247,55.397,66.259
122.895,104.572,55.397,66.259
121.871,107.815,54.216,64.846
122.573,106.176,54.216,64.846
121.871,105.942,54.216,64.846
123.510,103.835,54.216,64.846
122.808,103.132,54.216,64.846
122.105,104.303,54.216,64.846
123.276,101.259,54.216,64.846
123.510,99.152,54.216,64.846
124.681,96.576,54.216,64.846
123.228,98.396,53.059,63.463
123.457,95.875,53.059,63.463
123.228,94.271,53.059,63.463
122.082,95.417,53.059,63.463
120.936,96.563,53.059,63.463
122.999,94.959,53.059,63.463
121.395,97.479,53.059,63.463
122.082,98.625,53.059,63.463
123.686,100.229,53.059,63.463
125.714,98.814,54.233,64.867
128.759,98.111,54.233,64.867
130.398,98.345,54.233,64.867
132.506,95.301,54.233,64.867
129.930,95.535,54.233,64.867
128.291,93.427,54.233,64.867
125.714,93.661,54.233,64.867
125.480,91.085,54.233,64.867
122.220,92.454,53.077,63.484
120.157,93.141,53.077,63.484
118.094,91.537,53.077,63.484
115.115,92.224,53.077,63.484
112.593,91.537,53.077,63.484
109.613,92.224,53.077,63.484
106.423,92.239,51.945,62.130
103.301,92.252,50.837,60.805
99.399,92.266,49.753,59.509
95.167,93.522,48.692,58.240
92.240,95.156,47.654,56.998
89.376,93.979,46.637,55.782
86.961,93.214,45.643,54.593
89.130,89.469,45.643,54.593
90.510,86.118,45.643,54.593
89.130,84.344,45.643,54.593
88.286,85.496,44.670,53.428
89.193,82.303,45.658,54.610
87.024,84.472,45.658,54.610
89.588,81.120,45.658,54.610
87.813,82.895,45.658,54.610
90.376,79.543,45.658,54.610
88.602,81.712,45.658,54.610
91.165,78.360,45.658,54.610
91.757,79.346,45.658,54.610
90.376,79.937,45.658,54.610
92.151,77.374,45.658,54.610
91.954,78.360,45.658,54.610
91.757,77.374,45.658,54.610
90.376,77.965,45.658,54.610
90.968,76.191,45.658,54.610
89.193,77.177,45.658,54.610
90.179,75.402,45.658,54.610
87.616,75.993,45.658,54.610
89.785,74.219,45.658,54.610
87.616,74.022,45.658,54.610
88.602,72.641,45.658,54.610
86.433,72.839,45.658,54.610
87.024,70.670,45.658,54.610
85.644,71.261,45.658,54.610
85.053,69.486,45.658,54.610
84.461,69.684,45.658,54.610
83.475,68.698,45.658,54.610
84.067,66.529,45.658,54.610
82.292,67.909,45.658,54.610
78.546,68.895,45.658,54.610
76.771,70.275,45.658,54.610
75.785,72.839,45.658,54.610
72.661,78.172,44.684,53.446
71.091,82.276,43.731,52.306
73.196,84.108,42.799,51.191
75.256,82.694,41.886,50.099
79.364,82.357,40.993,49.031
83.789,81.471,40.993,49.031
87.507,79.524,40.993,49.031
90.517,76.514,40.993,49.031
93.172,73.859,40.993,49.031
96.576,70.194,41.900,50.115
100.055,66.073,42.827,51.224
102.843,61.860,43.774,52.358
104.517,58.339,44.743,53.516
105.024,55.141,45.733,54.700
105.952,51.872,46.745,55.910
105.645,48.949,47.779,57.147
104.902,46.390,48.836,58.412
105.894,44.650,49.916,59.704
106.012,42.871,51.021,61.025
106.673,42.210,51.021,61.025
107.334,41.990,51.021,61.025
109.317,41.329,51.021,61.025
110.419,41.990,51.021,61.025
111.521,40.888,51.021,61.025
110.860,41.109,51.021,61.025
112.843,41.770,51.021,61.025
113.945,42.431,51.021,61.025
115.046,43.092,51.021,61.025
115.707,43.753,51.021,61.025
116.809,44.414,51.021,61.025
117.911,45.956,51.021,61.025
119.013,47.058,51.021,61.025
121.877,45.515,51.021,61.025
121.657,48.380,51.021,61.025
123.199,50.804,51.021,61.025
124.741,51.905,51.021,61.025
125.843,53.448,51.021,61.025
126.879,54.830,52.150,62.375
124.402,56.857,52.150,62.375
128.230,53.479,52.150,62.375
130.708,50.101,52.150,62.375
127.329,52.128,52.150,62.375
124.852,53.254,52.150,62.375
124.176,51.227,52.150,62.375
121.699,53.254,52.150,62.375
120.123,51.677,52.150,62.375
118.546,51.902,52.150,62.375
116.969,50.776,52.150,62.375
115.393,51.001,52.150,62.375
113.816,51.227,52.150,62.375
111.339,51.452,52.150,62.375
109.312,50.776,52.150,62.375
106.835,51.902,52.150,62.375
103.456,53.479,52.150,62.375
99.628,55.055,52.150,62.375
96.700,57.983,52.150,62.375
94.223,60.010,52.150,62.375
92.196,61.136,52.150,62.375
90.169,62.713,52.150,62.375
88.592,63.839,52.150,62.375
86.565,64.965,52.150,62.375
84.989,66.541,52.150,62.375
82.962,68.568,52.150,62.375
81.385,71.046,52.150,62.375
79.809,74.424,52.150,62.375
77.782,76.451,52.150,62.375
78.007,78.928,52.150,62.375
76.881,81.406,52.150,62.375
76.656,82.982,52.150,62.375
75.980,85.460,52.150,62.375
76.656,86.135,52.150,62.375
77.331,88.162,52.150,62.375
79.809,87.036,52.150,62.375
80.935,88.613,52.150,62.375
82.962,87.487,52.150,62.375
84.088,89.063,52.150,62.375
85.664,89.288,52.150,62.375
86.340,89.063,52.150,62.375
88.367,88.838,52.150,62.375
89.493,88.162,52.150,62.375
89.832,88.176,51.038,61.045
91.375,87.956,51.038,61.045
92.477,87.295,51.038,61.045
93.579,86.633,51.038,61.045
93.799,85.531,51.038,61.045
94.901,83.988,51.038,61.045
96.004,82.886,51.038,61.045
97.106,80.903,51.038,61.045
97.767,78.478,51.038,61.045
97.546,76.053,51.038,61.045
98.125,73.320,52.167,62.396
99.252,70.391,52.167,62.396
99.928,67.913,52.167,62.396
100.603,66.787,52.167,62.396
102.180,66.111,52.167,62.396
105.109,66.787,52.167,62.396
107.587,67.012,52.167,62.396
109.164,68.589,52.167,62.396
112.093,69.715,52.167,62.396
113.670,70.842,52.167,62.396
114.797,71.968,52.167,62.396
116.374,72.644,52.167,62.396
117.951,72.869,52.167,62.396
118.176,73.095,52.167,62.396
118.852,73.771,52.167,62.396
119.077,73.545,52.167,62.396
119.303,73.320,52.167,62.396
119.979,73.095,52.167,62.396
120.654,74.221,52.167,62.396
122.682,76.249,52.167,62.396
126.061,78.727,52.167,62.396
130.793,80.304,52.167,62.396
136.425,82.332,52.167,62.396
142.057,85.711,52.167,62.396
146.338,90.442,52.167,62.396
149.717,94.723,52.167,62.396
153.096,98.553,52.167,62.396
158.647,102.475,51.054,61.065
164.504,104.189,49.966,59.763
169.899,105.699,49.966,59.763
173.999,106.347,49.966,59.763
178.099,108.289,49.966,59.763
180.472,108.936,49.966,59.763
182.877,111.029,48.900,58.488
185.622,112.085,48.900,58.488
188.790,113.727,47.857,57.241
191.492,113.739,46.837,56.020
191.406,115.311,45.838,54.826
190.941,116.087,44.860,53.657
190.486,116.472,43.904,52.512
190.040,116.849,42.967,51.392
188.370,117.406,42.967,51.392
188.184,116.107,42.967,51.392
186.675,117.549,42.051,50.296
186.130,117.731,42.051,50.296
184.859,117.913,42.051,50.296
185.404,116.641,42.051,50.296
183.927,118.753,41.154,49.224
183.852,119.792,40.277,48.174
185.069,119.966,40.277,48.174
184.325,120.647,39.418,47.147
184.495,121.158,39.418,47.147
185.687,120.307,39.418,47.147
185.176,121.158,39.418,47.147
185.687,120.307,39.418,47.147
185.615,121.958,38.577,46.141
186.448,121.458,38.577,46.141
185.948,121.625,38.577,46.141
186.781,121.458,38.577,46.141
186.281,121.625,38.577,46.141
185.448,122.124,38.577,46.141
185.282,122.624,38.577,46.141
185.115,121.791,38.577,46.141
185.948,122.291,38.577,46.141
185.557,123.586,37.755,45.157
186.372,123.097,37.755,45.157
185.557,123.260,37.755,45.157
186.046,123.097,37.755,45.157
185.231,123.260,37.755,45.157
186.372,123.423,37.755,45.157
185.883,123.912,37.755,45.157
185.720,124.401,37.755,45.157
185.883,123.586,37.755,45.157
185.720,124.401,37.755,45.157
186.209,123.586,37.755,45.157
186.454,124.853,36.949,44.194
187.571,125.013,36.949,44.194
186.135,124.215,36.949,44.194
186.933,124.375,36.949,44.194
186.454,124.534,36.949,44.194
187.252,124.375,36.949,44.194
186.454,124.853,36.949,44.194
186.933,125.013,36.949,44.194
186.135,123.896,36.949,44.194
186.375,125.751,36.162,43.252
187.156,124.970,36.162,43.252
186.375,125.751,36.162,43.252
187.468,125.283,36.162,43.252
187.000,126.376,36.162,43.252
186.531,124.970,36.162,43.252
187.312,126.064,36.162,43.252
186.844,126.220,36.162,43.252
