232.000,88.000,76.000,84.000
240.501,92.093,76.000,84.000
250.262,96.816,76.000,84.000
258.134,102.169,76.000,84.000
266.005,104.373,76.000,84.000
274.506,106.577,76.000,84.000
284.267,108.781,76.000,84.000
292.768,111.615,76.000,84.000
299.345,114.635,74.379,82.209
303.967,118.024,74.379,82.209
309.822,120.181,74.379,82.209
311.979,118.024,74.379,82.209
312.287,115.251,74.379,82.209
306.432,110.012,74.379,82.209
294.415,104.774,74.379,82.209
282.397,99.535,74.379,82.209
267.298,94.913,74.379,82.209
253.431,92.140,74.379,82.209
245.111,89.983,74.379,82.209
238.214,86.836,76.025,84.028
231.599,87.151,76.025,84.028
226.245,86.206,76.025,84.028
220.261,86.521,76.025,84.028
216.796,89.355,76.025,84.028
214.321,93.327,77.707,85.887
223.657,98.800,77.707,85.887
230.418,104.273,77.707,85.887
242.329,108.458,77.707,85.887
256.173,111.356,77.707,85.887
268.084,105.883,77.707,85.887
276.133,101.698,77.707,85.887
286.756,99.444,77.707,85.887
292.229,98.478,77.707,85.887
294.483,105.239,77.707,85.887
292.229,112.643,77.707,85.887
285.469,116.185,77.707,85.887
279.996,117.794,77.707,85.887
272.591,114.897,77.707,85.887
265.831,113.287,77.707,85.887
251.344,110.390,77.707,85.887
244.138,104.430,79.426,87.787
236.570,90.938,79.426,87.787
223.742,83.481,81.184,89.729
217.610,76.556,82.980,91.714
225.517,73.462,82.980,91.714
248.550,76.556,82.980,91.714
279.146,77.587,82.980,91.714
308.367,77.931,82.980,91.714
330.713,78.275,82.980,91.714
342.745,79.994,82.980,91.714
345.839,84.463,82.980,91.714
339.307,88.932,82.980,91.714
327.275,94.089,82.980,91.714
309.742,101.308,82.980,91.714
286.709,105.090,82.980,91.714
263.676,106.808,82.980,91.714
239.268,107.152,82.980,91.714
221.047,109.559,82.980,91.714
205.577,110.590,82.980,91.714
179.106,108.184,82.980,91.714
169.824,109.215,82.980,91.714
161.917,104.058,82.980,91.714
157.448,96.839,82.980,91.714
171.543,82.056,82.980,91.714
189.764,68.649,82.980,91.714
206.609,58.679,82.980,91.714
231.017,52.148,82.980,91.714
256.849,47.923,84.816,93.744
281.066,48.709,86.692,95.818
287.890,52.660,86.692,95.818
282.502,55.892,86.692,95.818
279.988,62.716,86.692,95.818
285.364,70.226,88.610,97.938
296.744,74.999,88.610,97.938
313.264,77.569,88.610,97.938
330.518,77.936,88.610,97.938
346.303,75.366,88.610,97.938
359.886,68.391,88.610,97.938
360.988,60.682,88.610,97.938
346.671,52.238,88.610,97.938
331.598,48.489,90.571,100.105
325.970,46.613,90.571,100.105
307.584,43.986,90.571,100.105
278.163,47.161,92.575,102.319
255.253,51.202,94.623,104.583
233.693,57.866,94.623,104.583
215.268,62.962,94.623,104.583
200.763,66.490,94.623,104.583
190.179,62.962,94.623,104.583
174.106,66.490,94.623,104.583
160.386,60.610,94.623,104.583
145.881,57.082,94.623,104.583
135.177,54.041,92.605,102.353
123.284,50.588,92.605,102.353
114.460,50.972,92.605,102.353
109.472,54.425,92.605,102.353
112.158,59.412,92.605,102.353
117.145,63.632,92.605,102.353
124.435,68.620,92.605,102.353
134.026,72.840,92.605,102.353
146.687,73.991,92.605,102.353
159.347,77.444,92.605,102.353
171.458,79.894,94.654,104.617
175.700,84.839,96.748,106.932
172.551,89.894,98.889,109.298
170.181,91.660,101.077,111.716
174.711,84.777,103.313,114.188
177.565,83.957,105.599,116.714
177.758,86.751,107.935,119.297
181.668,90.535,110.323,121.936
187.560,87.763,112.764,124.634
194.553,82.992,115.259,127.391
214.130,83.469,115.259,127.391
249.944,87.767,115.259,127.391
274.926,89.826,117.809,130.210
309.575,83.828,120.416,133.091
326.358,79.767,123.080,136.036
332.987,76.198,123.080,136.036
341.655,75.688,123.080,136.036
351.344,76.198,123.080,136.036
352.874,77.728,123.080,136.036
348.284,78.238,123.080,136.036
343.695,82.827,123.080,136.036
339.106,83.337,123.080,136.036
335.537,82.827,123.080,136.036
334.007,80.277,123.080,136.036
336.794,76.322,120.455,133.135
335.673,70.526,117.886,130.295
329.869,64.854,115.372,127.517
319.831,58.641,115.372,127.517
307.882,55.295,115.372,127.517
284.461,55.773,115.372,127.517
259.128,53.383,115.372,127.517
233.795,55.773,115.372,127.517
215.154,54.339,115.372,127.517
203.204,57.685,115.372,127.517
195.079,61.031,115.372,127.517
185.997,63.420,115.372,127.517
168.312,65.810,115.372,127.517
156.363,66.288,115.372,127.517
141.468,72.716,112.912,124.797
133.516,71.312,112.912,124.797
121.821,75.522,112.912,124.797
105.449,77.861,112.912,124.797
92.818,75.522,112.912,124.797
86.737,75.990,112.912,124.797
92.818,71.780,112.912,124.797
107.098,69.955,110.504,122.136
123.121,66.750,110.504,122.136
137.313,67.208,110.504,122.136
156.515,67.282,112.949,124.838
183.187,65.878,112.949,124.838
203.309,64.474,112.949,124.838
220.622,62.134,112.949,124.838
237.000,58.859,112.949,124.838
258.993,53.711,112.949,124.838
282.504,45.048,115.448,127.600
300.792,38.572,112.986,124.879
306.960,34.038,110.577,122.216
307.418,31.747,110.577,122.216
301.462,34.954,110.577,122.216
295.507,34.496,110.577,122.216
280.389,28.540,110.577,122.216
271.685,24.417,110.577,122.216
258.400,32.205,110.577,122.216
239.617,44.574,110.577,122.216
230.913,55.111,110.577,122.216
217.628,59.234,110.577,122.216
206.175,61.524,110.577,122.216
188.309,63.815,110.577,122.216
167.852,64.677,108.219,119.610
149.560,67.248,105.911,117.059
140.345,65.054,105.911,117.059
135.519,66.371,105.911,117.059
135.080,66.810,105.911,117.059
136.396,65.493,105.911,117.059
142.101,66.810,105.911,117.059
156.580,68.126,105.911,117.059
188.611,68.565,105.911,117.059
211.866,64.616,105.911,117.059
228.101,60.667,105.911,117.059
233.805,55.840,105.911,117.059
227.224,53.646,105.911,117.059
217.780,51.934,103.652,114.563
206.186,53.222,103.652,114.563
200.255,49.063,101.442,112.120
208.222,44.992,99.278,109.729
225.908,40.468,99.278,109.729
236.878,45.999,97.161,107.389
246.941,60.088,97.161,107.389
255.394,76.591,97.161,107.389
261.419,89.185,99.311,109.765
256.071,91.242,99.311,109.765
254.353,88.844,97.193,107.424
265.093,87.272,95.121,105.133
274.944,82.937,95.121,105.133
279.377,78.361,93.092,102.891
265.129,74.625,91.107,100.697
253.428,71.983,91.107,100.697
247.011,64.812,91.107,100.697
243.614,56.130,91.107,100.697
228.139,49.714,91.107,100.697
211.154,53.866,91.107,100.697
207.002,61.792,91.107,100.697
211.909,70.473,91.107,100.697
216.815,76.135,91.107,100.697
227.006,71.983,91.107,100.697
231.913,66.322,91.107,100.697
228.516,61.415,91.107,100.697
223.609,59.527,91.107,100.697
213.418,62.170,91.107,100.697
207.002,67.831,91.107,100.697
201.686,74.941,93.123,102.925
195.453,92.615,95.183,105.202
206.100,101.685,95.183,105.202
222.267,96.558,95.183,105.202
241.590,87.489,95.183,105.202
262.490,72.898,95.183,105.202
280.665,58.233,97.289,107.530
297.191,48.963,97.289,107.530
310.492,43.723,97.289,107.530
316.538,48.157,97.289,107.530
307.267,57.427,97.289,107.530
290.742,72.340,97.289,107.530
273.520,86.307,95.214,105.237
247.091,90.646,95.214,105.237
233.285,84.729,95.214,105.237
228.157,77.235,95.214,105.237
234.863,70.529,95.214,105.237
248.669,74.079,95.214,105.237
252.936,79.054,97.321,107.565
258.134,83.302,99.474,109.945
242.062,84.538,99.474,109.945
221.044,78.356,99.474,109.945
201.558,80.133,101.675,112.377
181.641,81.949,103.924,114.864
172.004,83.805,106.224,117.405
177.678,79.310,108.574,120.003
193.744,72.849,110.976,122.658
214.433,67.792,110.976,122.658
238.217,69.543,108.610,120.042
257.565,73.593,108.610,120.042
280.513,76.742,108.610,120.042
302.561,78.092,108.610,120.042
309.296,81.899,111.012,122.698
296.139,86.745,113.469,125.413
273.912,91.698,115.979,128.187
251.193,94.767,118.545,131.024
230.009,96.884,121.168,133.922
192.733,95.923,123.849,136.886
183.378,87.489,126.589,139.914
188.098,81.720,126.589,139.914
195.964,78.049,126.589,139.914
209.076,71.231,126.589,139.914
235.822,65.462,126.589,139.914
262.569,58.644,126.589,139.914
280.925,50.777,126.589,139.914
275.703,47.720,123.889,136.930
266.978,51.312,123.889,136.930
266.815,56.236,121.247,134.010
275.354,60.756,121.247,134.010
287.912,63.268,121.247,134.010
303.484,58.747,121.247,134.010
308.918,50.490,123.930,136.975
311.275,35.657,126.672,140.006
308.241,27.030,129.475,143.104
309.591,29.343,132.339,146.270
312.109,37.395,135.267,149.506
314.911,46.922,135.267,149.506
311.670,53.989,138.260,152.814
306.515,56.853,138.260,152.814
300.214,53.989,138.260,152.814
297.350,51.125,138.260,152.814
299.069,41.387,138.260,152.814
300.787,24.776,138.260,152.814
303.651,1.291,138.260,152.814
306.281,-14.068,141.319,156.195
298.670,-24.021,141.319,156.195
289.888,-30.461,141.319,156.195
281.802,-24.845,138.305,152.864
273.207,-12.813,138.305,152.864
268.607,-2.898,135.356,149.604
266.266,10.047,132.469,146.414
261.327,31.451,132.469,146.414
253.095,42.976,132.469,146.414
260.229,64.379,132.469,146.414
257.485,69.319,132.469,146.414
250.351,74.258,132.469,146.414
234.307,77.406,129.645,143.291
216.583,73.646,129.645,143.291
197.775,69.480,126.880,140.236
179.368,63.375,124.174,137.245
171.652,58.745,124.174,137.245
177.311,51.029,124.174,137.245
186.072,46.046,121.526,134.318
197.559,43.111,118.934,131.454
204.950,43.603,118.934,131.454
208.593,41.680,116.398,128.651
199.430,43.127,116.398,128.651
193.161,46.503,116.398,128.651
192.679,46.985,116.398,128.651
197.019,41.680,116.398,128.651
202.444,36.080,113.916,125.907
204.803,29.945,113.916,125.907
205.275,24.754,113.916,125.907
160.437,-42.741,116.436,128.693
155.131,-47.082,116.436,128.693
159.472,-50.459,116.436,128.693
163.968,-51.412,113.953,125.948
165.385,-49.995,113.953,125.948
161.136,-50.468,113.953,125.948
156.887,-48.107,113.953,125.948
157.359,-50.468,113.953,125.948
158.775,-48.107,113.953,125.948
158.303,-49.523,113.953,125.948
159.719,-47.163,113.953,125.948
160.191,-48.579,113.953,125.948
156.887,-46.219,113.953,125.948
158.303,-47.635,113.953,125.948
154.054,-45.274,113.953,125.948
155.470,-46.691,113.953,125.948
157.638,-47.594,116.474,128.735
160.051,-50.007,116.474,128.735
152.813,-46.629,116.474,128.735
151.365,-49.042,116.474,128.735
155.708,-49.524,116.474,128.735
160.051,-50.972,116.474,128.735
163.429,-51.455,116.474,128.735
161.981,-51.937,116.474,128.735
160.898,-48.239,113.991,125.990
161.658,-49.172,111.560,123.303
161.196,-46.861,111.560,123.303
159.809,-48.247,111.560,123.303
158.423,-48.709,111.560,123.303
155.187,-44.550,111.560,123.303
156.574,-46.861,111.560,123.303
157.961,-46.398,111.560,123.303
163.045,-48.709,111.560,123.303
166.280,-48.247,111.560,123.303
163.045,-48.709,111.560,123.303
159.809,-46.398,111.560,123.303
155.650,-45.936,111.560,123.303
152.414,-44.550,111.560,123.303
153.578,-48.311,114.028,126.031
152.161,-46.894,114.028,126.031
155.310,-49.759,116.551,128.819
155.793,-48.310,116.551,128.819
161.105,-52.656,116.551,128.819
162.553,-49.276,116.551,128.819
166.774,-55.210,119.130,131.669
168.255,-51.755,119.130,131.669
170.723,-54.222,119.130,131.669
172.203,-51.755,119.130,131.669
171.710,-55.210,119.130,131.669
