125.000,162.000,74.000,55.000
124.240,162.253,74.000,55.000
124.494,162.507,74.000,55.000
124.747,162.760,74.000,55.000
123.987,163.013,74.000,55.000
124.240,162.253,74.000,55.000
124.494,162.507,74.000,55.000
124.747,162.760,74.000,55.000
123.987,162.507,74.000,55.000
124.240,162.253,74.000,55.000
124.494,162.000,74.000,55.000
124.747,161.747,74.000,55.000
123.987,162.507,74.000,55.000
124.240,162.253,74.000,55.000
124.494,162.000,74.000,55.000
124.747,161.747,74.000,55.000
123.987,162.506,74.000,55.000
124.240,162.253,74.000,55.000
124.494,162.000,74.000,55.000
124.747,162.760,74.000,55.000
123.987,162.506,74.000,55.000
124.240,162.253,74.000,55.000
124.494,162.000,74.000,55.000
124.747,162.760,74.000,55.000
123.987,162.506,74.000,55.000
124.240,162.253,74.000,55.000
124.494,162.000,74.000,55.000
124.747,162.760,74.000,55.000
123.987,162.506,74.000,55.000
124.240,162.253,74.000,55.000
124.494,162.000,74.000,55.000
124.747,162.760,74.000,55.000
123.987,162.506,74.000,55.000
124.240,162.253,74.000,55.000
124.494,162.000,74.000,55.000
124.747,162.760,74.000,55.000
123.987,162.506,74.000,55.000
124.240,162.253,74.000,55.000
124.494,162.000,74.000,55.000
124.747,162.760,74.000,55.000
123.987,162.506,74.000,55.000
124.240,162.253,74.000,55.000
123.987,161.493,74.000,55.000
123.734,161.747,74.000,55.000
122.974,161.493,74.000,55.000
123.734,161.240,74.000,55.000
123.481,160.480,74.000,55.000
124.747,160.734,74.000,55.000
123.987,160.480,74.000,55.000
124.747,159.721,74.000,55.000
124.494,159.974,74.000,55.000
125.760,160.227,74.000,55.000
125.000,159.467,74.000,55.000
125.253,159.721,74.000,55.000
125.507,160.480,74.000,55.000
124.747,159.721,74.000,55.000
125.507,160.480,74.000,55.000
124.747,159.721,74.000,55.000
125.507,159.974,74.000,55.000
125.253,160.227,74.000,55.000
126.013,159.467,74.000,55.000
125.760,159.721,74.000,55.000
125.507,159.974,74.000,55.000
125.253,160.227,74.000,55.000
126.520,159.467,74.000,55.000
125.253,159.214,74.000,55.000
126.520,159.467,74.000,55.000
125.760,159.214,74.000,55.000
126.013,158.961,74.000,55.000
126.266,159.721,74.000,55.000
127.026,158.961,74.000,55.000
126.773,158.201,74.000,55.000
127.026,156.429,74.000,55.000
127.786,155.669,74.000,55.000
128.039,154.403,74.000,55.000
129.305,153.643,74.000,55.000
130.065,152.883,74.000,55.000
130.825,152.123,74.000,55.000
131.585,150.857,74.000,55.000
131.838,150.604,74.000,55.000
133.104,149.338,74.000,55.000
133.864,147.565,74.000,55.000
134.117,146.299,74.000,55.000
135.383,144.526,74.000,55.000
136.143,143.260,74.000,55.000
136.396,141.487,74.000,55.000
137.156,140.221,74.000,55.000
137.409,138.448,74.000,55.000
138.169,137.182,74.000,55.000
137.916,135.409,74.000,55.000
138.169,134.143,74.000,55.000
138.929,132.370,74.000,55.000
139.182,131.104,74.000,55.000
139.435,129.331,74.000,55.000
140.195,128.065,74.000,55.000
139.275,128.407,72.422,53.827
140.515,126.672,72.422,53.827
139.615,126.530,70.878,52.679
141.539,126.857,69.366,51.556
141.592,126.721,67.887,50.456
142.540,126.587,66.439,49.380
143.468,126.894,65.022,48.327
144.376,125.908,63.636,47.297
144.158,125.255,63.636,47.297
144.207,125.549,62.279,46.288
144.420,124.910,62.279,46.288
144.057,125.198,60.950,45.301
144.908,125.882,59.651,44.335
144.953,124.978,58.379,43.390
145.768,125.633,57.134,42.464
145.812,125.897,55.915,41.559
145.855,125.787,54.723,40.672
146.980,126.762,53.556,39.805
146.668,126.303,52.414,38.956
147.745,126.546,51.296,38.125
147.785,127.121,50.202,37.312
149.479,127.685,49.132,36.517
148.869,127.912,48.084,35.738
150.174,127.183,47.058,34.976
150.521,127.401,46.055,34.230
151.309,127.558,46.055,34.230
151.151,127.401,46.055,34.230
151.309,126.928,46.055,34.230
151.782,126.455,46.055,34.230
152.729,127.580,45.073,33.500
152.266,126.808,45.073,33.500
153.346,126.963,45.073,33.500
153.500,127.117,45.073,33.500
152.729,126.963,45.073,33.500
154.547,126.576,44.112,32.786
153.792,126.727,44.112,32.786
154.245,127.180,44.112,32.786
154.698,126.425,44.112,32.786
153.943,126.878,44.112,32.786
154.396,127.633,44.112,32.786
154.849,127.482,44.112,32.786
154.094,127.633,44.112,32.786
154.547,128.086,44.112,32.786
153.792,128.841,44.112,32.786
153.943,128.992,44.112,32.786
153.792,129.445,44.112,32.786
153.641,129.294,44.112,32.786
153.189,129.747,44.112,32.786
153.641,130.501,44.112,32.786
152.887,130.350,44.112,32.786
153.340,130.501,44.112,32.786
154.094,130.954,44.112,32.786
153.641,131.709,44.112,32.786
153.189,131.860,44.112,32.786
153.943,132.615,44.112,32.786
153.189,133.068,44.112,32.786
153.641,134.124,44.112,32.786
152.370,133.292,45.088,33.511
153.142,134.372,45.088,33.511
151.445,135.143,45.088,33.511
152.216,136.841,45.088,33.511
150.276,136.310,46.085,34.252
150.585,137.076,47.105,35.010
148.224,137.191,48.147,35.785
149.377,139.003,48.147,35.785
147.235,139.498,48.147,35.785
148.241,140.640,49.212,36.577
145.425,140.061,50.301,37.386
146.630,141.610,50.301,37.386
144.392,143.160,50.301,37.386
145.086,142.567,51.414,38.213
145.795,143.423,52.551,39.059
146.893,144.297,53.714,39.923
144.136,145.951,53.714,39.923
145.258,146.463,54.903,40.806
146.949,147.778,54.903,40.806
144.131,148.718,54.903,40.806
144.694,150.033,54.903,40.806
145.634,151.724,54.903,40.806
146.573,152.288,54.903,40.806
143.379,152.100,54.903,40.806
143.943,154.542,54.903,40.806
144.507,155.106,54.903,40.806
142.440,154.918,54.903,40.806
143.379,157.361,54.903,40.806
143.567,156.797,54.903,40.806
143.755,158.864,54.903,40.806
142.816,158.676,54.903,40.806
143.755,159.239,54.903,40.806
143.943,158.300,54.903,40.806
144.507,157.361,54.903,40.806
143.567,156.045,54.903,40.806
144.131,155.857,54.903,40.806
143.567,154.918,54.903,40.806
144.507,153.227,54.903,40.806
144.319,151.160,54.903,40.806
142.628,149.469,54.903,40.806
141.221,148.637,53.732,39.936
141.773,145.143,53.732,39.936
142.324,141.649,53.732,39.936
142.876,137.787,53.732,39.936
143.235,131.050,54.921,40.819
142.823,126.893,56.136,41.722
143.597,123.442,57.378,42.646
145.203,120.322,58.647,43.589
147.411,119.720,58.647,43.589
149.886,119.029,59.945,44.554
152.841,118.749,61.271,45.539
155.861,118.028,62.627,46.547
155.218,119.957,62.627,46.547
157.576,121.457,62.627,46.547
156.933,122.529,62.627,46.547
155.861,122.314,62.627,46.547
155.218,122.100,62.627,46.547
157.147,121.886,62.627,46.547
156.076,121.243,62.627,46.547
155.433,122.743,62.627,46.547
154.518,120.672,64.012,47.577
153.860,120.452,64.012,47.577
156.270,119.795,64.012,47.577
154.737,120.452,64.012,47.577
153.641,120.233,64.012,47.577
156.489,120.891,64.012,47.577
155.394,121.986,64.012,47.577
157.804,122.205,64.012,47.577
156.270,122.862,64.012,47.577
155.175,122.205,64.012,47.577
158.023,123.738,64.012,47.577
156.051,122.643,64.012,47.577
154.956,123.300,64.012,47.577
157.365,122.643,64.012,47.577
156.270,123.738,64.012,47.577
154.426,121.167,65.429,48.629
156.889,123.182,65.429,48.629
153.609,121.482,66.876,49.705
151.207,122.120,68.356,50.805
148.752,120.344,69.868,51.929
145.251,119.026,71.414,53.078
142.179,116.663,72.994,54.252
140.075,114.249,74.609,55.453
138.455,111.251,76.260,56.680
135.175,108.187,77.947,57.934
132.928,106.716,79.672,59.215
130.475,106.444,79.672,59.215
129.657,106.171,79.672,59.215
130.475,105.898,79.672,59.215
128.566,106.716,79.672,59.215
127.203,107.534,79.672,59.215
128.021,107.262,79.672,59.215
127.203,106.444,79.672,59.215
129.111,106.716,79.672,59.215
129.384,107.534,79.672,59.215
129.657,107.807,79.672,59.215
128.839,108.625,79.672,59.215
128.021,108.352,79.672,59.215
129.929,108.625,79.672,59.215
132.928,109.443,79.672,59.215
135.382,110.261,79.672,59.215
135.655,110.534,79.672,59.215
138.654,111.897,79.672,59.215
140.563,112.170,79.672,59.215
142.471,112.987,79.672,59.215
143.289,112.170,79.672,59.215
143.562,112.987,79.672,59.215
143.289,111.624,79.672,59.215
143.017,112.442,79.672,59.215
142.199,111.624,79.672,59.215
143.562,111.897,79.672,59.215
142.744,111.079,79.672,59.215
143.017,111.352,79.672,59.215
143.289,111.079,79.672,59.215
143.017,110.261,79.672,59.215
143.289,111.079,79.672,59.215
143.562,111.352,79.672,59.215
143.835,112.170,79.672,59.215
143.017,112.442,79.672,59.215
144.380,113.805,79.672,59.215
142.084,111.736,81.434,60.525
142.920,113.687,81.434,60.525
142.642,112.293,81.434,60.525
144.035,112.015,81.434,60.525
142.267,109.899,83.236,61.865
143.691,111.324,83.236,61.865
141.697,109.330,83.236,61.865
143.121,109.615,83.236,61.865
141.697,109.330,83.236,61.865
142.552,108.475,83.236,61.865
141.127,108.190,83.236,61.865
143.121,107.336,83.236,61.865
141.697,107.051,83.236,61.865
142.552,107.905,83.236,61.865
141.697,106.481,83.236,61.865
140.843,105.057,83.236,61.865
142.267,107.051,83.236,61.865
141.232,105.789,81.461,60.545
142.626,107.182,81.461,60.545
140.675,105.789,81.461,60.545
140.954,106.625,81.461,60.545
138.445,105.231,81.461,60.545
140.396,106.067,81.461,60.545
139.002,105.789,81.461,60.545
138.166,105.510,81.461,60.545
138.445,105.231,81.461,60.545
138.166,104.395,81.461,60.545
136.772,104.673,81.461,60.545
138.166,105.510,81.461,60.545
135.657,103.558,81.461,60.545
135.378,103.837,81.461,60.545
134.542,103.558,81.461,60.545
134.263,102.722,81.461,60.545
133.984,103.558,81.461,60.545
132.590,102.164,81.461,60.545
135.099,104.116,81.461,60.545
133.148,102.722,81.461,60.545
132.311,103.001,81.461,60.545
133.705,103.280,81.461,60.545
132.311,101.886,81.461,60.545
136.136,104.412,79.724,59.254
137.500,104.685,79.724,59.254
138.318,104.958,79.724,59.254
136.409,103.048,79.724,59.254
138.864,104.958,79.724,59.254
138.591,104.685,79.724,59.254
141.592,106.595,79.724,59.254
140.774,106.868,79.724,59.254
141.592,108.232,79.724,59.254
141.865,107.413,79.724,59.254
141.592,108.778,79.724,59.254
142.957,110.687,79.724,59.254
141.047,111.506,79.724,59.254
140.774,113.416,79.724,59.254
138.864,115.326,79.724,59.254
140.503,118.850,78.024,57.991
139.533,122.814,76.360,56.754
138.585,126.190,74.731,55.544
136.670,129.987,73.138,54.359
134.313,133.220,71.578,53.200
132.479,136.385,70.052,52.065
132.071,139.944,68.558,50.955
130.898,142.055,68.558,50.955
132.760,145.086,67.096,49.868
134.582,148.052,65.665,48.805
133.332,150.089,64.265,47.764
135.078,152.506,62.894,46.746
132.636,153.627,61.553,45.749
129.898,152.995,61.553,45.749
127.581,153.627,61.553,45.749
124.842,152.152,61.553,45.749
122.946,151.520,61.553,45.749
120.629,151.310,61.553,45.749
118.312,150.257,61.553,45.749
115.995,149.625,61.553,45.749
114.520,149.414,61.553,45.749
112.203,148.361,61.553,45.749
110.307,147.307,61.553,45.749
107.990,146.254,61.553,45.749
106.516,145.622,61.553,45.749
104.620,144.990,61.553,45.749
103.145,144.358,61.553,45.749
101.249,142.463,61.553,45.749
99.354,141.831,61.553,45.749
97.036,140.777,61.553,45.749
96.678,139.844,60.240,44.773
97.121,138.533,58.956,43.818
95.305,137.121,58.956,43.818
93.489,135.305,58.956,43.818
92.077,133.892,58.956,43.818
93.678,132.609,57.698,42.884
93.086,130.832,57.698,42.884
94.468,129.450,57.698,42.884
93.481,128.858,57.698,42.884
94.863,127.081,57.698,42.884
95.455,125.698,57.698,42.884
95.653,124.316,57.698,42.884
96.245,123.724,57.698,42.884
95.653,122.342,57.698,42.884
96.245,121.749,57.698,42.884
95.258,120.367,57.698,42.884
97.586,120.634,56.468,41.969
98.166,119.668,56.468,41.969
99.699,119.556,55.264,41.074
99.510,118.611,55.264,41.074
100.456,118.043,55.264,41.074
101.401,117.854,55.264,41.074
102.725,117.287,55.264,41.074
104.049,117.854,55.264,41.074
106.129,116.909,55.264,41.074
107.453,116.341,55.264,41.074
108.399,116.909,55.264,41.074
110.101,115.963,55.264,41.074
112.181,115.774,55.264,41.074
113.884,115.585,55.264,41.074
114.829,116.530,55.264,41.074
116.531,116.341,55.264,41.074
118.233,118.800,55.264,41.074
120.314,118.232,55.264,41.074
122.016,120.691,55.264,41.074
123.718,120.502,55.264,41.074
123.529,121.826,55.264,41.074
125.988,121.637,55.264,41.074
128.068,121.448,55.264,41.074
127.879,123.528,55.264,41.074
129.959,122.204,55.264,41.074
129.392,123.906,55.264,41.074
129.203,122.961,55.264,41.074
131.283,123.906,55.264,41.074
134.242,125.620,54.085,40.198
137.759,124.325,54.085,40.198
139.795,124.139,54.085,40.198
137.759,124.695,54.085,40.198
136.834,127.101,54.085,40.198
135.538,126.916,54.085,40.198
134.612,127.471,54.085,40.198
137.152,128.435,52.932,39.341
138.938,129.728,51.803,38.502
140.003,129.284,50.698,37.681
140.377,128.849,49.617,36.878
140.742,130.388,48.559,36.091
141.740,130.292,47.524,35.322
140.927,129.805,47.524,35.322
142.845,131.278,46.510,34.568
143.801,129.653,45.518,33.831
143.022,128.562,45.518,33.831
143.178,127.472,45.518,33.831
143.022,126.693,45.518,33.831
142.033,124.218,46.525,34.580
143.466,121.192,46.525,34.580
141.795,118.662,47.555,35.345
141.307,117.198,47.555,35.345
142.446,116.709,47.555,35.345
142.284,118.500,47.555,35.345
143.423,118.337,47.555,35.345
143.911,119.802,47.555,35.345
143.423,121.266,47.555,35.345
144.888,120.778,47.555,35.345
144.725,122.243,47.555,35.345
145.864,121.429,47.555,35.345
146.027,121.592,47.555,35.345
146.840,121.755,47.555,35.345
146.678,121.917,47.555,35.345
147.817,121.429,47.555,35.345
147.654,122.894,47.555,35.345
149.119,122.406,47.555,35.345
148.956,123.870,47.555,35.345
148.793,122.731,47.555,35.345
149.282,123.219,47.555,35.345
150.095,122.406,47.555,35.345
149.933,122.243,47.555,35.345
149.770,122.080,47.555,35.345
149.282,121.917,47.555,35.345
150.095,122.080,47.555,35.345
149.607,121.917,47.555,35.345
150.421,121.755,47.555,35.345
150.909,123.545,47.555,35.345
150.095,123.057,47.555,35.345
149.933,122.243,47.555,35.345
149.119,121.429,47.555,35.345
148.956,120.615,47.555,35.345
149.770,120.127,47.555,35.345
148.737,118.217,48.607,36.127
149.902,118.716,48.607,36.127
150.068,118.217,48.607,36.127
150.234,119.048,48.607,36.127
150.068,118.882,48.607,36.127
150.900,118.716,48.607,36.127
150.733,118.882,48.607,36.127
150.567,120.379,48.607,36.127
151.066,121.543,48.607,36.127
151.565,121.044,48.607,36.127
151.066,123.207,48.607,36.127
152.230,123.041,48.607,36.127
151.731,123.872,48.607,36.127
152.563,123.706,48.607,36.127
152.397,123.872,48.607,36.127
152.563,123.706,48.607,36.127
152.730,123.207,48.607,36.127
152.563,124.371,48.607,36.127
