692.000,439.000,24.000,79.000
689.460,438.414,24.000,79.000
687.310,438.609,24.000,79.000
684.380,437.632,24.000,79.000
681.839,437.437,24.000,79.000
679.299,438.023,24.000,79.000
675.196,437.046,24.000,79.000
671.874,435.678,24.000,79.000
669.725,434.310,24.000,79.000
666.794,434.115,24.000,79.000
664.254,432.747,24.000,79.000
661.323,431.380,24.000,79.000
658.783,431.966,24.000,79.000
657.024,430.207,24.000,79.000
653.702,430.012,24.000,79.000
651.944,429.035,24.000,79.000
649.404,429.230,24.000,79.000
646.473,429.035,24.000,79.000
643.542,428.449,24.000,79.000
640.220,429.035,24.000,79.000
636.508,428.058,24.000,79.000
633.577,427.472,24.000,79.000
630.646,426.885,24.000,79.000
628.106,425.518,24.000,79.000
625.175,423.759,24.000,79.000
622.635,422.782,24.000,79.000
620.485,421.805,24.000,79.000
617.945,422.000,24.000,79.000
615.796,422.587,24.000,79.000
613.256,421.610,24.000,79.000
610.325,421.805,24.000,79.000
607.003,422.000,24.000,79.000
604.072,421.414,24.000,79.000
601.141,421.219,24.000,79.000
598.601,419.851,24.000,79.000
596.452,418.874,24.000,79.000
594.302,417.116,24.000,79.000
592.153,415.748,24.000,79.000
589.613,415.162,24.000,79.000
587.854,415.748,24.000,79.000
586.096,413.989,24.000,79.000
582.774,414.575,24.000,79.000
581.406,413.598,24.000,79.000
578.475,413.794,24.000,79.000
575.935,413.598,24.000,79.000
573.786,413.012,24.000,79.000
570.464,412.426,24.000,79.000
567.142,412.231,24.000,79.000
564.211,411.644,24.000,79.000
561.671,410.277,24.000,79.000
559.913,409.691,24.000,79.000
557.763,407.541,24.000,79.000
555.614,406.564,24.000,79.000
552.683,407.150,24.000,79.000
550.534,408.127,24.000,79.000
548.384,407.541,24.000,79.000
545.844,406.564,24.000,79.000
543.695,406.760,24.000,79.000
540.764,406.173,24.000,79.000
537.833,405.978,24.000,79.000
535.684,405.001,24.000,79.000
533.144,404.024,24.000,79.000
530.994,402.265,24.000,79.000
529.626,402.070,24.000,79.000
527.086,400.702,24.000,79.000
524.546,400.116,24.000,79.000
522.397,400.311,24.000,79.000
520.247,400.116,24.000,79.000
518.098,399.921,24.000,79.000
515.949,398.944,24.000,79.000
514.190,399.530,24.000,79.000
510.868,398.162,24.000,79.000
508.328,399.139,24.000,79.000
505.397,397.771,24.000,79.000
503.248,397.185,24.000,79.000
501.099,396.599,24.000,79.000
498.949,394.450,24.000,79.000
497.582,394.254,24.000,79.000
495.432,392.886,24.000,79.000
493.283,391.909,24.000,79.000
491.133,392.886,24.000,79.000
488.984,393.082,24.000,79.000
488.398,392.886,24.000,79.000
486.249,391.519,24.000,79.000
483.708,390.932,24.000,79.000
481.168,391.909,24.000,79.000
477.847,392.886,24.000,79.000
476.088,391.128,24.000,79.000
474.272,389.899,23.488,77.315
472.495,389.433,22.987,75.667
471.185,389.620,22.987,75.667
469.126,390.181,22.987,75.667
467.068,388.497,22.987,75.667
465.383,388.684,22.987,75.667
464.073,388.123,22.987,75.667
461.640,389.058,22.987,75.667
459.208,388.497,22.987,75.667
457.523,387.936,22.987,75.667
454.342,387.374,22.987,75.667
452.657,386.438,22.987,75.667
449.850,385.877,22.987,75.667
448.166,386.064,22.987,75.667
446.856,384.380,22.987,75.667
444.797,381.947,22.987,75.667
443.419,382.212,22.497,74.053
441.770,382.029,22.497,74.053
439.389,381.480,22.497,74.053
437.741,383.128,22.497,74.053
436.459,382.212,22.497,74.053
434.077,382.762,22.497,74.053
431.696,382.579,22.497,74.053
430.414,382.029,22.497,74.053
428.399,380.381,22.497,74.053
426.344,381.347,22.017,72.474
424.731,380.092,22.017,72.474
423.476,378.837,22.017,72.474
421.504,379.017,22.017,72.474
419.891,378.837,22.017,72.474
418.636,378.300,22.017,72.474
416.665,378.120,22.017,72.474
415.051,377.583,22.017,72.474
412.363,378.120,22.017,72.474
410.749,378.658,22.017,72.474
409.136,378.837,22.017,72.474
406.447,376.866,22.017,72.474
404.117,376.686,22.017,72.474
401.787,377.941,22.017,72.474
400.890,375.969,22.017,72.474
399.277,374.356,22.017,72.474
396.947,373.460,22.017,72.474
395.692,372.563,22.017,72.474
394.079,372.026,22.017,72.474
391.748,371.488,22.017,72.474
390.494,372.743,22.017,72.474
388.522,373.280,22.017,72.474
386.908,372.743,22.017,72.474
385.295,373.639,22.017,72.474
382.965,372.384,22.017,72.474
381.352,372.205,22.017,72.474
379.380,371.309,22.017,72.474
377.767,370.771,22.017,72.474
376.512,368.799,22.017,72.474
374.540,368.261,22.017,72.474
372.927,369.516,22.017,72.474
371.672,370.054,22.017,72.474
370.059,368.082,22.017,72.474
367.728,368.261,22.017,72.474
366.474,368.799,22.017,72.474
364.502,368.261,22.017,72.474
362.171,369.516,22.017,72.474
360.200,368.620,22.017,72.474
358.228,368.082,22.017,72.474
356.256,367.186,22.017,72.474
354.643,366.648,22.017,72.474
353.388,367.186,22.017,72.474
351.775,364.497,22.017,72.474
350.109,363.715,21.548,70.928
348.817,364.640,21.088,69.416
347.552,364.553,20.639,67.935
346.712,365.729,20.639,67.935
344.528,366.233,20.639,67.935
343.688,365.393,20.639,67.935
340.831,366.233,20.639,67.935
339.319,365.057,20.639,67.935
337.807,365.225,20.639,67.935
335.622,364.721,20.639,67.935
334.782,365.225,20.639,67.935
332.897,363.196,20.198,66.487
331.746,364.347,20.198,66.487
330.266,362.867,20.198,66.487
329.115,363.690,20.198,66.487
327.635,363.854,20.198,66.487
326.106,363.136,19.768,65.069
324.658,363.941,19.768,65.069
322.566,365.068,19.768,65.069
322.083,363.297,19.768,65.069
319.347,364.102,19.768,65.069
317.577,362.654,19.768,65.069
316.128,363.136,19.768,65.069
314.036,361.688,19.768,65.069
312.587,361.849,19.768,65.069
311.461,360.079,19.768,65.069
309.965,358.446,19.346,63.681
308.502,358.366,18.934,62.323
307.114,358.828,18.934,62.323
305.419,359.907,18.934,62.323
304.031,358.828,18.934,62.323
302.028,359.907,18.934,62.323
300.332,359.136,18.934,62.323
298.602,360.247,18.530,60.994
296.943,359.190,18.530,60.994
295.585,359.040,18.530,60.994
293.926,357.682,18.530,60.994
293.105,357.605,18.135,59.693
291.186,357.458,18.135,59.693
289.562,356.719,18.135,59.693
288.528,357.458,18.135,59.693
287.200,356.719,18.135,59.693
285.576,357.162,18.135,59.693
284.247,356.719,18.135,59.693
282.623,357.162,18.135,59.693
280.999,356.719,18.135,59.693
278.489,357.162,18.135,59.693
276.865,355.833,18.135,59.693
275.240,356.572,18.135,59.693
273.321,355.243,18.135,59.693
271.992,354.209,18.135,59.693
270.336,352.996,17.748,58.420
269.035,352.851,17.748,58.420
267.692,352.499,17.369,57.175
266.703,352.358,17.369,57.175
265.430,352.499,17.369,57.175
263.591,353.206,17.369,57.175
262.319,352.499,17.369,57.175
260.187,352.427,16.999,55.955
258.634,353.958,16.637,54.762
257.144,353.281,16.637,54.762
255.925,352.333,16.637,54.762
253.622,352.786,16.282,53.594
252.694,351.858,16.282,53.594
251.236,351.991,16.282,53.594
249.248,351.858,16.282,53.594
248.055,351.725,16.282,53.594
246.331,351.858,16.282,53.594
244.873,352.256,16.282,53.594
243.415,350.532,16.282,53.594
242.222,351.460,16.282,53.594
240.499,350.532,16.282,53.594
238.775,351.460,16.282,53.594
236.787,351.328,16.282,53.594
235.064,350.400,16.282,53.594
232.810,350.002,16.282,53.594
231.882,350.135,16.282,53.594
229.629,348.677,16.282,53.594
228.701,347.484,16.282,53.594
227.243,346.821,16.282,53.594
225.520,346.953,16.282,53.594
224.327,347.086,16.282,53.594
222.603,347.484,16.282,53.594
221.410,347.351,16.282,53.594
219.412,348.050,15.935,52.451
218.504,348.180,15.935,52.451
217.077,347.791,15.935,52.451
215.131,346.883,15.935,52.451
213.963,346.753,15.935,52.451
212.536,345.066,15.935,52.451
210.590,345.456,15.935,52.451
209.423,344.548,15.935,52.451
209.034,344.937,15.935,52.451
207.347,345.066,15.935,52.451
206.179,345.196,15.935,52.451
204.493,345.326,15.935,52.451
203.585,344.418,15.935,52.451
201.120,344.807,15.935,52.451
199.693,345.456,15.935,52.451
198.006,344.548,15.935,52.451
196.839,344.937,15.935,52.451
195.412,344.548,15.935,52.451
194.504,343.380,15.935,52.451
193.336,342.472,15.935,52.451
191.880,341.906,15.595,51.333
189.976,341.525,15.595,51.333
188.833,342.160,15.595,51.333
187.437,342.287,15.595,51.333
186.548,342.921,15.595,51.333
185.405,342.541,15.595,51.333
184.009,343.175,15.595,51.333
182.104,342.541,15.595,51.333
180.708,342.921,15.595,51.333
179.057,341.271,15.595,51.333
177.914,341.652,15.595,51.333
176.518,340.509,15.595,51.333
175.338,339.710,15.262,50.238
174.717,340.580,15.262,50.238
173.101,340.704,15.262,50.238
171.983,340.332,15.262,50.238
170.119,340.456,15.262,50.238
169.001,340.829,15.262,50.238
167.634,340.704,15.262,50.238
165.770,340.580,15.262,50.238
164.403,340.456,15.262,50.238
162.291,340.083,15.262,50.238
161.918,339.462,15.262,50.238
159.806,339.586,15.262,50.238
158.439,338.965,15.262,50.238
156.824,337.598,15.262,50.238
156.627,337.056,14.937,49.167
155.046,336.205,14.937,49.167
153.222,336.569,14.937,49.167
152.128,337.177,14.937,49.167
150.790,337.056,14.937,49.167
150.182,336.691,14.937,49.167
148.115,337.785,14.937,49.167
146.534,337.664,14.937,49.167
145.682,337.299,14.937,49.167
144.345,337.177,14.937,49.167
142.764,336.326,14.937,49.167
141.669,336.448,14.937,49.167
140.575,335.353,14.937,49.167
139.237,335.475,14.937,49.167
137.900,335.840,14.937,49.167
137.291,335.961,14.937,49.167
135.467,334.137,14.937,49.167
134.373,334.988,14.937,49.167
133.035,335.110,14.937,49.167
131.454,334.988,14.937,49.167
130.603,334.624,14.937,49.167
129.265,335.475,14.937,49.167
127.685,334.624,14.937,49.167
126.590,335.232,14.937,49.167
125.496,333.894,14.937,49.167
124.401,334.259,14.937,49.167
123.063,332.435,14.937,49.167
121.969,332.556,14.937,49.167
121.604,331.462,14.937,49.167
120.266,331.340,14.937,49.167
118.929,330.732,14.937,49.167
118.321,331.584,14.937,49.167
116.983,331.948,14.937,49.167
116.618,331.340,14.937,49.167
115.037,331.705,14.937,49.167
113.456,331.583,14.937,49.167
112.605,330.489,14.937,49.167
111.997,330.611,14.937,49.167
111.389,330.003,14.937,49.167
110.051,329.151,14.937,49.167
108.714,329.273,14.937,49.167
108.349,329.638,14.937,49.167
107.011,330.003,14.937,49.167
106.646,328.908,14.937,49.167
105.309,330.003,14.937,49.167
103.971,328.908,14.937,49.167
103.850,330.003,14.937,49.167
102.269,328.665,14.937,49.167
100.445,329.273,14.937,49.167
99.350,328.665,14.937,49.167
98.256,328.543,14.937,49.167
97.161,327.692,14.937,49.167
96.067,327.084,14.937,49.167
95.215,325.990,14.937,49.167
94.364,325.382,14.937,49.167
93.513,325.017,14.937,49.167
92.617,324.486,14.618,48.118
92.260,325.319,14.618,48.118
91.189,325.438,14.618,48.118
90.118,325.557,14.618,48.118
89.047,325.914,14.618,48.118
87.976,326.271,14.618,48.118
86.667,324.962,14.618,48.118
86.548,323.891,14.618,48.118
85.476,324.724,14.618,48.118
84.643,324.129,14.618,48.118
83.810,323.534,14.618,48.118
82.263,324.129,14.618,48.118
81.668,323.296,14.618,48.118
81.311,323.891,14.618,48.118
80.002,324.248,14.618,48.118
78.931,323.653,14.618,48.118
77.622,324.248,14.618,48.118
77.741,323.653,14.618,48.118
75.479,324.248,14.618,48.118
75.598,323.177,14.618,48.118
74.527,322.582,14.618,48.118
73.456,323.177,14.618,48.118
72.147,322.106,14.618,48.118
70.838,321.273,14.618,48.118
69.529,320.916,14.618,48.118
69.648,321.273,14.618,48.118
68.577,320.202,14.618,48.118
67.743,319.845,14.618,48.118
66.434,320.678,14.618,48.118
66.315,320.797,14.618,48.118
65.244,321.154,14.618,48.118
64.173,320.083,14.618,48.118
63.102,319.964,14.618,48.118
62.031,319.606,14.618,48.118
60.960,320.202,14.618,48.118
60.127,319.368,14.618,48.118
59.293,319.011,14.618,48.118
58.698,318.416,14.618,48.118
57.389,319.249,14.618,48.118
57.270,318.654,14.618,48.118
56.199,319.487,14.618,48.118
55.366,319.130,14.618,48.118
54.533,319.487,14.618,48.118
53.938,319.606,14.618,48.118
52.391,319.249,14.618,48.118
52.034,319.130,14.618,48.118
50.486,318.535,14.618,48.118
49.891,319.368,14.618,48.118
48.582,318.297,14.618,48.118
48.225,317.702,14.618,48.118
46.916,317.821,14.618,48.118
46.039,317.302,14.306,47.092
44.991,317.418,14.306,47.092
43.943,317.069,14.306,47.092
43.310,316.336,14.001,46.088
43.569,317.157,13.703,45.105
42.788,316.823,13.703,45.105
41.536,317.841,13.411,44.143
40.772,317.950,13.411,44.143
40.178,316.632,13.125,43.202
39.644,316.739,13.125,43.202
38.445,316.479,12.845,42.280
39.086,317.030,12.571,41.379
37.937,317.570,12.303,40.496
37.036,316.669,12.303,40.496
36.335,316.969,12.303,40.496
35.834,317.069,12.303,40.496
34.732,317.169,12.303,40.496
33.631,317.470,12.303,40.496
32.929,316.168,12.303,40.496
