213.000,121.000,21.000,95.000
213.216,118.187,21.000,95.000
212.567,116.672,21.000,95.000
211.052,114.724,21.000,95.000
211.269,113.642,21.000,95.000
211.052,112.992,21.000,95.000
210.836,112.776,21.000,95.000
210.619,112.127,21.000,95.000
210.836,112.343,21.000,95.000
211.918,112.560,21.000,95.000
213.866,111.045,21.000,95.000
217.112,111.261,21.000,95.000
221.224,110.612,21.000,95.000
223.172,109.097,21.000,95.000
224.254,110.179,21.000,95.000
221.873,110.828,21.000,95.000
219.060,109.746,21.000,95.000
217.112,109.097,21.000,95.000
216.030,109.313,21.000,95.000
216.246,110.828,21.000,95.000
218.194,111.910,21.000,95.000
221.007,113.425,21.000,95.000
221.224,112.776,21.000,95.000
220.575,110.395,21.000,95.000
221.657,109.313,21.000,95.000
229.231,112.127,21.000,95.000
231.612,111.045,21.000,95.000
233.993,111.261,21.000,95.000
242.000,113.642,21.000,95.000
256.933,113.425,21.000,95.000
265.373,113.642,21.000,95.000
269.485,112.992,21.000,95.000
273.597,114.940,21.000,95.000
277.709,116.022,21.000,95.000
281.388,116.239,21.000,95.000
284.635,116.888,21.000,95.000
287.881,117.104,21.000,95.000
291.127,116.455,21.000,95.000
293.941,116.672,21.000,95.000
296.321,115.589,21.000,95.000
299.135,117.970,21.000,95.000
302.381,121.649,21.000,95.000
305.194,124.463,21.000,95.000
307.575,129.007,21.000,95.000
309.956,131.821,21.000,95.000
311.904,133.769,21.000,95.000
313.851,134.851,21.000,95.000
314.068,135.933,21.000,95.000
315.150,136.582,21.000,95.000
315.366,136.366,21.000,95.000
316.881,137.448,21.000,95.000
315.799,136.799,21.000,95.000
315.583,135.716,21.000,95.000
315.366,135.067,21.000,95.000
316.015,134.418,21.000,95.000
318.117,136.474,20.552,92.974
317.905,135.415,20.552,92.974
320.370,138.652,20.114,90.991
321.821,140.932,20.114,90.991
320.370,142.383,20.114,90.991
318.090,142.590,20.114,90.991
319.955,144.041,20.114,90.991
322.235,147.565,20.114,90.991
325.447,149.135,19.685,89.051
328.490,149.338,19.685,89.051
330.068,151.265,19.265,87.152
331.231,152.003,18.854,85.293
333.866,153.099,18.452,83.474
336.079,153.440,18.059,81.694
339.243,151.392,18.059,81.694
333.157,126.612,17.674,79.952
335.889,122.787,17.674,79.952
333.093,120.655,17.297,78.247
330.420,117.981,17.297,78.247
327.683,117.957,16.928,76.579
326.014,119.278,16.567,74.946
324.819,119.790,16.567,74.946
325.818,122.728,16.214,73.347
326.853,122.784,16.572,74.970
328.048,121.588,16.572,74.970
328.219,118.343,16.572,74.970
322.305,112.723,16.219,73.371
310.772,109.881,16.219,73.371
304.253,107.708,16.219,73.371
302.080,108.544,16.219,73.371
300.576,109.045,16.219,73.371
300.265,110.633,15.873,71.807
299.961,113.764,15.535,70.275
299.356,118.679,15.203,68.777
299.065,126.813,14.879,67.310
298.911,135.553,14.879,67.310
298.451,143.373,14.879,67.310
297.378,149.047,14.879,67.310
297.093,153.755,14.562,65.875
295.368,157.784,14.251,64.470
293.963,163.143,13.947,63.095
291.273,165.875,14.256,64.491
291.567,172.935,13.952,63.116
291.854,179.844,13.654,61.770
292.558,183.925,13.654,61.770
293.924,187.974,13.363,60.452
295.164,191.968,13.363,60.452
297.505,195.136,13.363,60.452
298.744,197.477,13.363,60.452
300.259,197.064,13.363,60.452
302.325,198.854,13.363,60.452
304.941,198.166,13.363,60.452
309.486,197.752,13.363,60.452
314.031,195.687,13.363,60.452
317.749,193.621,13.363,60.452
322.537,193.071,13.078,59.163
323.211,191.319,13.078,59.163
325.233,189.836,13.078,59.163
327.255,188.893,13.078,59.163
328.304,189.134,12.799,57.902
330.601,190.133,12.526,56.667
331.763,191.036,12.526,56.667
330.777,192.263,12.259,55.458
326.889,193.950,11.998,54.276
324.293,194.815,11.998,54.276
323.180,196.423,11.998,54.276
324.787,197.288,11.998,54.276
327.384,199.143,11.998,54.276
331.921,201.271,11.742,53.118
335.195,203.354,11.492,51.986
337.715,204.935,11.246,50.877
333.382,205.455,11.495,52.003
330.674,205.986,11.750,53.153
330.553,206.107,11.750,53.153
296.880,204.137,12.010,54.329
263.834,230.747,12.010,54.329
264.797,232.400,11.753,53.171
268.775,234.718,11.503,52.037
272.897,236.529,11.258,50.927
276.931,237.632,11.017,49.841
281.316,238.491,10.783,48.778
285.650,239.936,10.783,48.778
289.299,240.777,10.553,47.738
293.919,241.182,10.328,46.720
298.235,241.372,10.107,45.724
302.459,242.161,9.892,44.748
306.790,241.557,9.681,43.794
310.681,241.058,9.681,43.794
313.973,239.362,9.681,43.794
317.442,239.156,9.474,42.860
321.250,238.082,9.474,42.860
324.667,237.594,9.474,42.860
328.085,238.082,9.474,42.860
331.893,237.203,9.474,42.860
333.748,237.887,9.474,42.860
337.751,237.984,9.474,42.860
341.754,237.105,9.474,42.860
343.610,237.008,9.474,42.860
344.879,238.668,9.474,42.860
327.987,250.287,9.474,42.860
327.304,249.408,9.474,42.860
327.011,249.115,9.474,42.860
327.499,248.432,9.474,42.860
326.620,248.334,9.474,42.860
325.546,247.651,9.474,42.860
324.667,247.358,9.474,42.860
323.984,246.870,9.474,42.860
324.863,247.553,9.474,42.860
324.375,246.674,9.474,42.860
323.252,246.661,9.272,41.946
322.774,246.183,9.272,41.946
322.679,245.323,9.272,41.946
323.539,245.801,9.272,41.946
324.017,246.087,9.272,41.946
323.348,245.036,9.272,41.946
322.488,245.132,9.272,41.946
322.774,245.801,9.272,41.946
322.297,246.661,9.272,41.946
321.935,246.463,9.075,41.052
321.654,247.866,9.075,41.052
322.496,247.398,9.075,41.052
323.338,248.240,9.075,41.052
324.065,247.867,8.881,40.176
324.889,248.507,8.881,40.176
326.660,247.789,8.692,39.320
328.183,247.341,8.692,39.320
331.497,247.072,8.692,39.320
334.453,248.237,8.692,39.320
336.334,249.043,8.692,39.320
339.290,249.491,8.692,39.320
341.171,249.580,8.692,39.320
342.731,251.467,8.506,38.481
344.046,252.256,8.506,38.481
342.731,253.045,8.506,38.481
342.293,252.782,8.506,38.481
343.433,252.870,8.506,38.481
344.703,251.808,8.695,39.332
344.255,247.238,8.695,39.332
344.524,243.922,8.695,39.332
344.255,241.324,8.695,39.332
343.807,240.338,8.695,39.332
343.000,238.994,8.695,39.332
341.835,239.980,8.695,39.332
341.208,240.428,8.695,39.332
342.373,240.876,8.695,39.332
343.717,242.399,8.695,39.332
344.165,243.385,8.695,39.332
345.151,244.550,8.695,39.332
345.778,246.611,8.695,39.332
345.509,250.822,8.695,39.332
346.316,255.212,8.695,39.332
344.613,261.037,8.695,39.332
344.524,262.201,8.695,39.332
344.613,261.574,8.695,39.332
345.240,260.230,8.695,39.332
345.509,259.245,8.695,39.332
346.379,256.987,8.509,38.494
347.832,255.924,8.697,39.345
349.176,256.910,8.697,39.345
352.521,257.126,8.890,40.216
327.044,231.302,9.087,41.106
328.789,233.859,9.288,42.015
330.772,236.075,9.493,42.945
332.595,237.123,9.703,43.895
335.912,238.609,9.918,44.866
337.180,239.491,10.137,45.859
308.129,239.742,10.361,46.873
307.595,241.557,10.361,46.873
310.478,243.159,10.361,46.873
313.361,243.266,10.361,46.873
315.817,244.013,10.361,46.873
319.554,243.480,10.361,46.873
322.224,244.227,10.361,46.873
325.107,244.334,10.361,46.873
327.350,245.508,10.361,46.873
329.621,247.140,10.141,45.874
331.816,247.454,10.141,45.874
333.593,248.812,10.141,45.874
334.742,249.126,10.141,45.874
335.892,248.812,10.141,45.874
337.250,249.753,10.141,45.874
338.609,250.066,10.141,45.874
340.385,249.962,10.141,45.874
341.535,251.529,10.141,45.874
343.049,250.697,10.365,46.889
344.224,248.667,10.365,46.889
346.040,247.920,10.365,46.889
331.407,248.398,10.594,47.926
333.264,249.599,10.594,47.926
335.556,249.927,10.594,47.926
337.412,248.071,10.594,47.926
339.050,245.341,10.594,47.926
308.915,235.636,10.829,48.986
308.804,235.524,10.829,48.986
310.701,235.189,10.829,48.986
313.267,234.631,10.829,48.986
317.620,235.636,10.829,48.986
321.525,234.855,10.829,48.986
324.539,234.073,10.829,48.986
328.444,232.400,10.829,48.986
330.565,231.618,10.829,48.986
332.462,230.837,10.829,48.986
333.913,230.279,10.829,48.986
335.587,229.275,10.829,48.986
335.252,228.494,10.829,48.986
336.703,229.275,10.829,48.986
335.475,228.047,10.829,48.986
334.694,227.266,10.829,48.986
335.921,228.494,10.829,48.986
337.149,229.275,10.829,48.986
337.930,229.833,10.829,48.986
339.158,231.507,10.829,48.986
338.376,232.734,10.829,48.986
339.827,233.962,10.829,48.986
339.046,234.297,10.829,48.986
334.917,233.292,10.829,48.986
330.565,232.511,10.829,48.986
328.668,232.846,10.829,48.986
326.994,232.511,10.829,48.986
326.436,232.176,10.829,48.986
327.440,232.957,10.829,48.986
328.221,233.962,10.829,48.986
327.440,233.850,10.829,48.986
328.668,233.739,10.829,48.986
330.118,234.297,10.829,48.986
329.114,233.515,10.829,48.986
330.342,233.627,10.829,48.986
332.016,233.292,10.829,48.986
333.466,232.511,10.829,48.986
334.471,231.284,10.829,48.986
336.145,229.163,10.829,48.986
337.372,227.266,10.829,48.986
338.600,225.815,10.829,48.986
338.265,225.704,10.829,48.986
337.930,225.369,10.829,48.986
338.934,224.811,10.829,48.986
338.600,224.030,10.829,48.986
337.819,220.347,10.829,48.986
337.261,217.780,10.829,48.986
336.926,216.107,10.829,48.986
338.600,214.209,10.829,48.986
339.604,213.651,10.829,48.986
339.046,214.433,10.829,48.986
340.274,213.651,10.829,48.986
339.492,213.317,10.829,48.986
340.720,212.982,10.829,48.986
340.385,214.433,10.829,48.986
341.166,213.651,10.829,48.986
341.501,214.879,10.829,48.986
343.175,215.214,10.829,48.986
342.617,215.325,10.829,48.986
343.845,216.107,10.829,48.986
343.146,216.838,11.068,50.070
342.432,218.533,11.313,51.178
341.849,220.282,11.313,51.178
343.131,223.196,11.313,51.178
342.082,225.412,11.313,51.178
341.266,227.394,11.313,51.178
340.450,232.407,11.313,51.178
339.867,237.653,11.313,51.178
327.858,243.599,11.313,51.178
323.311,244.649,11.313,51.178
321.096,245.232,11.313,51.178
320.513,246.747,11.313,51.178
321.796,247.330,11.313,51.178
322.845,249.079,11.313,51.178
324.827,249.895,11.313,51.178
326.576,250.478,11.313,51.178
328.091,250.828,11.313,51.178
329.374,252.110,11.313,51.178
330.656,253.393,11.313,51.178
325.643,252.577,11.313,51.178
323.428,253.626,11.313,51.178
325.410,255.142,11.313,51.178
329.464,257.148,11.072,50.087
333.651,259.112,10.836,49.019
338.676,260.564,10.836,49.019
333.518,232.348,10.605,47.973
335.375,237.485,10.605,47.973
339.419,243.496,10.605,47.973
341.496,249.288,10.605,47.973
343.353,252.239,10.605,47.973
341.277,255.845,10.605,47.973
342.860,238.647,10.839,49.035
313.258,254.621,10.839,49.035
315.604,253.839,10.839,49.035
319.737,255.291,10.839,49.035
321.860,254.956,10.839,49.035
324.021,256.878,10.608,47.989
321.944,256.332,10.608,47.989
319.423,257.581,10.382,46.966
315.250,257.474,10.382,46.966
310.649,259.079,10.382,46.966
306.691,258.972,10.382,46.966
298.666,258.865,10.382,46.966
294.136,259.675,10.160,45.964
284.051,259.660,9.944,44.984
280.700,260.239,9.732,44.025
273.941,260.998,9.524,43.086
270.542,261.552,9.321,42.167
267.215,261.909,9.122,41.268
263.597,261.896,8.928,40.388
259.879,262.770,8.737,39.526
256.761,263.105,8.551,38.683
256.144,263.898,8.551,38.683
255.981,263.886,8.369,37.858
257.102,263.800,8.369,37.858
260.499,262.934,8.554,38.696
264.754,261.732,8.371,37.871
268.419,262.884,8.193,37.063
271.843,263.849,8.018,36.273
277.264,264.952,7.847,35.499
283.330,263.578,7.847,35.499
284.381,263.497,7.847,35.499
273.140,262.445,7.847,35.499
270.148,263.658,7.847,35.499
266.670,265.518,7.847,35.499
272.412,254.763,7.847,35.499
275.430,256.971,8.021,36.285
278.819,261.517,8.021,36.285
284.242,265.330,7.850,35.511
289.501,266.220,7.850,35.511
293.465,267.919,7.850,35.511
296.589,268.999,7.682,34.754
298.727,268.603,7.682,34.754
302.131,267.891,7.682,34.754
305.377,267.178,7.682,34.754
310.999,265.991,7.682,34.754
314.610,264.867,7.852,35.523
316.454,263.214,8.026,36.309
319.884,261.697,8.204,37.112
321.321,259.753,8.204,37.112
323.283,255.667,8.029,36.320
326.479,252.625,7.858,35.546
342.593,264.528,7.858,35.546
341.217,262.828,7.858,35.546
343.889,260.479,7.858,35.546
345.589,257.321,7.858,35.546
334.980,265.895,7.690,34.788
333.153,265.426,7.526,34.046
333.230,265.349,7.526,34.046
334.432,266.833,7.365,33.320
335.754,267.993,7.208,32.609
343.554,257.667,7.208,32.609
344.669,261.753,7.208,32.609
343.851,266.879,7.208,32.609
331.297,268.142,7.208,32.609
329.737,270.890,7.208,32.609
330.851,271.856,7.208,32.609
322.833,266.485,7.368,33.331
322.605,267.169,7.368,33.331
333.463,266.485,7.368,33.331
336.425,267.017,7.368,33.331
339.234,268.308,7.368,33.331
336.238,271.011,7.531,34.068
334.785,271.681,7.698,34.822
321.379,271.602,7.698,34.822
322.199,271.628,7.868,35.593
300.712,266.034,7.868,35.593
301.604,265.790,7.868,35.593
304.280,264.574,7.868,35.593
307.442,262.709,7.868,35.593
310.766,261.006,7.868,35.593
314.415,260.277,7.868,35.593
317.577,258.250,7.868,35.593
320.902,256.222,7.868,35.593
323.902,254.682,7.868,35.593
326.877,254.358,7.700,34.834
329.484,253.582,7.536,34.091
332.357,253.349,7.536,34.091
333.710,254.836,7.375,33.364
334.698,254.455,7.375,33.364
335.686,255.292,7.375,33.364
336.218,256.128,7.375,33.364
335.534,256.660,7.375,33.364
336.826,257.344,7.375,33.364
337.662,257.116,7.375,33.364
337.282,257.952,7.375,33.364
336.902,257.724,7.375,33.364
336.522,258.864,7.375,33.364
337.206,258.484,7.375,33.364
337.434,259.624,7.375,33.364
338.422,260.004,7.375,33.364
339.866,259.472,7.375,33.364
341.007,258.940,7.375,33.364
342.147,257.496,7.375,33.364
343.743,255.748,7.375,33.364
345.643,255.063,7.375,33.364
344.807,256.204,7.375,33.364
338.954,262.360,7.375,33.364
339.486,263.956,7.375,33.364
342.603,264.184,7.375,33.364
344.351,265.932,7.375,33.364
345.491,268.745,7.375,33.364
342.375,271.557,7.375,33.364
336.978,270.721,7.375,33.364
338.009,271.736,7.218,32.652
343.737,270.918,7.218,32.652
345.596,269.802,7.218,32.652
345.373,270.174,7.218,32.652
345.745,271.141,7.218,32.652
345.671,270.918,7.218,32.652
345.597,270.694,7.218,32.652
345.522,270.471,7.218,32.652
346.192,270.099,7.218,32.652
345.373,271.215,7.218,32.652
346.192,270.248,7.218,32.652
345.373,269.727,7.218,32.652
344.704,270.992,7.218,32.652
343.737,271.810,7.218,32.652
343.663,271.736,7.218,32.652
343.505,270.989,7.378,33.375
344.923,271.329,7.541,34.113
345.726,272.000,7.708,34.868
323.637,256.698,7.878,35.639
324.043,258.890,7.878,35.639
324.287,261.894,7.878,35.639
324.855,263.112,7.878,35.639
325.748,264.979,7.878,35.639
326.804,266.197,7.878,35.639
329.808,265.629,7.878,35.639
331.188,267.009,7.878,35.639
331.918,268.389,7.878,35.639
332.812,268.146,7.878,35.639
333.380,269.364,7.878,35.639
334.273,268.633,7.878,35.639
335.491,268.227,7.878,35.639
336.384,267.821,7.878,35.639
336.952,268.714,7.878,35.639
338.008,267.983,7.878,35.639
341.499,266.928,7.878,35.639
343.518,265.439,8.052,36.428
344.548,264.089,8.231,37.234
343.615,266.209,8.231,37.234
344.548,267.651,8.231,37.234
345.311,266.888,8.231,37.234
346.244,265.785,8.231,37.234
345.481,261.290,8.231,37.234
343.718,256.917,8.413,38.058
342.455,254.787,8.599,38.900
341.481,254.344,8.599,38.900
342.278,254.787,8.599,38.900
342.012,255.408,8.599,38.900
343.519,255.319,8.599,38.900
343.785,255.230,8.599,38.900
344.937,254.787,8.599,38.900
344.566,254.265,8.789,39.760
343.932,253.088,8.789,39.760
342.935,251.185,8.789,39.760
339.584,250.008,8.789,39.760
338.587,249.555,8.789,39.760
338.859,250.189,8.789,39.760
340.172,248.903,8.984,40.640
341.005,249.366,8.984,40.640
341.962,248.244,9.182,41.539
341.300,248.907,9.182,41.539
341.016,250.137,9.182,41.539
340.543,250.421,9.182,41.539
340.146,249.863,9.385,42.458
339.340,250.096,9.593,43.398
338.311,250.539,9.805,44.358
336.997,251.246,9.805,44.358
335.684,250.539,9.805,44.358
334.572,251.044,9.805,44.358
333.460,250.539,9.805,44.358
332.349,251.651,9.805,44.358
331.507,251.055,10.022,45.339
332.023,251.365,10.022,45.339
332.234,250.113,10.244,46.342
333.184,251.275,10.244,46.342
334.345,251.802,10.244,46.342
335.717,251.486,10.244,46.342
336.879,251.169,10.244,46.342
338.040,252.753,10.244,46.342
339.412,252.436,10.244,46.342
338.885,253.386,10.244,46.342
340.468,254.125,10.244,46.342
341.418,256.342,10.244,46.342
340.890,258.559,10.244,46.342
340.363,262.465,10.244,46.342
341.313,264.682,10.244,46.342
336.562,265.844,10.244,46.342
334.978,265.949,10.244,46.342
333.606,266.266,10.244,46.342
330.122,266.794,10.244,46.342
329.383,266.266,10.244,46.342
327.846,266.301,10.471,47.368
297.838,250.439,10.702,48.416
292.434,248.343,10.702,48.416
291.057,245.863,10.939,49.487
292.456,242.157,11.181,50.582
294.126,236.696,11.429,51.701
298.719,254.009,11.429,51.701
299.308,253.892,11.429,51.701
298.955,252.596,11.429,51.701
299.779,251.536,11.429,51.701
301.546,250.712,11.429,51.701
302.841,251.065,11.429,51.701
304.608,253.303,11.429,51.701
309.157,258.054,11.185,50.598
313.387,245.595,10.946,49.519
325.458,256.086,10.946,49.519
321.284,243.564,10.946,49.519
319.366,245.708,10.946,49.519
311.328,244.822,10.713,48.463
280.855,253.564,10.950,49.535
281.645,260.222,10.950,49.535
307.036,257.401,10.950,49.535
337.166,256.837,10.950,49.535
341.524,259.867,10.716,48.479
340.310,263.511,10.716,48.479
335.561,265.609,10.716,48.479
336.015,263.813,10.954,49.552
320.098,251.508,10.954,49.552
319.082,252.073,10.954,49.552
318.292,255.121,10.954,49.552
316.599,257.266,10.954,49.552
314.680,263.248,10.954,49.552
297.577,264.691,11.196,50.648
285.462,264.345,11.196,50.648
279.577,264.922,11.196,50.648
247.492,264.003,11.444,51.769
249.025,264.120,11.444,51.769
250.086,264.710,11.444,51.769
250.676,263.649,11.444,51.769
251.266,263.531,11.444,51.769
251.855,264.356,11.444,51.769
252.681,264.003,11.444,51.769
253.270,263.885,11.444,51.769
254.096,263.531,11.444,51.769
254.921,264.356,11.444,51.769
255.275,263.767,11.444,51.769
254.921,263.177,11.444,51.769
257.162,264.003,11.444,51.769
261.762,263.413,11.444,51.769
264.205,263.207,11.697,52.914
266.451,262.247,11.956,54.085
269.285,263.109,11.956,54.085
269.901,262.986,11.956,54.085
270.271,262.616,11.956,54.085
269.901,262.247,11.956,54.085
267.807,263.109,11.956,54.085
